250.40022180292 222.79094982498424 256.48827079334296 193.12442844391057 313.6843168822088 204.86155769613623 307.5964266427036 234.52793905745625 Oyster-SemiOpen 0
323.5630910911277 348.15524547158566 173.78439687039645 431.1315192561077 30.306817626478733 172.15057902881168 180.07834250740416 89.17678809372177 Oyster-Closed 0
368.791846817694 225.30406385396046 421.84898025298025 202.6731236342426 463.4593895528815 300.2222932856679 410.40238393958134 322.85300178830965 Oyster-Closed 0
342.42325449653435 337.07130540570455 290.5834292554937 300.3672670482614 341.29433277252247 228.74960297027727 393.13348722404044 265.45330324219907 Oyster-Closed 0
418.36978054227075 386.84150346913407 388.5678673312941 339.36628480409604 462.05364275418106 293.2406639465647 491.8554967896489 340.7153607423666 Oyster-Closed 0
469.9256759398122 275.27843725567413 565.69042232215 294.5553708877093 539.115292517381 426.5650295763687 443.35064178565517 407.2884319442131 Oyster-Closed 0
332.7110660744074 310.4747142820873 362.46195047970104 316.90822356617366 341.41698513798474 414.21881258923975 311.6661284733709 407.7853892449598 Oyster-SemiOpen 0
0 200.634922 109.470029 200.634922 109.470029 629.841269 0 629.841269 Oyster-Closed 0
375.5184865750198 561.6364549653848 304.6329270138813 548.1652986190409 356.9433407556062 272.96494032477335 427.82277668120514 286.43549163000233 Oyster-Closed 0
172.4529372703546 580.0498465594093 90.97885656548897 520.7126254021035 184.604628501329 392.1845193883004 266.0755640215939 451.5200792008262 Oyster-Closed 0
519.9783883225609 540.793139960773 533.1442793828319 498.03169259705817 624.4361139067769 526.1335519810559 611.2711734638287 568.8941889251299 Oyster-SemiOpen 0
445.9002661913837 590.7630935133806 429.91351886499615 522.4568630637727 526.2071549757093 499.92451487623464 542.194842182289 568.2293702908837 Oyster-Closed 0
318.82810874791176 537.1428558266088 380.77532620431157 541.6154098522533 374.21620428758615 632.4402485309212 312.26899769491865 627.9677833746307 Oyster-Closed 0
553.8751614734792 565.9515116959456 600.9328018852102 558.8973810369738 611.761560715313 631.1166637249403 564.703944427747 638.1706794925948 Oyster-SemiOpen 0
466.74545776171726 164.6106811357834 404.88196660888207 176.65156661383924 385.89296397185535 79.08994907030026 447.7559208681487 67.04911652873145 Oyster-Closed 0
404.8795789347787 237.3121116770113 290.34347374996287 246.9722664510785 276.68771808675956 85.05276767954685 391.2216794908454 75.39270163813596 Oyster-Closed 0
328.2534985373786 452.66778351031905 260.36323528780486 469.04703026392866 233.16242278211575 356.3124808701226 301.05045624644845 339.9335121792263 Oyster-SemiOpen 0
295.79134487416013 639.9999749410231 223.0921356529143 640.6800246260788 221.4727387412131 467.37038179070976 294.16688697514473 466.6903553827666 Oyster-Closed 0
164.30517299457279 107.11306907695779 217.12307466863422 64.875442841436 301.59944353108585 170.51149609745252 248.78180269457516 212.74882735006383 Oyster-Closed 0
640.0001936739864 640 571.6506419999496 640 571.6510222855868 622.1154709999997 640 622.1154709999997 Oyster-Closed 0
484.62029818459996 163.05854208055936 519.0630839684309 159.00811386291943 531.300925160831 263.0693815058532 496.85814434888016 267.1197761269641 Oyster-SemiOpen 0
309.82970945187844 71.89692193487839 330.4772347308608 3.6274733666200403 402.8393023592798 25.512770673686873 382.1918916865252 93.78211773480626 Oyster-Closed 0
262.8432479842013 46.79086516787712 314.70499664945237 30.20140115577775 341.0865743072645 112.67485931593092 289.22484431059274 129.26428175552536 Oyster-Closed 0
