315.8121633101109 213.87474130193937 301.94971343320503 244.45336229294057 228.94016281265067 211.35619923000147 242.8026667960512 180.7777693304257 Oyster-Closed 0
459.0485591318429 303.1381720177076 380.611104302734 310.36807451903024 370.75224013598927 203.40424304907683 449.1880819082144 196.17441637528233 Oyster-Closed 0
102.64610007645388 103.7109576896855 248.70972289347264 91.07604209408149 276.7295906801155 414.98204204624415 130.66606102358492 427.61654912815754 Oyster-Closed 0
322.5110221655632 354.1696511694007 250.4156119631807 291.58762811124797 322.70929258353135 208.3102040946494 394.80378496824414 270.891544688898 Oyster-Closed 0
575.7220694462012 380.07774458145866 470.55341157945804 452.6470046079956 390.2908402316825 336.33756751805464 495.4567451076582 263.76962286726905 Oyster-Closed 0
362.2408246044506 422.16372753038786 328.7034577668237 424.12788172846626 322.4077430574107 316.633839080887 355.94411567966745 314.6697141629942 Oyster-SemiOpen 0
237.11171081296925 349.35915624614483 311.71050077267864 344.27536423988676 320.8483068134228 478.3465284407298 246.24952781225147 483.4302155617137 Oyster-SemiOpen 0
0 216.157223 109.644015 216.157223 109.644015 622.222222 0 622.222222 Oyster-Closed 0
374.8698337460519 562.5812994947194 310.1395980043162 548.6669144904438 367.3853855545167 282.41090819344845 432.1103549707186 296.3247133166205 Oyster-Closed 0
268.7460335033393 537.9369988126358 161.40095764894795 565.5249279694024 128.14039846722153 436.1242493980706 235.48049418866867 408.5369968056974 Oyster-Closed 0
621.7002525730641 525.3673297000871 611.1110640118568 565.5515892424729 520.8234215228731 541.7632625004612 531.4130851450318 501.57974254724195 Oyster-SemiOpen 0
560.5384392642009 513.4095883544625 558.9083556570404 586.782029884117 428.6516459752602 583.8862514895457 430.283641400747 510.515777906657 Oyster-Closed 0
213.96938710066024 475.0137960142945 304.6950251975795 461.5130296652969 330.9458084176731 637.882549648176 240.22028297564248 651.3828208887041 Oyster-Closed 0
571.4841766677273 556.6356081825752 603.4852923084691 558.1347041136031 599.9226270228974 634.16723241424 567.921513201436 632.6681617673582 Oyster-SemiOpen 0
159.03054878763214 104.9181130747548 206.60242639598437 67.3027259632153 292.8578943807952 176.38807482341647 245.28625679769902 214.00318894486676 Oyster-Closed 0
330.85223029978806 65.48513535635246 441.7327441138332 116.82886756619594 376.2831471480604 258.1691509722834 265.4029041118338 206.8258904422118 Oyster-Closed 0
640.0002164026955 640 575.4091859999608 640 575.4096335115901 617.991132 640 617.991132 Oyster-Closed 0
519.6398569038865 247.63017463865413 484.1976695223275 248.81110102547214 481.41107624644064 165.17478359419002 516.8528021812381 163.9938649733554 Oyster-SemiOpen 0
264.51294319289445 90.9920421802239 283.1878384479933 27.988533550837055 332.67280309250054 42.65637708107627 313.99800690480333 105.65979805111309 Oyster-Closed 0
305.86032719991636 130.7878519170452 295.6717644955643 132.43054236682576 287.87302434247977 84.06027024372412 298.06154799996875 82.41758299999944 Oyster-Closed 0
388.78541024379956 88.01594855363787 373.3750002802117 82.23921784349403 391.99583520472515 32.5651924620027 407.4062130141101 38.341916572580224 Oyster-Closed 0
376.70932302542496 71.51858920351503 440.10042733483715 58.1782122193587 462.4888049151923 164.56296848114812 399.0977196503809 177.90328157325484 Oyster-Closed 0
380.63716729870066 84.38502775717707 326.6386931324814 96.11941791591967 310.7669277907553 23.08170130920213 364.7652414474578 11.347329519839917 Oyster-Closed 0
