230.8249908414291 213.35723003680005 244.58598122218973 181.7632349497848 313.39569341027527 211.73276925974272 299.63492302522354 243.32657788052228 Oyster-Closed 0
361.9676187132427 225.47893187390832 428.1300894638116 189.1642798561442 477.6011504816415 279.293057988295 411.43891983381764 315.60736191087824 Oyster-Closed 0
97.08465181305655 100.12849676248761 248.71845770925574 84.213655135127 283.19316348439315 412.6702524155169 131.55949034626246 428.58457374767846 Oyster-Closed 0
331.14304199996695 334.0350879999758 282.79022824630374 289.8054784644723 343.13236819296435 223.84214517152742 391.48473371555156 268.0713856100257 Oyster-Closed 0
412.7963869188534 376.4859346197784 403.75875874880876 310.42553501269316 477.4456055713381 300.34532150036335 486.4837503105082 366.4051056712658 Oyster-Closed 0
468.9456622530997 273.7048219523401 562.2946146328468 291.47417559693906 536.7942083239905 425.4255787184905 443.4453411461436 407.65654148372397 Oyster-Closed 0
360.4203764894919 437.0752001801401 326.041608014566 436.05789973392126 329.8339211631537 307.93346973817813 364.2114845528704 308.9507524904214 Oyster-SemiOpen 0
250.17505030285974 352.4727826150365 308.2034849754564 348.94577143426875 315.7243500343611 472.66898925430695 257.69592186421505 476.1959335799307 Oyster-SemiOpen 0
366.12825926764344 273.11182763001676 429.9983354018332 284.347111189287 382.1550154357101 556.2952867179043 318.28506390811526 545.0604756897956 Oyster-Closed 0
113.00963507310371 611.1484720138914 13.24153374080197 631.6959740074959 0 247.3902379851688 33.84263936633943 226.84436037919963 Oyster-Closed 0
479.6536615544028 477.9496472368266 448.47300915840606 460.4197374068861 477.51548895401356 408.76977498141775 508.69565423505264 426.29951313380514 Oyster-Closed 0
106.92603117880935 540.8794012664825 165.62180079883547 401.5623221742312 260.0849696168734 441.3545723863758 201.39224293998268 580.6690838190875 Oyster-Closed 0
432.51554747330374 526.5433020342151 435.96939372517227 462.88673011847885 534.5061124979111 468.23185061556904 531.0534874156292 531.8872571751053 Oyster-Closed 0
531.0661354946933 502.38651762578866 617.2316917844728 516.9186195921332 609.9280044126499 560.2155220737233 523.7624789953406 545.6835459498698 Oyster-SemiOpen 0
457.348475556646 594.9737063758419 430.984205840723 538.8084894885609 506.9050729776063 503.17877802791094 533.269569371987 559.3430316681935 Oyster-Closed 0
328.2198203202279 638.4002803380552 242.4740328732878 652.7022532571978 213.14165374329605 476.8707162334454 298.88126632897183 462.56926759776724 Oyster-Closed 0
369.0909797196946 632.485143113314 314.9148585729563 624.0838787786379 328.0355648304976 539.5036926724808 382.20969392459665 547.9047993476478 Oyster-Closed 0
599.4025641083135 633.0085650944205 561.2994423890632 633.6385465132948 560.095323607602 560.7913633375392 598.1972107357433 560.1613921402076 Oyster-SemiOpen 0
368.4138350849389 72.71488019728308 420.7306037793023 53.34279041513972 461.0095709367306 162.1203915585588 408.692853411776 181.49238327596666 Oyster-Closed 0
152.01886876799108 102.24751288064793 193.6576439851342 64.78730087445327 288.1793401914183 169.85140801976402 246.54081370092172 207.31135349356137 Oyster-Closed 0
317.95382695614535 70.9517565609311 421.2974990023213 94.06304800925349 385.96544449945213 252.04994506740096 282.6218580106797 228.938877232329 Oyster-Closed 0
640.0003541164187 640 568.4950903982099 640 568.4955804697529 614.529914 639.9999947194738 614.529914 Oyster-Closed 0
316.84740013224655 93.93466210099417 271.05547267849033 106.70898798796969 252.585138699651 40.49861601395442 298.3769052045682 27.72431480875281 Oyster-Closed 0
304.97157780788257 141.94297079375553 290.3576925150992 144.8646282692967 279.0150142751372 88.12996358321122 293.6288282744499 85.20831351798344 Oyster-Closed 0
375.4054875701695 89.18413599675577 316.96148808179714 104.26319161525983 295.06374669370416 19.39090910894511 353.5075410291756 4.311881877902581 Oyster-Closed 0
388.26871858604136 87.68242081540377 366.42710996929964 80.85948634069226 383.3297739060072 26.75086275184174 405.1713323544391 33.573788686355705 Oyster-Closed 0
640.0007696429384 589.1402710000001 598.2825654523185 589.1402710000001 598.2838403432106 458.82352900000006 639.9999954997475 458.82352900000006 Oyster-Closed 0
481.1305505604105 174.92927499073141 506.10511188511737 175.06252173331208 505.720408792331 247.16559759110595 480.7458474711166 247.03235159762156 Oyster-SemiOpen 0
