241.22149653376255 222.73084837203447 250.81975513632642 192.50909253128484 312.6421274834138 212.14280371191398 303.0440540175914 242.36440258843768 Oyster-Closed 0
454.2699608613475 301.50209580728233 384.07602836130536 310.8991079761966 370.27415593482147 207.80031122228323 440.4667556456843 198.40338781977448 Oyster-Closed 0
99.55768034837092 114.59327310137115 247.66483890009113 102.0450437425649 274.83728628409153 422.7493726414752 126.73019413479778 435.2972006636389 Oyster-Closed 0
343.8051343792904 218.8965004857834 399.2784818560176 273.25660593103817 332.0712887121772 341.83560727083176 276.59848655013775 287.47604920453256 Oyster-Closed 0
473.86242033368035 277.3584990673711 500.68666922990815 315.60142397728544 420.13247285627585 372.09854722774344 393.3087314754084 333.85607541188415 Oyster-Closed 0
477.3889537370269 272.6637196612227 575.0751549391134 310.6643678327857 528.6827029442065 429.91184648115797 430.9968494880741 391.9118401078321 Oyster-Closed 0
322.6910081441747 316.8262641282728 358.0212181823299 313.9885793042703 367.0928542659385 426.92304870155573 331.7626500103506 429.760689185091 Oyster-SemiOpen 0
249.64984075850225 348.1238343578861 308.5412081154209 349.0698417194692 306.9128947934223 450.425181196558 248.02152778567688 449.47918806941425 Oyster-SemiOpen 0
360.83416349654726 270.5314479729289 421.03203691622184 277.5898782475645 388.93881695687014 551.2670539875761 328.74099749475135 544.2089197420746 Oyster-Closed 0
0 281.345249 102.114768 281.345249 102.114768 640 0 640 Oyster-Closed 0
122.30981034474098 546.8633707445329 155.84783619415248 408.6110488838403 258.1080088535964 433.41417199483817 224.57303386538115 571.6638717752195 Oyster-Closed 0
508.04041873409005 543.1827866721862 515.5126973958977 497.6804620539048 618.089844772112 514.5213553605016 610.6186119857739 560.0227529771182 Oyster-SemiOpen 0
428.79072247938893 551.8084942092364 457.3906769977475 503.57655320634825 530.4789790168434 546.9060846248708 501.87998557506944 595.1371902768914 Oyster-Closed 0
218.6421080269065 473.90201939103207 304.1059252381092 464.7505892836785 322.68640084410436 638.2342671998814 237.22263624018524 647.3853676671001 Oyster-Closed 0
371.5203074004967 635.4263906647604 313.64525025099283 628.0323326982883 325.03085982243647 538.947893840309 382.90368025482167 546.341807364875 Oyster-Closed 0
558.468380002596 545.7105007714453 599.3943136279267 551.4620621694971 587.3534842712252 637.1184388313809 546.427573621404 631.3669866951361 Oyster-SemiOpen 0
640.0004349012306 640 571.4042849999532 640 571.4048283697775 609.3370770000001 640 609.3370770000001 Oyster-Closed 0
368.70863908770843 73.3660843306904 409.61591970641166 58.06535949857931 448.6952904887585 162.54523915478757 407.78804739078623 177.84588937215122 Oyster-Closed 0
155.04252603757777 108.33075393388759 192.96277717316116 72.92150470068333 279.94907494809013 166.07530289964276 242.02904845536978 201.4843229829317 Oyster-Closed 0
326.2145167187555 67.91064226441952 434.0761113903136 117.38685896129276 365.3071465971152 267.30474849180194 257.44588535024377 217.8290438747132 Oyster-Closed 0
512.6708296643483 234.01238415218373 480.78307972820767 243.23933228813314 460.9117553415126 174.5668609031253 492.7991832863336 165.33996188840246 Oyster-SemiOpen 0
366.943122978264 84.21107181982433 313.2173969084397 94.67445780577036 298.47208358063654 18.96238589942491 352.1976580260525 8.499014910600586 Oyster-Closed 0
380.6493730998045 92.50405071205478 358.96056922589196 88.16792359559047 370.31754503674165 31.3619994383787 392.0062950011197 35.6981211414546 Oyster-Closed 0
309.17149051114393 92.75510300093364 262.5351858854265 101.60387133771178 250.6233696837444 38.823982935482 297.2595245051343 29.975229630083028 Oyster-Closed 0
272.8770694643754 82.80344745698842 286.14108337562357 79.58916349027734 299.62888250847755 135.24726442017877 286.3648712353461 138.46154085094165 Oyster-Closed 0
