311.09930384373 216.85552825669006 297.1141248580534 245.45021543475045 227.12381569348508 211.22004358238232 241.1090306132246 182.62553072202851 Oyster-Closed 0
358.68110578325286 224.07512873864925 423.8065186599124 188.03337922675684 476.632275067459 283.4827169526354 411.50712225120515 319.5240991174462 Oyster-Closed 0
94.76074282094487 105.50363168884788 261.00989954684337 88.61038569624183 294.2124387462536 415.34928357978106 127.96339481108589 432.2419755353144 Oyster-Closed 0
317.34810312882473 340.2118965510575 265.62440795656585 260.23662891746113 351.9385259954288 204.4167077361789 403.6620754595788 284.39112368629117 Oyster-Closed 0
413.04685623377736 368.66454101416826 400.4151942153112 318.3508991246889 466.1266458551836 301.8548144347384 478.7585869801842 352.1680285227651 Oyster-Closed 0
443.617205967239 277.5561730743838 548.0923379809246 273.07956391782227 554.2506226200203 416.79018721152426 449.7754941619496 421.26671373595093 Oyster-Closed 0
330.196965 319.19192 362.45764 319.19192 362.45764 420.20201999999995 330.196965 420.20201999999995 Oyster-SemiOpen 0
259.6719674922497 334.59161490002134 323.5464227008197 340.2619264730407 313.467084540971 453.7905364598912 249.59264159995655 448.12031919937573 Oyster-SemiOpen 0
354.1969600685843 283.7688098912869 420.7910384947172 291.3830581223649 390.9456559294631 552.380554310614 324.35163325848407 544.7666143670667 Oyster-Closed 0
0 281.212122 97.35131800000002 281.212122 97.35131800000002 640 0 640 Oyster-Closed 0
206.02205622417387 582.4221305231281 110.51393951915088 543.607609683985 167.71569079122855 402.8893052044924 263.21907045559783 441.702736444866 Oyster-Closed 0
511.0091954394011 536.7825362538268 520.8096995427331 494.02263809541233 621.6048430446244 517.119576153497 611.8053365992819 559.8786096524159 Oyster-SemiOpen 0
515.569793797622 520.1926020069279 520.5323287590727 575.0500944909522 437.9577948713995 582.5170996126283 432.9962660618912 527.6605411727566 Oyster-Closed 0
219.50663363350031 476.6014735244516 307.0585325063439 467.07513055999925 325.67570934254036 638.1401628957697 238.1238683652191 647.6661664550533 Oyster-Closed 0
588.4429681140318 629.3416952997036 544.2178343835985 630.9990866689343 541.5152305632364 558.8839666919339 585.7389565344056 557.2266017163533 Oyster-Closed 0
640.0007368741353 640 563.5820909999893 640 563.5828049838165 599.1603450000001 640 599.1603450000001 Oyster-Closed 0
361.2335476642329 67.87524924208483 402.29627160886594 53.739213598446995 438.63277833967004 159.28965111631956 397.5700860158395 173.42561973214862 Oyster-Closed 0
152.4360799999704 107.47474600000689 185.1005697590881 78.31429287653857 264.31923040698166 167.05109299669243 231.65490630730346 196.21136679891754 Oyster-Closed 0
291.9867288797832 249.50090212985367 276.6217469766707 83.89938094537264 385.4972467233165 73.79794634223417 400.86321306102036 239.39837688463328 Oyster-Closed 0
432.02062007308996 537.159548539772 423.83828586804157 475.81407632996707 525.3918370136671 462.27062890277773 533.5751546161191 523.6149521637838 Oyster-Closed 0
485.8605707027891 494.0876486086956 400.4855907511228 476.43306735961636 418.93773512827465 387.2207169324787 504.3102408761479 404.8750338065866 Oyster-Closed 0
505.4041542491177 233.62327676124298 474.4322563875903 240.69972085389114 454.419892297301 153.11220158766378 485.3913975258183 146.0358046354676 Oyster-SemiOpen 0
305.0464029669092 100.93993892592307 274.9305699165416 32.33612027534508 337.4677755628363 4.883473137565285 367.5836392056226 73.48720943484814 Oyster-Closed 0
364.79667631814664 26.01832094242543 386.97278287203517 30.68521700884316 374.30883133027237 90.86150729115016 352.1327266578737 86.19461759251871 Oyster-Closed 0
296.79541936136957 94.0170862811795 252.44759808767412 99.98473872738067 244.00148912565783 37.21838276266753 288.3491778512689 31.25073925067223 Oyster-Closed 0
262.43544517645205 84.50785725747443 277.7625442561839 80.32933925264174 296.1583705015073 147.8059279228675 280.83127654957934 151.98443308407917 Oyster-Closed 0
