311.77556140028173 218.84320490682728 300.8447334187076 243.42778362836216 238.80463346904435 215.84420315803953 249.73550060458365 191.2597584710751 Oyster-Closed 0
458.4368773875758 304.28741402659864 392.8268024278077 319.9998939208782 366.28087275363214 209.15589286314935 431.8896095493983 193.44357781336333 Oyster-Closed 0
97.99121182622912 108.16492889239085 249.35833825082227 97.23361736336179 272.2564755125495 414.294031789218 120.88938664805028 425.2249988369892 Oyster-Closed 0
317.85753418102104 347.59907426031305 267.5378433307196 294.78594147911485 340.386837023907 225.38101471694236 390.70604342639854 278.1935948808921 Oyster-Closed 0
481.3492170146492 281.2439694379441 504.14785584638594 325.6808292591884 418.88240268111986 369.4226512864884 396.0843607458082 324.9863011725988 Oyster-Closed 0
420.95567336757085 385.80476607360134 463.61087037723337 266.5068241008658 570.2670701408351 304.6391352741091 527.6139208009408 423.9353385970112 Oyster-Closed 0
331.21612697839737 316.24317861364386 366.6768730547483 317.320865015645 363.16562539075676 432.84564987690374 327.70488007903623 431.76798069657076 Oyster-SemiOpen 0
365.86510597073357 273.0541434224431 426.7265788828081 281.67001851477187 388.3370087073854 552.8187195477593 327.47560957803216 544.2032065911919 Oyster-Closed 0
0 290 93.904974 290 93.904974 640 0 640 Oyster-Closed 0
444.11630704657 495.43666121304506 472.0209294847882 449.94329995295 531.699514954089 486.5425399668047 503.79555588435323 532.0353223124032 Oyster-Closed 0
197.48289551323978 588.6488042134326 101.38973467161122 544.2734596161887 168.52251544201863 398.93387038081556 264.61083495982166 443.30791046884366 Oyster-Closed 0
505.6147555593634 526.9683987177161 520.2504361529282 484.19598947913425 616.6161033677054 517.1631119441086 601.9814192358899 559.9346747159592 Oyster-SemiOpen 0
219.57930727265193 474.4856393163118 312.0682615625992 459.63033052779826 340.41698780194565 636.0924121872049 247.92815905115276 650.947175309466 Oyster-Closed 0
577.4911884155154 628.2975080035056 537.3610718952841 622.6577918776225 547.5922673848254 549.881071518545 587.721114641754 555.5206972794238 Oyster-SemiOpen 0
640.0006315596693 640 558.2050539999909 640 558.2059752907662 596.666666 639.9999196547287 596.666666 Oyster-Closed 0
359.66842042602366 70.26181733696644 397.5010412706615 57.43568016881429 434.0251137578889 165.16803876659674 396.1925222055288 177.99411170932242 Oyster-Closed 0
151.60951611418568 107.32147330582322 186.87143636685505 78.99706641147696 264.24099876821856 175.3156158446468 228.97924030599825 203.63984027241065 Oyster-Closed 0
284.23975842495565 246.41173026966578 272.32304503180785 85.58132396249349 381.94475049363973 77.45916916991766 393.8624483953754 238.2885324817097 Oyster-Closed 0
318.22889387571195 443.36563665212003 259.9389542348217 447.5271461404594 253.0491403349879 351.0232215770463 311.33743718717596 346.8617705675067 Oyster-SemiOpen 0
352.8953112842282 85.35406425308692 293.4562537221791 102.55364773186602 270.44837566281785 23.041959261203328 329.8872309039871 5.842408476951212 Oyster-Closed 0
364.1975808798452 91.50808709990724 341.5514567155333 85.6869900132702 356.51819685117516 27.46139152451146 379.1642634001619 33.28248082321312 Oyster-Closed 0
261.92335536776227 85.34928811689156 292.6243513929512 85.90727244151986 290.9302731475327 179.11651374241444 260.22927710837394 178.55853200636048 Oyster-Closed 0
289.9116193466034 102.5016608118304 240.39204073516885 105.27876665878347 236.469057541035 35.32523677137628 285.98844903026475 32.548136363444456 Oyster-Closed 0
