309.78268113460217 211.8134923553207 297.65670429027523 244.24353403668397 224.11688734639029 216.74684006948854 236.24294835906767 184.31700928449607 Oyster-Closed 0
360.3450402262388 228.18728671037388 419.69535136784543 192.14741779137537 471.7533764464315 277.87292462695655 412.4033274939575 313.91245367393753 Oyster-Closed 0
106.84644781205861 108.95120402649727 241.6213575353322 104.38618752597344 252.613735226696 428.90508448915125 117.83883753334521 433.46995249087945 Oyster-Closed 0
323.98309062962653 235.01155509021248 390.7145482618216 254.92021369611646 363.0060699991009 347.7900609251606 296.27470289109624 327.88161086979954 Oyster-Closed 0
479.356824669012 283.4216070390383 495.92738505969464 322.3081209247614 416.7592620827054 356.0405580123887 400.18917129171314 317.154442724901 Oyster-Closed 0
465.13880912541936 264.19024139723973 569.7464106992265 300.9493627057559 526.8060934513778 423.1363637242965 422.19879829754063 386.377857546045 Oyster-Closed 0
329.60882490398944 310.5714215614244 360.8959044907533 309.66933397455017 363.9984852838825 417.26623319011145 332.71140622564417 418.1683076751014 Oyster-SemiOpen 0
253.80457985673274 339.0524560723245 318.24792093808355 338.41681336230783 319.54484510526527 469.8880363832324 255.10150410766073 470.523666525356 Oyster-SemiOpen 0
372.9052666309144 266.967782983016 434.7225892633287 277.9046257870919 385.1612324913731 558.0042755081075 323.34403145330725 547.0679099487767 Oyster-Closed 0
0 303.209877 93.430218 303.209877 93.430218 640 0 640 Oyster-SemiOpen 0
254.31665691852686 539.0271880449925 148.85355470061768 552.5023534903809 133.6883932656201 433.8159598904587 239.14705970775685 420.3410781212903 Oyster-Closed 0
601.99401446087 519.3427894001754 585.9048268662445 557.220179225538 502.8426675629453 521.9441610655658 518.9320697217045 484.067437805752 Oyster-SemiOpen 0
434.41925072533195 575.705247202543 428.0476350033132 521.0745861439594 513.9734626813151 511.055027803707 520.3459036853747 565.6847220869518 Oyster-Closed 0
320.9481832223537 639.4942540998445 231.93545214227925 643.4973848621282 224.31438770719978 474.00903602994896 313.3211050078535 470.0060372545355 Oyster-Closed 0
312.32727129216073 639.9999928504733 312.32899344409816 552.0978423811538 373.97172492579557 552.0990818976821 373.9711986613838 640.0000505556827 Oyster-Closed 0
639.9999999996362 594.5678677567751 640.0004829376849 640.0003721114542 551.4818380000361 639.9999999999927 551.4822778892267 594.568420725395 Oyster-Closed 0
351.0371891485556 71.14279627377199 381.49518604368495 58.05269644657969 424.55885191819107 158.25228735102937 394.10088969394565 171.34232618425486 Oyster-Closed 0
143.08010758119053 100.13437150465371 179.07921844955126 70.29111409416329 266.7725829150004 176.07201421457796 230.77366258461552 205.91506166324365 Oyster-Closed 0
310.38804803254607 69.73913836651666 415.7840968408709 102.5739224464305 368.95722521832795 252.88025362361344 263.5613146522519 220.04578066181804 Oyster-Closed 0
568.6744545691909 640.5647729361236 525.7017285451002 632.3060710178625 542.5896056611964 544.460744902728 585.5606886529858 552.7192848729511 Oyster-SemiOpen 0
279.7853811063396 4.953718002796228 328.73280359410273 0 343.5357236487471 92.08285916383196 294.5883054938895 99.7279981134759 Oyster-Closed 0
355.593375702083 28.041879148762384 376.1004323951056 35.72913790542505 356.89333279231505 86.96718932408848 336.3862806911493 79.27993959728106 Oyster-Closed 0
258.346271 90.598291 284.922543 90.598291 284.922543 178.632478 258.346271 178.632478 Oyster-Closed 0
231.86341413267655 37.37693507303858 272.7019878602732 28.97218292919348 288.9322531428479 107.83458453815184 248.09368457506935 116.23931832227542 Oyster-Closed 0
