230.0331691885367 220.35699560292335 239.1193450726132 190.68820147929128 309.59541982963856 212.27096833067958 300.50945214818057 241.93958360029347 Oyster-Closed 0
454.8591672537441 290.6980969346434 384.7705766647414 309.36517221539583 357.30172614654293 206.23093607488227 427.3890112949448 187.5640427821435 Oyster-Closed 0
260.76438464893727 423.3350132293624 124.6001849543245 437.3967843282491 92.65826529051992 128.0757691071461 228.81432248272176 114.01440562233986 Oyster-Closed 0
414.6583982773882 264.8036703172567 384.1452736012434 343.8750551905983 293.6786873255187 308.96598399195227 324.19215075758984 229.8954070486185 Oyster-Closed 0
549.9317032918043 406.12677590508093 411.2294361513341 411.90334882864374 405.506457876254 274.4345953854521 544.2039235325501 268.65812221931213 Oyster-Closed 0
466.2267223830713 312.8557799142866 483.86720650036295 344.9468154736167 422.9684412149072 378.4195213986746 405.32828771036293 346.32877060846124 Oyster-Closed 0
325.70595097851765 309.7401660316834 358.2725286634377 308.6631032279941 361.79734839475714 415.231569101444 329.2307714521303 416.30861648513763 Oyster-SemiOpen 0
253.0078242241143 350.02822076864857 306.68090542538266 346.25619060997224 313.95034104265505 449.68321063469494 260.27726578824513 453.4551827885076 Oyster-SemiOpen 0
371.5060289523535 280.4191435280545 429.71400736169016 290.43715632050856 383.78661564063805 557.2596285585929 325.57874137797626 547.2420366759304 Oyster-Closed 0
244.41024563231622 537.4667428897196 146.83303928744863 531.6923312227094 153.22534637154604 423.72437991651566 250.79877610456606 429.49867927129134 Oyster-Closed 0
0 315.801683 100.66966 315.801683 100.66966 640 0 640 Oyster-Closed 0
434.2503095603024 516.9844231992993 433.3335106756567 464.3536919031263 527.295900669269 462.71688055245806 528.2135858120455 515.3467073093574 Oyster-Closed 0
602.0280610188638 508.3102468965797 591.5487709208537 550.4584286371716 509.28474298321817 530.0084417658308 519.7644892874814 487.86095660609635 Oyster-SemiOpen 0
437.26206276143785 567.9818921459492 439.0631882540765 520.411205191716 520.6196521775564 523.4981440649105 518.819343098512 571.0680433335052 Oyster-Closed 0
331.2133768951753 638.3610367077513 243.03327673085732 648.7971123107991 222.59046904677234 476.07818436613064 310.76432409638073 465.6424803200343 Oyster-Closed 0
640.0008407069254 640 556.9858509999904 640 556.9867920956312 591.604938 639.9999335915345 591.604938 Oyster-Closed 0
331.00984929355036 58.02430232585514 361.397950562241 41.64954618065023 424.62903947292943 158.99233916164192 394.2409944105748 175.36700948592437 Oyster-Closed 0
98.81529059566674 173.3352167846786 121.79628096455417 74.58143286494534 267.8528557797108 108.56979416735201 244.87277462190832 207.3227761963126 Oyster-Closed 0
396.5013732339139 233.06306738809027 285.02542699592595 247.90843687474427 263.508688066795 86.33185581326566 374.98245327340555 71.48663567143512 Oyster-Closed 0
548.3507816094789 549.2460575565984 580.2828846046032 552.7104299415988 571.7511792823643 631.3297396900331 539.8190859739407 627.8654275065998 Oyster-SemiOpen 0
333.188040007517 97.37129786125088 277.15780526013987 102.37854089670725 268.9843961653969 10.918495364536362 325.01440564847144 5.911263026991094 Oyster-Closed 0
280.0652061009896 112.95655136690687 241.5016862876655 122.68980773329922 220.96361215903016 41.31737450048355 259.52694836989394 31.584143041335587 Oyster-Closed 0
