352.9913741956989 231.92019911370383 407.34690117649734 186.07739922888484 476.0555123134691 267.54160146895674 421.70040616299957 313.3839489488968 Oyster-Closed 0
70.42196557908028 136.89859900390613 216.97461768351786 103.70975465969829 285.26568409193715 405.2521067887534 138.71336381991568 438.43992997625776 Oyster-Closed 0
318.9249685806135 230.30944394067276 389.15376248893153 256.32353191271073 349.23431733092 364.0850721792179 279.00570413105015 338.0713119439421 Oyster-Closed 0
464.16618933770224 303.7002595770688 477.7521383087151 346.4758816731535 415.31454221469176 366.30452719138 401.72900239187584 323.5292527644506 Oyster-Closed 0
414.5161408662534 396.5238488350099 436.155865129258 261.7736817959258 562.449587170413 282.0537754378769 540.8122909782833 416.8018048879998 Oyster-Closed 0
325.43062341843324 316.5355102551501 360.62700351598323 313.8970433067479 368.33661592259887 416.7314128879187 333.1402404201799 419.3698426142025 Oyster-SemiOpen 0
258.83345582537004 343.4017441041125 310.849073329955 342.31861219461405 312.9083849831659 441.20306949806576 260.89276800434163 442.2861858287376 Oyster-SemiOpen 0
368.3728900949063 276.4927021723619 433.10929073843 286.6315915533605 391.4138140522846 552.8252175545983 326.67750938402605 542.6867492995826 Oyster-Closed 0
443.39444951561745 521.7508816913582 436.1885157492361 446.794330056262 523.808842704675 438.37239829984946 531.0158255249553 513.3277564587023 Oyster-Closed 0
0 325.925925 89.534691 325.925925 89.534691 640 0 640 Oyster-Closed 0
179.31219327998406 592.3893130762222 91.33099236350972 538.0623994558022 177.15125952177914 399.10907098342443 265.12845935023506 453.4343687956584 Oyster-Closed 0
599.6276987771853 504.3990870807918 587.0700721284084 549.1125133059078 518.6205379471357 529.8917323865422 531.1785363669333 485.1789103532752 Oyster-SemiOpen 0
434.53453634014295 565.9259766716117 434.5351542102435 516.5430087868883 522.8350817785395 516.5437567727556 522.8353415543825 565.9258477515534 Oyster-Closed 0
332.1359807047702 638.7094732370543 241.99692765192594 647.5771101215497 225.51495537205483 480.050715844091 315.64783834335685 471.18338158792756 Oyster-Closed 0
640.0007668155013 640 541.1617320000369 640 541.1630349689221 590.617283 639.9998398435127 590.617283 Oyster-Closed 0
96.92327303222555 174.55230861853266 106.39888109712047 77.0221623709117 248.1398411529517 90.79287290715102 238.66498199669877 188.32230998939463 Oyster-Closed 0
365.60720252811734 77.09805543915876 392.90529605517804 228.1258931730573 297.67929111461854 245.3367474290074 270.3822127653257 94.30982883089045 Oyster-Closed 0
233.88208386495535 219.73339473894922 242.46292763389647 193.436526551225 304.8404909990495 213.78998323515646 296.2598107283702 240.08671240808283 Oyster-Closed 0
413.81176194088766 161.71177090693874 384.73127480465337 174.53489206226084 353.68024972565763 104.11766756907737 382.7605391496036 91.29459722747416 Oyster-Closed 0
239.88085048207722 90.67672915445739 276.647095295848 85.54855846793807 289.3206755241408 176.41031643398946 252.5544359786727 181.53846325829394 Oyster-Closed 0
263.1532132292341 7.288145275217848 322.2715949758276 2.2227649570028065 331.42968867010495 109.10728050460449 272.3113084163924 114.17264885655635 Oyster-Closed 0
276.8707123919012 114.25518680375079 232.99207780626602 120.91648639673647 220.14538273935614 36.29390442515809 264.0237996204087 29.632622226605445 Oyster-Closed 0
