301.4447077008663 219.79116817605455 293.2315218052827 242.88162650388887 224.23584823125566 218.34076352396838 232.44909855660808 195.25044177643153 Oyster-Closed 0
450.223977408823 297.38701205378345 383.6464936503762 312.70098081799324 358.8400781501696 204.857161013289 425.41626648104284 189.5433448016999 Oyster-Closed 0
271.17303728635306 403.34042577169186 117.66384163573093 415.67050595922194 93.77177271766413 118.17408336455665 247.27137708614464 105.84441001458877 Oyster-Closed 0
324.094994271436 352.29974918660946 268.12091749285173 292.78913844039823 345.1560323375452 220.33695375273356 401.1295519638952 279.84690650914905 Oyster-Closed 0
475.8301395417948 349.1500775796081 422.93424328840047 361.2665503469369 410.13796034269035 305.40606893146355 463.03314581316954 293.2896809567395 Oyster-Closed 0
456.67234007967636 269.51909754267683 554.4525700085069 281.0680962825191 538.7622700085194 413.90021292652773 440.98207108567294 402.35140942961203 Oyster-Closed 0
321.0987336188555 304.94197398119996 355.3549168022437 300.29298828643743 370.4146728225169 411.2514275020407 336.15850363406935 415.9003437174804 Oyster-SemiOpen 0
357.8557512369298 278.01486220209586 422.8736922896496 284.03851608295656 397.6870203571161 555.8674703903423 332.6691173834115 549.8440676051475 Oyster-Closed 0
431.81636777146196 503.9681873069218 434.128757592116 450.68914279395653 525.1766345787473 454.63982880333043 522.8651494785299 507.9180010123047 Oyster-Closed 0
0 330.292398 84.887969 330.292398 84.887969 640 0 640 Oyster-Closed 0
192.21157932690403 588.6095124981798 94.55403526291775 538.2829894020396 167.3132820988394 397.1287490884023 264.9660520342877 447.45376923346186 Oyster-Closed 0
516.8734249245608 506.32310483107204 522.6417199246498 568.7362423098352 435.623257916086 576.7755628983045 429.85615027668246 514.3635303854661 Oyster-Closed 0
218.02351376536535 483.49782010239744 312.085744177748 464.0573172277681 347.6610943925334 636.1512684883495 253.59908600068593 655.591062346096 Oyster-Closed 0
640.0011885550339 640 536.3783467611211 640 536.3797591329785 583.859649 639.9999513252988 583.859649 Oyster-Closed 0
99.18478699153638 238.12098795648637 54.125976997747784 122.52355397373398 189.05789076379733 69.92914774505651 234.11710434535053 185.52565982612637 Oyster-Closed 0
387.8680145324324 238.50244877676872 282.34221198123123 248.3915579862379 267.1544352488854 86.31541327373455 372.6780389772466 76.42641189176472 Oyster-Closed 0
300.34023201871605 442.9369769583713 239.99661622459826 429.1510210825666 258.39225482559414 348.6431621566569 318.7344640644005 362.42895126832167 Oyster-SemiOpen 0
518.8088702766981 524.0291644664622 530.6337996117509 482.66752330408974 598.4592078969581 502.0543668008455 586.63492799511 543.4154532326988 Oyster-SemiOpen 0
325.5142505718686 105.13414495013367 257.6915833323437 112.85826092252694 246.91050014531356 18.19262105464223 314.7328624188958 10.468523080153332 Oyster-Closed 0
262.26424951244553 114.6174325908965 215.63053022138774 119.44141481581424 207.06535635064938 36.64084649037545 253.698850555229 31.816876302170165 Oyster-Closed 0
361.05861973432184 98.28604064038791 384.51823235998745 90.32172339750637 410.5311200063443 166.9441696289161 387.0715231647773 174.90845499861703 Oyster-Closed 0
