221.8438261380652 209.25399946266768 235.8810875420022 184.4485144194203 304.12799861165695 223.06761470333055 290.09091691463254 247.87294402455825 Oyster-Closed 0
352.21096005509025 241.0842742131979 403.77013938559685 187.24648529099431 467.2426117290888 248.03030188419766 415.68387950545 301.86765386809407 Oyster-Closed 0
94.98412710381672 122.74939294123195 238.16077604125894 114.45022226700846 255.54634147207253 414.3715101959878 112.36970670695882 422.67042619052967 Oyster-Closed 0
347.30515159550123 336.98583652887316 283.4511301248858 291.8183596180214 328.5444146506052 228.07375409210601 392.3977204471885 273.24087293600144 Oyster-Closed 0
409.07544300433074 296.84600277038277 479.9093921598251 284.67291469321344 488.3914637869748 334.02581989797955 417.55753341036325 346.1988366006111 Oyster-Closed 0
452.0505000968842 270.5402667346449 554.7224015695247 285.5064667790911 535.4980418059858 417.37960789889036 432.8261904061219 402.4136614093823 Oyster-Closed 0
322.7305001649074 317.0164905334274 354.247921526694 313.93472356177966 363.75428243132774 411.14795253517605 332.23686734447256 414.22967883293165 Oyster-SemiOpen 0
372.2660451679985 284.2055671987914 433.6924675905175 294.7722924870273 387.8830874641426 561.0396702722376 326.45677435721154 550.4733915735617 Oyster-Closed 0
440.9401531163894 508.55804120264025 445.4732327988313 450.976859993198 530.5764103452384 457.67532817255915 526.0442753989628 515.255623238681 Oyster-Closed 0
261.4772730592085 549.0344087192381 155.4174911825976 567.3807804309542 133.20444485085318 438.9807297598842 239.2592467644863 420.6347999272872 Oyster-Closed 0
0 342.45614 79.5808 342.45614 79.5808 640 0 640 Oyster-Closed 0
514.2880599408818 519.2975687294754 514.2887455548043 568.8888445972882 439.57920800887223 568.8888953496335 439.57927035233297 519.2983645322788 Oyster-Closed 0
324.8640356879332 638.9965939188621 244.31305633770535 650.0412038691602 221.2230095261475 481.6614736286596 301.7685577196971 470.61723259929136 Oyster-Closed 0
640.0012141840853 640 534.6853980000014 640 534.6869881660677 581.2414420000001 640 581.2414420000001 Oyster-Closed 0
82.41383846245299 131.92952199042873 112.25729803314607 66.39273304019709 255.673991533331 131.69966378618165 225.83114621018467 197.23592874492806 Oyster-Closed 0
273.74470506736543 86.10888625823017 368.697821612368 74.36306619845433 388.79569453660224 236.83169617174758 293.84260057937354 248.5773999691477 Oyster-Closed 0
523.4303119423566 522.0034401684209 529.5482275165705 490.70949799742675 592.749799603771 503.0627640139136 586.632321557554 534.3563222566777 Oyster-SemiOpen 0
252.99180306617927 352.49286489819724 307.88266855110123 350.63305973162153 310.693248254247 433.5763871916505 255.8023837748624 435.4361698513967 Oyster-SemiOpen 0
331.0247955485829 74.48048176004497 273.1358573351463 113.05863400303667 225.62703188319574 41.76872636659763 283.51581167647964 3.190646853411563 Oyster-Closed 0
214.2247103941918 32.92083886802605 257.76722880335 39.515709456244544 246.25042564584874 115.5549409565391 202.70790964372281 108.96008409133694 Oyster-Closed 0
294.796747166547 97.041302721496 296.1562782168767 184.00246391265117 244.65307041384222 184.80743850525448 243.29377368623682 97.84649878319411 Oyster-Closed 0
