28.744035140116466 302.9190223508179 44.159961337645655 219.13443920052853 118.46880169410724 232.8062916694277 103.05359196478094 316.5902401344595 Oyster-Closed 0
0 439.111111 29.288289 439.111111 29.288289 538.04376 0 538.04376 Oyster-Closed 0
623.0694465074339 640 430.538391999944 639.9999999999999 430.5483663720952 455.11111100000016 623.0647578917706 455.11111100000016 Oyster-Closed 0
372.49688359625 125.06820217005463 327.5511036317039 34.08662808039121 422.67732706888637 0 467.62314285915636 78.07485358049748 Oyster-Closed 0
640.0002976704855 222.22222199999993 599.0752999216056 222.22222199999993 599.0756319004868 56.88888900000005 639.9999475151708 56.88888900000002 Oyster-Closed 0
615.7980911221239 261.3043017213802 641.0001827195811 315.62192845031393 566.1692364818737 350.33865737614894 540.9677460319654 296.02154277212014 Oyster-Closed 0
541.0686305708805 563.661698528929 440.54914375134103 535.4055578282499 502.4325510833296 315.307324169917 602.945197545414 343.5624659226502 Oyster-Closed 0
302.58351399039384 133.23844488202076 327.1550085279887 80.7380141177385 418.004586115494 123.25742892499224 393.4333955866168 175.7575988611261 Oyster-Closed 0
542.6487800212635 320.5048207168275 490.0446514648502 353.9661724788639 410.373232522179 228.72239765815377 462.97607006265025 195.2616016684686 Oyster-SemiOpen 0
394.15182443473896 181.33333461531788 394.15214452739747 99.55537217969766 482.119096668539 99.55574255948498 482.11915600106295 181.3333127524669 Oyster-Closed 0
82.48622920080379 396.2233463256392 151.6336778591358 410.621557196062 128.99624302212032 519.321538941221 59.848877853000886 504.92360032621116 Oyster-SemiOpen 0
204.44597100002284 640.0000000000286 204.45201249793172 526.9185200674871 354.00135889191006 526.9252674862595 353.9989723116014 640.0031730678038 Oyster-SemiOpen 0
249.5320475401968 47.038319420006516 309.29090528254164 60.5333885880541 284.70842955655826 169.3886500254052 224.94959196985292 155.89364121367709 Oyster-Closed 0
