0 262.6292629872691 21.45713212164992 216.81352621546537 97.48898199031828 256.69071949943475 73.45888484982424 302.5060714525551 Oyster-Closed 0
600.07506 535.111111 640 535.111111 640 640 600.07506 640 Oyster-SemiOpen 0
337.2272228283691 131.9692492256264 301.1983646392764 34.250205350923416 407.14393538342847 0 443.17290562030394 92.90713266385953 Oyster-Closed 0
205.54835070979607 55.80893504293109 282.76292265567463 61.2359986993208 273.6139682826615 191.40330207142586 196.39939964792575 185.9762700728926 Oyster-Closed 0
203.19198919663904 199.2523705234805 176.76341095095268 197.35530785668033 185.05173944977287 81.89240665902858 211.48000486005913 83.78945818988676 Oyster-Closed 0
577.083649 76.444445 639.060495 76.444445 639.060495 224 577.083649 224 Oyster-Closed 0
367.84619732723513 201.87794720731685 351.565194210707 123.5534543417152 442.3693597971578 104.67859470050664 458.65066491001926 183.0026861863361 Oyster-Closed 0
276.68401751732745 137.19084388088226 299.02991645329166 90.52271451183162 387.74972182895 133.00354691887804 365.40409747765807 179.6714426510225 Oyster-Closed 0
498.5447075992852 530.5392915448236 407.03899332060246 459.4012723416975 561.4778039394878 260.7718022935835 652.9793837777106 331.9073943581662 Oyster-Closed 0
65.17711632826831 371.1208255067628 3.2989828681456856 375.01447247200826 0 271.1591781053601 58.64087249938166 267.2655787037302 Oyster-Closed 0
56.79388042786741 413.14724412619785 123.97523602397996 432.5713668292186 92.29600916936761 542.1209092619872 25.114816709246952 522.6971781765429 Oyster-SemiOpen 0
390.96975871485483 214.3092585769241 437.94259412221436 193.14770379277093 506.68341405871615 345.7256078613222 459.71079527167603 366.88679242034624 Oyster-SemiOpen 0
376.5535837697098 639.9998161918703 376.5651424899261 479.2794870951574 572.9311636901548 479.2920224803893 572.9262118266342 640.005892305258 Oyster-Closed 0
197.07757399999537 639.9999999999717 197.08188767108368 540.6559930697326 327.86598603706807 540.6611985189381 327.86451843727264 640.0023621696045 Oyster-SemiOpen 0
