0 229.33333400000004 62.275966 229.33333400000004 62.275966 371.23159999999996 0 371.23159999999996 Oyster-Closed 0
568.0868466463289 639.9999662507261 568.0889280300471 547.55491504695 640.0006107061927 547.55685456357 639.9999999974534 640.0004198478979 Oyster-SemiOpen 0
337.487361673484 150.48324177877953 275.7261322265549 75.88305029946027 368.2717133910046 0 430.0327986231423 73.86531217421546 Oyster-Closed 0
200.56255548370245 185.69769277948723 136.41839783478645 133.2360554520229 213.34216234492487 39.18361142312698 277.4859519980964 91.64501086619495 Oyster-Closed 0
165.05573197136982 92.33671840902812 191.29890614283795 96.76354701880705 176.65140651799447 183.59592180820346 150.40823748975527 179.16911312165368 Oyster-Closed 0
611.0310159740038 230.10902146609865 561.1296800854325 232.11319555836485 555.4142317552032 89.79934733295141 605.3147493359575 87.79518934493794 Oyster-Closed 0
517.2919566521887 276.58560620197625 624.9700258947269 303.4920163529584 568.3588219324156 530.0225109282816 460.68104880221654 503.1170154017451 Oyster-Closed 0
348.7400920849177 207.2978469140256 343.11061208813044 126.57469463513068 423.92720407537126 120.93879556057603 429.5570535727893 201.66154926990043 Oyster-Closed 0
93.05910036702699 450.44621469564305 55.49380687996745 564.8562906335692 0 542.9559614627753 26.350482651250786 428.5473596522152 Oyster-SemiOpen 0
384.5391477562953 267.22380515066084 420.5725275086297 243.6740640426898 483.4827533985663 339.9267103529445 447.449617129314 363.47614342111734 Oyster-SemiOpen 0
349.8344480885862 639.999926689146 349.84389527242456 514.2754107479726 562.9454421432456 514.2893561099297 562.9417787627608 640.008096553749 Oyster-Closed 0
157.14412216933852 639.9999895706169 157.1486947035737 553.8426207068717 302.7328332666366 553.8491101449379 302.7310528146336 640.0037122267901 Oyster-SemiOpen 0
260.070982580437 123.95841758651696 267.9325530650385 161.67901195172124 233.54133751236077 168.8464998558265 225.67985001325724 131.12597839550045 Oyster-Open 0
