0 247.111111 48.281194 247.111111 48.281194 384 0 384 Oyster-Closed 0
39.37986004035338 244.3980108290316 88.39893071897677 229.91105932104608 138.48109102218586 399.3611442438012 89.46214434094145 413.84778963750716 Oyster-Closed 0
640.0003641824878 640 550.0935317185213 640 550.0951259429712 554.6666660000001 639.9985268919409 554.6666660000001 Oyster-SemiOpen 0
306.516260363569 153.74578602895235 256.52513378227013 61.75081894326943 360.18577995964733 5.420759029199128 410.17692447923764 97.41538875815445 Oyster-Closed 0
194.41514491365524 171.70408314462384 141.44083134939137 120.07386001518411 206.7505607156636 53.064809774161965 259.724668913841 104.69483296542066 Oyster-Closed 0
151.19303631821822 75.06427507682623 181.92379750311375 78.90414976521188 170.81854071751877 167.7793638626892 140.0877822712937 163.93950476315473 Oyster-Closed 0
537.8520258590288 80.4902762013044 582.4049571064825 76.91153142356035 594.988123475996 233.56095995683637 550.4351960869099 237.13967126429736 Oyster-Closed 0
490.58455855978536 280.5392704386462 596.5817460490507 293.6209701460518 567.5800469923706 528.588400665935 461.5829183414462 515.5071551095081 Oyster-Closed 0
0 448 57.27783199999999 448 57.27783199999999 568.888889 0 568.888889 Oyster-SemiOpen 0
154.11829099997703 639.9999999999975 154.12222453669528 556.0405632660737 288.3205481508776 556.0461905432122 288.3191260307649 640.0031080404849 Oyster-SemiOpen 0
347.6369471446378 639.999861712174 347.644850120123 512.0802444160688 525.5957404150831 512.090823051178 525.5927695122227 640.005435447917 Oyster-Closed 0
368.88942242148914 280.1534526337073 398.1303079069039 256.64446233142667 473.71177200191596 350.64751108315073 444.4711826463026 374.15617031509476 Oyster-SemiOpen 0
242.65174728177954 181.9550773908121 202.1819000924006 180.97600506685103 203.40680863861053 130.35091938504684 243.8764166097826 131.32998880303884 Oyster-Open 0
249.23369390213338 104.44622626548596 311.5532499659457 113.34556234287572 303.36829304273124 170.66174776328094 241.0487420237041 161.76243844025166 Oyster-Closed 0
