0 261.333334 29.288289 261.333334 29.288289 387.681563 0 387.681563 Oyster-Closed 0
30.235465083896997 244.49071919846287 86.63053916949139 235.19711659269154 116.58647061092779 416.9616267827863 60.19144449739542 426.255019202137 Oyster-Closed 0
640.0003726394789 640 539.097378086226 640 539.099259525974 560 639.9986068301223 560 Oyster-SemiOpen 0
296.3491865724791 151.0158790180367 244.88003725353337 64.19392475877538 345.84456120013783 4.341246884035187 397.31369669520063 91.16288589513465 Oyster-Closed 0
183.69006349945266 179.48016476653268 123.20695388967579 131.86799935848592 192.3591730256885 44.02314430176729 252.84194015534013 91.63510139847426 Oyster-Closed 0
139.32802231633104 190.44442907082663 118.00615970729268 185.43355681140173 143.33205935094156 77.67104692462473 164.65369877332705 82.68189207164725 Oyster-Closed 0
480.32498743174074 278.96080005665937 591.091545936797 307.50446158427894 520.7271349272196 580.5273143957883 409.9610382418905 551.9849075392606 Oyster-Closed 0
0 446.222222 40.284182 446.222222 40.284182 576 0 576 Oyster-SemiOpen 0
594.831909623972 229.98852810855692 533.8211041448812 236.61751636468244 517.4724166563101 86.14875782548933 578.4820976846822 79.51983294315124 Oyster-Closed 0
154.06145338522037 639.9999952850978 154.06407364833285 569.2291347485249 264.4284960893856 569.2328483632933 264.4276334467577 640.0019425749704 Oyster-SemiOpen 0
314.33512761621387 639.9999645917591 314.3441021916078 514.0944226821788 512.982481648578 514.1067697249792 512.9789052999695 640.0069477151405 Oyster-Closed 0
226.791457422878 214.85936448694346 182.21334682581073 212.63134121771955 185.75313184999686 141.81378893027312 230.33082607427787 144.04180180789118 Oyster-Open 0
246.06470173792331 104.62165939293803 301.566862054824 144.05457671960414 269.1539654380176 189.67516434422268 213.65190220472869 150.24236550187726 Oyster-Closed 0
