7.360209032412968 248.0634334117754 69.99879650720686 239.09881791392138 97.52956425450975 431.4506574441325 34.89102398445539 440.4150532294808 Oyster-Closed 0
519.1039680232643 639.9999855426288 519.1071184335306 559.9993195894939 637.9414481644926 560.0036309045952 637.940414973491 640.0021674401597 Oyster-SemiOpen 0
266.1690705348883 126.59498742861585 250.03607291189837 27.94062966074506 368.1583213943668 8.624088003768293 384.29155819081643 107.27812328348436 Oyster-Closed 0
126.03876254361239 75.60350217557689 156.08016265221522 77.38158247243268 149.53719423763687 187.92652047804916 119.49579513304343 186.14844979911828 Oyster-Closed 0
515.365982630392 81.0533595779012 570.072521111797 77.97732072159005 579.0848946884944 238.2574876683385 524.3783597708534 241.33349669664437 Oyster-Closed 0
0 462.222222 21.291275 462.222222 21.291275 562.799658 0 562.799658 Oyster-SemiOpen 0
489.074474648005 582.7290108042464 387.2783529343724 547.0255852534025 479.0789330268308 285.3414264253517 580.8669716025179 321.04332514423305 Oyster-Closed 0
126.628052 568.131868 260.479148 568.131868 260.479148 640 126.628052 640 Oyster-SemiOpen 0
296.6744180000387 640.0000000000193 296.682464120604 521.9707888104471 486.4038336285739 521.9824343992569 486.40066782747454 640.0067417448423 Oyster-Closed 0
177.27401993812236 58.15070916394546 234.98755750537384 81.15189522221476 183.0797249693569 211.39508813305065 125.36626606022764 188.39405549393987 Oyster-Closed 0
234.86136254003213 110.60971448116071 257.5209331110091 166.36501190391857 185.1729817719024 195.76719340674293 162.5137021720002 140.01214199099311 Oyster-Open 0
