6.959206030005589 256.2249102470346 60.493856612447416 254.9349408705031 65.0398800135008 443.58299674442316 11.505230602415395 444.87293450696325 Oyster-Closed 0
602.0739694811346 640.0001433320648 602.0746647580381 563.5554233886176 640.0000475612615 563.5559273496414 640 639.99999999999 Oyster-SemiOpen 0
611.4533844829566 588.1405794636792 598.448512190007 657.5980902152919 495.4320100269979 638.31287594922 508.4381513162225 568.8569809187894 Oyster-SemiOpen 0
320.8222020827816 11.585366188389038 372.3185467030271 110.03483643430434 283.44413539016386 156.52213709010724 231.94815192589886 58.07297577942184 Oyster-Closed 0
218.55576026369818 132.56261983729647 133.34066264418652 177.3074254461418 91.12289838245488 96.9051938726009 176.33745217091928 52.16056043138156 Oyster-Closed 0
113.73753232655872 179.38809867762683 87.95792353019351 174.38966954669482 106.31956862591323 79.69080989519111 132.09894425941457 84.68921575247833 Oyster-Closed 0
511.95560186664807 87.92355344366841 553.802696491548 95.76684097536793 532.9304251315625 207.12720460791894 491.08334226257284 199.28396558441324 Oyster-Closed 0
484.88811913251993 592.0810005331823 375.3237619364518 565.5187465014765 435.62819121776556 316.84200265240645 545.1831011981994 343.40303018446673 Oyster-Closed 0
269.44218093602103 639.9998061376381 269.44863407297817 531.8620407334372 456.44091160858807 531.8725134237636 456.4388739000424 640.0057574432808 Oyster-Closed 0
110.7530940000288 639.9999999999941 110.75513778661843 581.3171536453165 210.12554013286717 581.3200829947459 210.1248196135566 640.0016107778579 Oyster-SemiOpen 0
169.35112450366432 203.9056209909614 142.191995388348 192.26509381574598 164.76756430631212 139.59432932680585 191.92652099656698 151.2348143446121 Oyster-Open 0
