640.0002556925028 640 610.0911664268642 640 610.091632714466 576.7901230000001 639.9998665247404 576.7901230000001 Oyster-SemiOpen 0
463.1247923277988 639.9999630655436 463.12644661811646 588.444182133657 561.6232506499364 588.4470911890734 561.6227579844417 640.0016956104209 Oyster-SemiOpen 0
193.54411750297004 97.0972032059438 268.26199546012504 22.76738766648197 361.9580294474872 116.95215571670656 287.24053488112986 191.281579864555 Oyster-SemiOpen 0
104.7556303832971 203.4955255474807 47.07808861232479 131.6836878924432 140.05144528542587 57.01093755993688 197.7287891949527 128.82236503979442 Oyster-Closed 0
519.9919335043523 199.68166115581369 485.9699951755465 202.8699677049624 476.1564865305263 98.15132082182232 510.17802598144044 94.96303324022789 Oyster-Closed 0
88.40216989003238 224.32655130617118 68.09326000875444 222.89914294374515 76.8626880969532 98.13426990460604 97.17130930694111 99.56166842892634 Oyster-Closed 0
350.1674997194641 558.2211389394624 350.16902483373997 640.0005315767804 220.8833820000291 640.0000000000321 220.88420527587004 558.2229638919954 Oyster-Closed 0
608.9532996854541 561.2932147323195 533.744269441595 551.6835807160103 556.4406498840253 374.1026306387921 631.6450440023618 383.7119644087999 Oyster-SemiOpen 0
579.7006921252614 314.9665367332839 635.4302411585377 310.2302641263093 657.5619837194972 570.6110738921284 601.8324604470399 575.347142517861 Oyster-Closed 0
357.3658311602776 466.5531134183808 434.67961411843135 450.16278704777477 462.9086240365723 583.294787147903 385.5949751225853 599.6846771458886 Oyster-Closed 0
148.90752410326968 271.29358587475645 104.8111258391873 187.69516511417117 206.59596160418005 134.00750736588645 250.69245366168616 217.60521239962588 Oyster-Open 0
