537.3444650275633 206.93548961157637 604.9392150402855 196.07682891345488 634.6313144217129 380.8988754296258 567.0366159999685 391.7573137351655 Oyster-Closed 0
489.99307893696823 265.1592120047907 544.7475436270906 255.92368787849898 592.3692102421046 538.2289233581678 537.6148395275231 547.4640579913744 Oyster-Closed 0
640.0020856772608 578.765432 574.5465788253932 578.765432 574.5493446521868 353.58024800000004 639.9998934705945 353.580248 Oyster-Closed 0
537.011302533574 639.9984466291265 372.1459686686285 706.8891011043227 274.30455213194364 465.77856876924665 439.15461662407324 398.89136690952176 Oyster-Closed 0
419.0638236291852 20.189911600268864 494.7534789473866 18.061946342096057 500.0689898256678 207.12815329295682 424.3793354337686 209.2561019027927 Oyster-Closed 0
640.0003420310532 173.827162 553.4455745215382 173.827162 553.4460206077347 61.234567999999996 639.999945583404 61.23456799999998 Oyster-Closed 0
258.4793317651929 520.146373179217 306.2095278489869 554.7931709452538 256.3378206022753 623.4802988149963 208.60815337604436 588.8341263375237 Oyster-SemiOpen 0
33.95142251596553 238.8081618069951 69.15485769888619 228.9114587052656 89.14170817966806 300.00286627930876 53.93830215500202 309.8994958827462 Oyster-Closed 0
346.256918774161 120.39204742574127 480.9622179813596 112.95500253519037 497.0721702885203 404.738503413567 362.3668909031403 412.17533345968786 Oyster-Open 0
446.5714244828996 469.7432253350555 503.9672892274393 435.6373220086198 615.9108759691298 623.9857540476352 558.5161581212742 658.0901278870311 Oyster-Closed 0
