495.6895749999967 0 495.68958761548856 41.481488241171284 436.82267299132945 41.48148193685107 436.82267913391115 0.0000014884024090766338 Oyster-Closed 0
402.67416247217625 312.27139685703344 250.89742055512033 363.4754904237024 143.09582817622868 43.93682907828062 294.86669226331287 0 Oyster-SemiOpen 0
123.35384294347023 86.6223894810409 233.91720233914384 96.33580298648869 210.69589183593052 360.6457719970169 100.13253913508379 350.9325640415685 Oyster-Closed 0
0 57.283951 110.277998 57.283951 110.277998 406.91358 0 406.91358 Oyster-Closed 0
436.4809249999962 0 436.4809788187267 84.93829624493767 361.5103710627591 84.9382482199382 361.5104173726286 0.0000029159827370213987 Oyster-Closed 0
366.84880916211114 0 366.8489057094848 110.6173092987825 269.2880694942869 110.61718975161224 269.2881956180645 0.000003891403524126189 Oyster-Closed 0
294.2055989871733 91.02995435457602 227.13321382419963 117.13967224975731 182.82646867715812 3.3214513983928837 249.89852777282067 0 Oyster-Closed 0
570.9488161884656 389.49868006616435 611.933372005733 397.63118752568164 597.4314825164765 470.7051096892979 556.4469556521362 462.5726990524389 Oyster-Closed 0
11.354710654632072 473.4991397318891 0 469.8291941784788 2.3875711175060133 399.03980572657576 23.602054414513987 402.70970974374177 Oyster-Closed 0
640.00029152965 532.0809629999999 617.8659046940447 532.0809629999999 617.8663226561912 438.518518 639.9999702842615 438.518518 Oyster-Closed 0
104.1385589876154 287.45033465972193 310.5021135677089 233.9016259265764 415.5393819092569 638.6433302415829 209.17740566314023 692.1883032341519 Oyster-Closed 0
420.5301021962805 470.8927075028696 463.7728228903143 448.55415748743917 539.402570885577 594.9284691000171 496.16034696198767 617.2662839321591 Oyster-Closed 0
509.67891142521694 566.8214240652068 560.8845225871482 547.5483898065031 594.6934541274095 637.3509480625532 543.4880584035272 656.6235705408897 Oyster-Closed 0
429.4469277918688 25.879478570273363 510.85252534052415 44.18878536073721 489.3526379847026 139.779700341169 407.9470579599729 121.4704478683411 Oyster-Closed 0
0 28.529756124703894 47.842762314903666 0 192.59671749547124 135.3377201748774 110.27757788717281 203.45713664391016 Oyster-SemiOpen 0
617.2501680975256 203.04671977230572 552.669434617128 204.69729443150186 548.2120993698481 30.281897906188952 612.7918253407552 28.631336387592043 Oyster-Closed 0
