0 73.39592415084148 37.95748041367915 0 177.77885989911738 122.40133451717226 108.4070826532843 199.38744993310183 Oyster-SemiOpen 0
0 99.555555 114.25654800000001 99.555555 114.25654800000001 440.888889 0 440.888889 Oyster-Closed 0
110.25804199999999 120.888889 191.227792 120.888889 191.227792 382.222222 110.25804199999999 382.222222 Oyster-Closed 0
574.5871118202922 49.23724766399399 662.0175808620115 84.3517996407512 587.6228823255951 269.5808723731167 500.1926299268962 234.46675162590537 Oyster-SemiOpen 0
121.88363335779286 309.94554753074675 384.77659090021916 292.8324068329564 407.3756267672434 639.9538944564573 144.4828098975995 657.0659962575696 Oyster-Closed 0
428.5946704333037 276.8156916561743 298.26021860288165 374.03001673033907 97.86493229556072 105.36637201409954 228.19548908846627 8.154159930972462 Oyster-SemiOpen 0
290.1397219836508 135.384468079856 227.2844016131421 154.23393382388488 187.11734848635388 20.29305345773949 249.9722344447946 1.4436524872089798 Oyster-Closed 0
492.11575636581983 0 580.574788327649 6.607194174022927 533.9207006224024 189.1443199282298 445.4617256045458 166.53560320824073 Oyster-Closed 0
373.23514538584277 0 445.57248127879575 1.5011702656710573 426.3441491933918 140.95852081593122 354.0068202357361 130.98473369461647 Oyster-Closed 0
354.9912465341913 139.27426072509076 272.05480270546104 140.72873736284012 269.5873447696795 0.011221250028155983 352.5231955273921 0 Oyster-Closed 0
