247.76700067843194 9.455864255304233 294.7644863119058 18.264566862505628 265.57173394743586 174.0172056722405 218.57426399241376 165.20855022123695 Oyster-Closed 0
0 220.36921068925636 73.47533084997849 131.68469898223697 211.31929140450666 282.7927924126542 114.0994170490012 371.47563368766555 Oyster-SemiOpen 0
443.48407494493586 538.8444728949227 313.37760468981287 594.9251227054478 146.91900912497658 208.77970032550178 277.0119221937057 152.7024379927477 Oyster-SemiOpen 0
220.07911204251286 214.74329592724632 311.93132811917167 211.5155107124708 317.2123286374699 361.78737109803086 225.36011432355735 365.0151043437068 Oyster-Closed 0
120.13022070779698 619.4283126259218 8.114200903728488 600.9069283164071 62.83696785270877 270.0535796272184 174.83963892940665 288.57377434625454 Oyster-Closed 0
0 245.333334 63.275592 245.333334 63.275592 391.974343 0 391.974343 Oyster-Closed 0
135.99222862554598 296.2946536760903 208.3682392664923 293.1646189631795 219.40301714173984 548.2931973378584 147.02701460038952 551.4231069956169 Oyster-Closed 0
168.236382 506.66666599999996 380.15721499999995 506.66666599999996 380.15721499999995 640 168.236382 640 Oyster-Closed 0
463.6233146507584 85.07952468587277 574.4181583521276 62.26662358639389 623.1897915826266 299.1299960003606 512.3950932542357 321.9425007802067 Oyster-Closed 0
603.3016348313686 183.95957556457446 665.1573277363059 202.75883164145307 615.2086840219999 367.09733088121607 553.3531256322021 348.2984089523665 Oyster-SemiOpen 0
0 179.35798367631457 53.30767179293616 74.73009860705004 252.6768658529909 197.92464665609472 188.02591068146285 302.5507412324324 Oyster-Closed 0
35.442729876740486 70.80323303902078 95.10816916750628 18.084541880606647 255.2797630457644 199.36039097645929 195.61491303313232 252.0784726396943 Oyster-Closed 0
481.1194929588237 0 481.1195265704009 62.222222589174805 382.1564358744945 62.22218477678066 382.1564736684377 6.982853972265167e-7 Oyster-Closed 0
474.1621142822987 77.12922272675654 479.9357691969635 0 585.720790491323 5.867284779228369 579.9472742345097 84.86089033598476 Oyster-Closed 0
399.3990150195168 155.82130565703662 470.88164406894066 160.69310521207913 459.08613035477174 333.75900847079913 387.6035096948908 328.8872846171594 Oyster-Closed 0
278.0401229999552 6.361109362927034e-14 383.4400429017114 0 384.1853976495622 315.89691178577493 278.78547729014826 316.14539770047304 Oyster-Closed 0
515.5360958380334 257.46914888817446 403.9012496381474 284.79763829354084 354.4933050898544 82.96968788543708 466.12551941398124 55.64152106859226 Oyster-Open 0
