235.8758062843117 326.87770882655195 243.64660693478072 409.73573259536664 11.267860374427983 431.52194925834493 3.499999999985448 348.6666659999696 Oyster-Closed 0
248.5344135818741 406.05472643100603 238.09641193402058 506.83492161547144 0 481.77596318280973 6.611111000020173 381.00000000000585 Oyster-Closed 0
422.97635070404795 565.8395042336418 412.394080813101 506.5860587723264 519.2174787280237 487.51165791886854 529.8007222061278 546.763830013179 Oyster-Closed 0
137.73360799023067 519.7626090579198 211.25492663115438 451.97613346123114 315.01739503357385 564.4947670466174 241.49809807204292 632.2791477423085 Oyster-Closed 0
314.4524502386048 620.347186985381 292.19419493252644 548.5817858828109 406.73087173759995 513.0659696190722 428.99012453184696 584.8295446957518 Oyster-Closed 0
497.7945490000275 639.6226420000169 496.5418403552758 519.69771073291 636.1593290000019 518.2389940000223 637.4156118575047 638.1603602156198 Oyster-Closed 0
517.2763452769868 547.6555324564869 528.4071392878104 634.1488693537711 268.9840348985308 667.5112464558697 257.8587974589027 581.0227065101553 Oyster-Closed 0
0 104.76401809584296 100.69952730707882 5.876569149603221 279.1399130507489 216.97042773670233 162.15691467936267 315.8562440711053 Oyster-Closed 0
350.29248969702167 389.415938566109 254.88101047019882 214.65711810383652 494.4347329362063 83.87595573219635 589.846444480645 258.6304652999341 Oyster-Closed 0
6.013213949845522 347.6356572784767 0 285.9579502840635 122.65238050647895 265.6714163252907 132.5425051368802 327.3481973546741 Oyster-Closed 0
