100.51059743556834 414.08851647791613 93.60708470812824 357.93670253672417 261.6106360181584 337.28228646954784 268.51528492239595 393.4327988053233 Oyster-Closed 0
611.0540783582837 342.93913223788763 624.0268411004945 409.89540624075846 470.55996899609454 439.6234717040612 457.5889368285425 372.66870778644056 Oyster-Closed 0
273.71135252433305 388.7114309951337 271.04603172425414 461.43062463489855 80.027128903821 454.42678278853964 82.69455010158708 381.7098306145439 Oyster-Closed 0
596 12.666666 639.555555 12.666666 639.555555 80.33333400000001 596 80.33333400000001 Oyster-Closed 0
457.0301615000062 459.09571477575577 450.5357677590655 502.3885114560955 378.049873395139 491.51590335069136 384.54472510449705 448.22366309615927 Oyster-Closed 0
203.7890888855327 467.54571484508153 255.93658229561697 427.82188281423913 319.1698582677782 510.8178156915005 267.02303304533416 550.540890713243 Oyster-Closed 0
321.091712252819 525.2676440183725 315.5080523202196 478.1215369098777 381.6393245816289 470.29072175562453 387.223484572969 517.4362468339627 Oyster-Closed 0
437.61777827021433 645.782167056176 271.7732009111205 637.694080216039 279.2075356773421 485.4068468905646 445.0415081455867 493.4946748395422 Oyster-Closed 0
249.97814368507534 583.4917606899544 208.43569737800863 657.965713717362 90.64706620112702 592.2766492065111 132.18960628524655 517.8048982409093 Oyster-Closed 0
104.04296433021955 254.3733358674416 81.23898299134453 118.26620980383106 244.2061205333448 90.96263305312861 267.01122986931296 227.06818910634513 Oyster-Closed 0
268.95525418214675 310.8826015778046 162.87472169969988 342.8816342234359 108.16661411940004 161.5215781499469 214.24385505524697 129.52307660249414 Oyster-Closed 0
433.88740883274295 184.88665677455455 491.19860634709767 302.2965262999393 329.5645151345525 381.18726448911343 272.25587844484835 263.779569953179 Oyster-Closed 0
557.0116455802781 76.79159073985437 532.0500146255654 169.87312862344723 327.1263038823963 114.91830757318749 352.0883126514673 21.83771791744519 Oyster-Closed 0
426.4758735844953 0 446.0084237495903 54.55283188568562 321.08489098012797 96.20948324812306 301.55248666771513 37.63405831687126 Oyster-Closed 0
