367.6254887670075 678.0521952777054 162.2273238778871 634.8949865860264 229.44696855462098 315.0914433905351 434.82253141512047 358.24629617929673 Oyster-Closed 0
575.5856314934499 0 729.774246414454 156.50848931946925 485.78306811388757 355.186490025092 331.59796255102265 165.84137054261546 Oyster-Closed 0
360.482371229009 480.26493601982486 362.5219605914026 238.30337514925898 641.6288424757659 240.65556081108548 639.598611849724 482.60770323322254 Oyster-Closed 0
273.11601900000824 639.9999999999998 273.1262965017231 526.1228807308448 528.2078161858226 526.1410026368928 528.2038085984095 640.0119780028393 Oyster-Closed 0
640.0067922651215 640 402.92692314797023 640.0000000000001 402.9367520332744 463.636363 639.9998288059578 463.636363 Oyster-Closed 0
72.09755769559706 0 253.5757327346073 13.574047322461931 160.20576530827384 348.3805834611215 0 297.7722299618639 Oyster-SemiOpen 0
225.0693147109996 83.56448716242612 316.3921709332499 116.01891987365559 244.38003583796672 318.64651458161694 153.05740468669683 286.19260441555906 Oyster-SemiOpen 0
116.02174673920672 260.2468075544927 220.18230721449072 295.23910113860046 152.6880614271795 496.12747231821515 48.527980916042 461.13619807659234 Oyster-Closed 0
288.83451463821984 31.59543367151191 459.656975657781 166.11282107898856 131.76243174282718 582.466714960827 0 447.95748194204265 Oyster-Closed 0
342.9092600000149 185.22727200001245 256.01144194894005 72.4012423436382 493.1451916482911 0 580.0426386340405 2.588255963486871 Oyster-Closed 0
11.530487841955619 638.8038209993259 0 565.800644090471 81.41628093391773 468.4064400902273 137.75663206855825 541.4071664490707 Oyster-SemiOpen 0
207.75214506793418 1.1318949658942752 313.2913816929067 0 338.38083029499103 46.800801354062564 232.84160585426434 80.2631691433404 Oyster-Closed 0
267.591723000005 339.4736850000107 274.14671359656495 248.46474204074093 362.260706687739 254.81073311869477 355.7066641529673 345.8188018877868 Oyster-Closed 0
