516.1173093792604 417.3894045413249 441.30873934729607 451.70887806492834 339.9522698866349 230.79012908102683 414.7572348789254 196.47159989054163 Oyster-SemiOpen 0
439.5855049700913 599.4485815018729 365.91499190675677 678.7827247552414 139.39415839435242 468.4731792652376 213.06036005385977 389.1441324711757 Oyster-SemiOpen 0
254.94907833039179 77.1249976915137 221.0946180640167 146.65466915190652 137.7413712481939 106.06947280197028 171.59588260568853 36.54001058534384 Oyster-SemiOpen 0
288.1028042121761 199.52710459282275 268.70804636142566 170.46988486989716 365.9801726293517 105.54490205921977 385.3748952281603 134.60193501174177 Oyster-SemiOpen 0
198.88888800000132 639.9999999999874 198.8915526578785 574.9827044788492 316.4875736465183 574.9868786790607 316.48663696600124 640.0024427665905 Oyster-SemiOpen 0
74.21356400001969 640.0000000000256 74.21737428565393 559.743087753132 207.96967381400464 559.7480270872622 207.9682516765024 640.0026043894235 Oyster-SemiOpen 0
187.05623375171854 216.805606479188 360.0546278992988 245.38775788543887 329.30588903640455 431.48633762528675 156.30760058265878 402.9048370672085 Oyster-Open 0
237.2847996728524 451.81633154186846 304.3172234398662 359.04991370713566 530.4375070684182 522.4158640499066 463.41028976850794 615.1775685483799 Oyster-SemiOpen 0
0 66.45095516873495 2.388089537853375 0 175.12550800471217 17.56196194898625 160.84740176644118 97.35902926495996 Oyster-SemiOpen 0
174.0229304099921 250.28519224825277 182.67409265681636 284.6440934920212 87.38916629954474 308.63371789157605 78.73841291460849 274.2751714512629 Oyster-SemiOpen 0
0 280.086022 179.002994 280.086022 179.002994 640 0 640 Oyster-Closed 0
478.1241839825816 639.9995232988375 478.13059580621484 467.9555417566743 640.0006691602903 467.96270901691315 639.9999999987631 640.0007678975246 Oyster-Closed 0
640.0034859409789 456.258065 523.1545290661597 456.258065 523.1569806094922 259.44086000000004 639.999798009303 259.44086000000004 Oyster-Closed 0
475.02153259396437 179.52349919575892 467.3049313593947 137.67263222840845 636.0719087124016 106.55451576105347 643.7888141453004 148.40503274078327 Oyster-SemiOpen 0
373.2031531594839 61.938511949498775 382.7628481402644 0 572.1140599788487 4.928783566669019 562.554581551085 84.64535654213807 Oyster-Closed 0
560.678472 14.451614 640 14.451614 640 121.806451 560.678472 121.806451 Oyster-Closed 0
650.8855666495947 219.555232284965 638.2491360048152 287.1804357618236 501.81361243849096 261.6859290147044 514.450685838674 194.06153540897083 Oyster-Closed 0
524.3995570109837 351.96617285537826 441.08604931476293 331.52847131180806 482.40530190429126 163.10786196892514 565.7162307502585 183.54523718792467 Oyster-Closed 0
0 141.075268 50.190218 141.075268 50.190218 248.430108 0 248.430108 Oyster-Closed 0
42.30407817849482 115.78942225878022 130.97300380184606 143.44100365383414 80.32675939131877 305.8407496058503 0 278.18953378201167 Oyster-Closed 0
142.28132599324454 186.7429585250123 169.75214234378655 255.3913057509667 108.61348477257707 279.8555702881169 81.14313334684994 211.20761823751735 Oyster-Closed 0
164.99085720352014 263.03870968587637 141.84128696615517 168.65316372112673 271.7026326681662 136.80327468806252 294.85283845555387 231.18789775896272 Oyster-Closed 0
279.2682523651456 171.51958433782593 215.50427034475433 124.97348325280967 290.4258983699401 22.33875255358845 354.18949436549156 68.88465000038609 Oyster-SemiOpen 0
25.235547492920887 133.1751674599143 82.59238105187251 52.53793540825451 205.89816120249452 140.24388680753017 148.54203259739734 220.88048849706766 Oyster-Closed 0
563.2538979969831 40.76798324944721 591.4629826914461 130.98104201451886 386.1825690248952 195.16906546379892 357.97443395422306 104.9567836811998 Oyster-Closed 0
341.9852148026257 271.6284381695777 277.906603147203 219.7126561542893 342.57999866815226 139.89079626009365 406.65795293090923 191.80615865680284 Oyster-SemiOpen 0
224.1049209999619 61.247311000023565 283.98392311195494 0 425.03593399473175 27.475202661663232 365.1571999007865 137.80186312171173 Oyster-Closed 0
220.03996899999038 0 220.03998194617452 40.60215437945005 132.1744433115964 40.602141171737145 132.17445619331556 0.000004934701164799027 Oyster-Closed 0
