21.187808366958052 639.9996957303102 21.20209999899089 400.84768308438754 301.59566095688206 400.8635904293275 301.5942647360498 640.0026376676477 Oyster-Closed 0
0 351.871361609306 53.424841829473735 138.18448388885247 398.20551253287704 246.57483750277197 331.03279386145005 460.25333513659257 Oyster-SemiOpen 0
387.0656811392837 343.51385062208414 342.1486355266825 198.75263389055385 630.3567514268798 109.328282201153 675.2757251189178 254.08561534210915 Oyster-Closed 0
470.7564768681914 0 470.7565882590279 74.02134052380875 163.72041442940827 74.02105954234369 163.72060900001088 3.3395824155366926e-11 Oyster-Closed 0
639.9999999998545 0 640.0002271327685 120.71176425862132 462.45921068359166 120.71151277796199 462.4594597826217 0.000031537857417716464 Oyster-Closed 0
643.8571780204074 46.1428557305969 638.5316932692513 174.91419613161702 167.83218264361494 155.44282065499775 173.15975185592833 26.673879593588794 Oyster-Closed 0
84.21282285024063 183.8399036578352 102.71357148041716 40.284106069077154 479.49558001921105 88.83967791476462 460.99781484459527 232.39279249692095 Oyster-Open 0
279.0964660406462 544.3665706392857 263.4159550540062 357.7270417856255 593.1489714095369 330.0229693531535 608.8385454005765 516.6528557265941 Oyster-Closed 0
259.3322141747194 485.3652438242558 216.69360577550833 411.2329692503991 445.6889945475996 279.5333790197908 488.32783923950046 353.66315410228225 Oyster-Closed 0
391.38829372037435 487.91578106396963 378.83234157503466 284.15375905139615 639.854186285811 268.0673345579643 652.4170144015079 471.82289593065786 Oyster-Closed 0
0 62.00079000000001 79.108131 62.00079000000001 79.108131 221.795701 0 221.795701 Oyster-Closed 0
2.84195627697045 307.50760481279724 0 216.20146167026152 119.38920152570063 106.08704359028906 177.09056340034294 197.39188347257988 Oyster-Closed 0
381.6977939999924 621.2732310000182 375.439264348679 527.39914225874 605.7248591821553 512.0446579825988 611.9876107427262 605.9143980818026 Oyster-Closed 0
385.9694759514241 482.2172793518019 448.8013090183813 576.6272118775553 241.49328811989108 714.552235391431 178.66734283350524 620.1474833973167 Oyster-Closed 0
33.405584791325964 648.2298509454973 0 627.5385403497016 9.536882302199956 383.58001499868055 93.51716199998918 404.27046299999796 Oyster-Closed 0
214.17100044527615 0 228.67336528848682 112.77199279258267 10.1587460628798 140.44779121819636 0 25.948169148389045 Oyster-Closed 0
361.8790560000343 640.000000000033 361.88402044230315 587.7347278071046 632.8331853546842 587.7540969253021 632.8314614830742 640.0161063351957 Oyster-SemiOpen 0
