172.9248790724523 203.32151073139866 117.2399037417199 149.03436683517393 206.17472221987555 57.81119305263678 261.85931721207453 112.09797988360572 Oyster-SemiOpen 0
169.7084310851642 201.79858618993794 263.57400079636136 170.48307842274346 311.4061871145532 313.8504116889937 217.54083877509402 345.16547117767243 Oyster-Closed 0
131.8044352724246 112.96170245243562 193.70841811170976 208.2177097105615 65.07122052462364 291.8112920019087 3.1684618431609124 196.5563602033506 Oyster-Closed 0
267.9114876931999 469.4175736759681 248.9819766915025 316.3066352398723 392.374292753957 298.58071610004595 411.3065177408862 451.68844981211294 Oyster-SemiOpen 0
0 500.108343 117.759885 500.108343 117.759885 640 0 640 Oyster-Closed 0
41.914890637708595 261.6160031115486 160.0487525878998 201.4248459324786 226.64946867669642 332.1316480746171 108.51626686686359 392.32182687387103 Oyster-Closed 0
266.02816946840903 103.141929 135.11029338318622 103.141929 135.11053704438382 3.180554681463517e-14 266.02787348412676 0 Oyster-Closed 0
291.2411725913262 81.65683958584127 381.2056566589308 93.35092430499392 359.3328599252709 261.6186989467203 269.3683913649875 249.92474151097096 Oyster-Closed 0
245.75378070687293 493.7954492673211 157.05495904643612 467.2092145869822 203.54637224489124 312.12946009540923 292.24113806165406 338.7150422729491 Oyster-Closed 0
0 49.404117 80.69286500000001 49.404117 80.69286500000001 157.746478 0 157.746478 Oyster-Closed 0
110.08082799999102 0 110.08084598273854 51.13759958831179 45.20315489236964 51.13758528733591 45.20316925510997 0.0000035586524461990955 Oyster-Closed 0
98.61280540157168 156.85947702011592 45.21852393183508 147.3539023937707 72.18180165909871 0 125.5754956509918 5.406298454497066 Oyster-Closed 0
0 0 54.667085 0 54.667085 60.312089 0 60.312089 Oyster-Closed 0
0 375.297942 119.337205 375.297942 119.337205 499.24160299999994 0 499.24160299999994 Oyster-Closed 0
447.96016875749046 417.9352478858117 542.0769287261646 529.5025987612049 436.02908146902337 618.9421500549835 341.91547298316436 507.377762998567 Oyster-Closed 0
568.9262156035693 325.68678209725414 661.7025029676006 345.87116312872007 617.0786500134273 550.9546271733586 524.3025664768356 530.7709357651386 Oyster-Closed 0
477.68602863739943 273.95923187105063 584.3308701772185 263.85193700168276 596.6337938039214 393.65420929243794 489.9889821290708 403.76134301607004 Oyster-Closed 0
538.192569 17.334777 640 17.334777 640 165.547129 538.192569 165.547129 Oyster-Closed 0
457.21052754481207 31.890220183190344 421.1018752378004 127.82973068861352 280.12347954725556 74.76964449456845 316.23223979935574 0 Oyster-SemiOpen 0
436.08385802726843 596.0801506184637 382.4027146881417 656.5611373542026 298.453419464131 582.0682207483263 352.1334642430884 521.5887364487081 Oyster-Closed 0
265.80582778369717 533.0248152489844 182.877367901674 605.5692015415427 61.29688302455179 466.6087918167529 144.22193751895975 394.06693462043313 Oyster-Closed 0
365.95417739816185 458.59431179504145 369.1145953082014 554.3793800715204 266.6755324594851 557.7568724349327 263.51702675558045 461.9736725853449 Oyster-Closed 0
488.66097291451297 108.88955324571798 441.30529132540687 32.41449220442115 599.4371015827346 0 646.792633014702 10.969448629142116 Oyster-Closed 0
596.227575 449.2336690000001 640 449.2336690000001 640 602.970715 596.227575 602.970715 Oyster-Closed 0
657.9925191595976 624.0567474618749 576.2679303568439 696.4723477028032 461.32123696879717 566.7791289345997 543.0423149999842 494.36619699998766 Oyster-Closed 0
262.2336306310899 627.1369492679413 131.37531640313682 616.0635926951281 138.0289159631502 537.4828000347391 268.88271840325615 548.5559628249416 Oyster-Closed 0
134.09154200002376 640.0000000000343 134.09241515597387 614.0840756777998 232.28190241614357 614.0866313810387 232.2816224800772 640.0019605326904 Oyster-Closed 0
64.68054199998733 640.0000000000284 64.6824499862123 566.1962145389525 130.2780450735736 566.1977622592369 130.27722346116207 640.0004778029793 Oyster-Closed 0
0 223.94366200000002 73.247362 223.94366200000002 73.247362 347.8873249999999 0 347.8873249999999 Oyster-Closed 0
0 211.267606 18.139743 211.267606 18.139743 256.501228 0 256.501228 Oyster-Closed 0
0 153.758048 37.363331 153.758048 37.363331 209.290543 0 209.290543 Oyster-Closed 0
610.3523154465802 235.10942034802747 556.28304961705 310.9549057678886 461.3278185195668 243.2646952218567 515.3968328001065 167.4199961366437 Oyster-Closed 0
370.948172551216 236.29367456857292 426.49707176184165 214.08385854235888 474.05739373047254 333.0305753801895 418.50866319764464 355.2400890668696 Oyster-Closed 0
