292.675475 29.870521 640 29.870521 640 484.673291 292.675475 484.673291 Oyster-Closed 0
604.069221000027 0 604.0692533436231 40.46971382748957 357.92934826742567 40.4696658674688 357.92938522368786 0.000005652425116327465 Oyster-Closed 0
0 0 214.827037 0 214.827037 222.583559 0 222.583559 Oyster-Closed 0
259.24329597793985 0 314.0882151232654 59.87630880149781 223.97326592741592 118.00731866967338 169.12850515531318 32.98698903212479 Oyster-Closed 0
499.4799625291489 0 647.4966788230086 36.17323959729545 187.15047753750696 411.4284841110842 39.138614017065265 229.85866553190618 Oyster-Closed 0
0 253.417645 119.11174700000001 253.417645 119.11174700000001 516.470943 0 516.470943 Oyster-Closed 0
75.52972826895711 419.9556954850498 69.01597259369737 278.16666514150324 358.90069111221237 264.8481105947699 365.41943067801185 406.6317897385857 Oyster-Closed 0
109.44436861413124 481.519923937067 99.59418770420598 439.4179808889336 222.66398602136178 410.62789085031307 232.5147758400999 452.72895717200834 Oyster-Closed 0
100.34296133402677 505.0190253436655 65.22774370001571 455.44764096876924 195.86066545532958 362.9239730973728 230.97544510266744 412.494013062199 Oyster-Closed 0
596.043729346784 56.82906100111873 572.711543833866 110.9085092566818 506.06367619882803 82.1537962298484 529.3958864978049 28.074465713344566 Oyster-Closed 0
0 494.308943 87.20665 494.308943 87.20665 640 0 640 Oyster-Closed 0
56.5644990139117 639.9989985498563 56.58900459500728 395.04709489068136 467.51740708707075 395.0770965375895 467.51184204622405 640.0114182288571 Oyster-Closed 0
640.0090208423353 640 333.85431900002004 640.0000000000001 333.86524156194355 478.8919000000001 639.9993131119118 478.8918999999999 Oyster-Closed 0
543.4414712052239 511.5446977137304 548.7018181043823 480.2010191144649 613.7354432818393 491.11332008372483 608.4755313293135 522.4566114219685 Oyster-Closed 0
640.0001851397246 611.863897 618.1071376804175 611.8638970000001 618.1075581293408 547.3050289999999 639.9999987154297 547.3050289999999 Oyster-SemiOpen 0
