3.4195991238811985 46.285704527442164 16.281524079749943 0 267.52735025962465 11.483460189519148 254.665672045885 88.33431963709087 Oyster-Closed 0
639.5571354146523 510.66659278744913 499.71086319113965 517.1449495990307 495.71346933931636 430.81159435200755 635.5555549999553 424.3333340000004 Oyster-Closed 0
429.31524281542806 2.707543911790954 427.45252583627007 111.00435046811302 246.22704701061593 107.88673290271583 248.09015502833063 0 Oyster-Closed 0
215.10945200003334 638.9999999999766 215.12081534136087 474.6602765358839 477.33283043176925 474.6735672925677 477.33025373730925 639.004920667455 Oyster-Closed 0
0.953812174484483 637.8996017014551 1.8938613838690799 488.55332307196477 198.47996543423505 489.7904223977258 197.546132430507 639.1303730970906 Oyster-Closed 0
396.44444500001555 637.0000000000007 396.13016528150183 518.7274698849636 639.9846894614166 518.0753482908364 640.3051997788862 636.3417551116249 Oyster-SemiOpen 0
528.4688141888182 0 682.3115875859366 164.25401093263002 564.5889279911353 251.67060404901923 410.7471868653374 44.49804740295722 Oyster-Closed 0
2.55986403375573 216.9343917699501 4.668422072136309 47.0797923937534 303.9937585489679 50.794294658671504 301.88776010720176 220.64654308312305 Oyster-Closed 0
640.0056774582481 411.66657899431846 430.3966087896697 414.8787860738278 427.2432642817148 208.85185179501107 636.8424153335945 205.63972051182134 Oyster-Closed 0
0 211.965812 31.184154 211.965812 31.184154 361.134549 0 361.134549 Oyster-Closed 0
