597.8194116131635 246.5580379312564 552.9480658792454 351.42000881897326 350.3260354017402 264.7176602485391 395.1980739158171 159.85784857600834 Oyster-SemiOpen 0
640.0002180811862 535.659175 625.33400765431 535.659175 625.3342895644892 441.194231 639.999995762264 441.194231 Oyster-SemiOpen 0
620.9391901343042 453.41659450197454 686.370714735458 559.1185658687261 469.51723891019356 693.3139610591704 404.09213123282825 587.6175845469328 Oyster-SemiOpen 0
437.6527719204023 0 437.6528363647958 63.33446046056359 277.0981445385405 63.33440424412931 277.09820540178043 0.000005053614208611952 Oyster-Closed 0
420.60500076906465 279.2169600710416 656.9816010995419 331.49253000623344 595.5896484100231 609.0537097021864 359.21383192522626 556.7805636674964 Oyster-Closed 0
339.7517231475649 591.5500566031626 135.24518650505343 496.8653593611611 257.218295708808 233.478428388881 461.70837731267966 328.1585810975864 Oyster-Closed 0
374.15097212702676 213.90330577453562 287.67757086890924 416.94274621672025 92.04503248416586 333.6248570543361 178.52009240319603 130.5894591718229 Oyster-Closed 0
649.9929903470911 120.7123324499128 604.1522214884026 195.7542207773707 421.0684728236811 83.9140513638835 466.90912744845264 8.872841423686426 Oyster-Closed 0
589.29249 28.983562 640 28.983562 640 98.133252 589.29249 98.133252 Oyster-SemiOpen 0
169.97461500002828 639.9999999999976 169.98334409086965 547.4645040115224 438.40715938727953 547.4843493331426 438.40391351674043 640.0143888604913 Oyster-Closed 0
470.535036 142.770881 640 142.770881 640 325.694042 470.535036 325.694042 Oyster-Closed 0
359.1452251064038 76.39756742646793 467.4057370008086 67.21847911846947 478.86433028303145 202.36259446630586 370.60382533753 211.5416184266445 Oyster-Closed 0
117.68540199940617 687.0679598491708 0 607.8519386716482 101.78055983189552 325.7569973306786 259.4359773611359 404.96813375741453 Oyster-Closed 0
59.48514961230103 441.03881315660266 0 379.6488455202906 91.89647766805138 276.82757398504066 156.77902209659806 338.2163924912078 Oyster-Closed 0
39.619710177212255 157.99406264473254 133.53598201247223 109.26160107422427 183.42419784283265 205.40354152781933 89.50817497316166 254.1356466744679 Oyster-Closed 0
336.9054738748673 174.97487528945956 217.58708237590326 161.47367684041194 229.2485462190234 58.42102952056271 348.5659399999713 71.92217299999857 Oyster-Closed 0
0 259.086016 58.476313 259.086016 58.476313 349.246689 0 349.246689 Oyster-SemiOpen 0
36.293803000007756 140.62395299999812 38.64681458224368 83.78150080096326 202.5126253515191 90.56429159637217 200.160030058978 147.40635827495166 Oyster-Closed 0
270.5724568192818 0 270.5726829978812 118.08120705124553 43.66603685251903 118.08082954778108 43.666382854571566 0.00025845524124146646 Oyster-Closed 0
