405.8232533065893 597.2247471817868 273.58349495472794 514.4182367271434 441.61570848147676 246.12459932300285 573.8453308069438 328.9269137537289 Oyster-SemiOpen 0
285.2246059926256 553.631231667004 0 333.29956117158764 132.95098491995304 113.31443843492374 442.0407809058088 333.6376774946658 Oyster-SemiOpen 0
240.7324649050861 5.527498368783005 530.8438598149951 33.091440161922435 513.8631405678461 211.81371857390505 223.7517418454081 184.2499651931364 Oyster-Closed 0
640.002987195694 264.70106499999997 491.4693655629526 264.70106499999997 491.471557092882 3.180554681463517e-14 640 0 Oyster-SemiOpen 0
639.9999999997817 220.14738430489612 640.0015724275727 414.9609797622859 493.50218783416494 414.9594408945928 493.50402295902313 220.14938294079587 Oyster-Closed 0
479.37557443343394 144.3736510315551 536.0192454491335 243.2610745996047 391.7438176063297 325.8982782916577 335.10177231517446 227.0122528608516 Oyster-Closed 0
553.2484595340065 342.7904587265403 700.5491662402346 459.257479466424 492.17854393820744 722.7312263073932 344.8844283002836 606.2717492308874 Oyster-Closed 0
44.196789 0 269.204489 0 269.204489 90.33033 44.196789 90.33033 Oyster-SemiOpen 0
0 0 73.300232 0 73.300232 197.95795800000002 0 197.95795800000002 Oyster-SemiOpen 0
120.69170093309367 264.3325198599174 143.23188867689169 152.69415946543694 415.3888518441818 207.64031432677385 392.85180842831323 319.2758789021524 Oyster-Closed 0
346.37452830036636 472.7915096133564 380.5991614180675 530.3802749864338 245.7365644435049 610.5083485605238 211.51403465330077 552.9214091361077 Oyster-Closed 0
44.314302338898415 240.10953125585326 6.306669093537494 117.22825130618727 192.01610406576947 59.78789038421543 230.02450254985888 182.66801952145173 Oyster-Closed 0
185.25641000000178 640.0000000000225 185.2575151873316 608.6068138674946 274.6263927369728 608.6090157807405 274.625939567195 640.0015612370828 Oyster-Closed 0
