227.9436722828541 72.5602410968591 342.210449186241 100.21909300039943 257.19832680588297 451.41413290558296 142.93183255387703 423.75620715115497 Oyster-Closed 0
454.4996913470095 399.6034776413955 464.63961756278877 469.9542844491288 430.2871455864806 474.90460733120653 420.14766244901693 404.5541991963901 Oyster-SemiOpen 0
639.9999775844481 337.6982331991878 640.000741265394 425.1748427917661 574.9159768616664 425.17474350396594 574.9160204191867 337.69894714386635 Oyster-Closed 0
640.0035336314613 640 500.0960890529677 640 500.0993128772825 500.44501 639.9985409784858 500.44501 Oyster-SemiOpen 0
463.3954519999679 435.34646999997005 424.86118230764987 371.1770465221374 506.2756494172936 322.2923454777432 544.8098880045291 386.4609212414794 Oyster-SemiOpen 0
501.51007400003436 535.0286099999986 438.74849956075195 450.8404522367542 545.5363700302405 371.24338158361115 608.2972748915927 455.4297296308801 Oyster-Closed 0
567.8579904951039 282.77177300000005 512.8029689213872 282.77177300000005 512.80377570969 132.23140699999993 567.8574862515961 132.23140699999993 Oyster-Closed 0
640.0001728995994 213.60457799999995 593.2674115314148 213.60457799999995 593.2677495437383 126.12841599999996 639.9999797612691 126.12841599999996 Oyster-Closed 0
124.83001993619837 249.48884914787874 184.88536645869317 257.4259899273631 162.8517992466368 424.1273934831725 102.79648370335053 416.1904190134698 Oyster-Closed 0
62.596246213506674 325.0159758299261 107.26197917334503 335.3463341399836 81.89073460627696 445.0332980297834 37.22505774043384 434.70310651795506 Oyster-Closed 0
60.40851931858924 434.07419467965104 6.792015770843136 448.07392720851215 0 368.265231860174 39.56653628432832 354.26567487665585 Oyster-Closed 0
53.09692914212064 390.11437879977274 0 360.2353910440908 21.146846776246093 278.22528015343994 89.13824164090329 308.10392993168233 Oyster-Closed 0
553.4662430002209 494.86664999997413 580.9159689424996 445.2835776669628 663.7493166433705 491.13296430176183 636.3005892142246 540.715175565333 Oyster-Closed 0
192.1406004786695 495.1516998583338 256.10517510234786 478.08430160762435 291.865241748892 612.0760203573592 227.90085361273668 629.1429292540527 Oyster-Closed 0
410.85805010683544 401.9884562666947 394.95794790564105 324.76020102442504 458.6076571369631 311.6570071688763 474.50824685234693 388.88459188898537 Oyster-Closed 0
408.0474440762191 364.1526769290904 376.3766569687141 385.7393468654641 344.47694671056524 338.94188231033297 376.14739600001485 317.35537199998646 Oyster-SemiOpen 0
407.7992302297207 308.49635137553315 442.4395356881723 251.68568749442738 511.46118633616425 293.76907141170983 476.8214750022162 350.579215475274 Oyster-Closed 0
598.609055743218 219.40786022259107 642.1471035524883 228.60224425249427 622.1768371819053 323.1622900490304 578.6388168160192 313.96799566633126 Oyster-Closed 0
317.92584714225086 227.55737429186243 254.7245896307868 164.40523830527735 330.77415989901056 88.29825474657243 393.9750539335364 151.45001946695402 Oyster-SemiOpen 0
