456.2173792647809 162.96186626766024 397.57453316233295 106.77152475076574 510.06087285320973 0 568.703406104687 45.566496389857065 Oyster-Closed 0
524.663802 39.869282 640 39.869282 640 183.660131 524.663802 183.660131 Oyster-Closed 0
639.9999969630153 0 640.0000161491334 54.90196681147776 563.0999192759919 54.901943113538 563.099945234062 0.0000016079131785065387 Oyster-Closed 0
585.2255245117703 324.31373265069027 463.06210228649434 387.37093362473394 379.44495481635386 225.38153857923282 501.60455522156553 162.3255355818946 Oyster-Closed 0
268.8077872964641 125.54185502394822 319.3292334749276 63.05901828926366 466.90385656344006 182.38119513557245 416.3831479225337 244.86336049999142 Oyster-Closed 0
392.66728685892303 577.5059384090152 302.30748636080534 518.0320804128041 428.48542372819793 326.3629471325621 518.8401195083134 385.8345333956626 Oyster-Closed 0
251.74800059234258 226.89946812776694 331.79760905826697 152.89612817947864 464.2207392521959 296.13299905335344 384.1725199786015 370.1349217013098 Oyster-Closed 0
282.6837691596302 73.25119296025387 305.2018631379178 205.32762398088306 161.44585304275097 229.83542036726388 138.92896045952511 97.76004584582488 Oyster-Closed 0
0 0 115.48030499999999 0 115.48030499999999 87.358648 0 87.358648 Oyster-Closed 0
211.28380469635886 0 211.2839372804592 100.65365209084317 98.8436988270405 100.65356141998656 98.84378910559462 0.000029237563720655748 Oyster-Closed 0
149.91510822044802 153.63447756085364 50.863922882927 201.22403284665444 0 67.73321246318093 85.77770536983735 20.143951290411195 Oyster-Closed 0
267.5837664248684 253.28018922161547 189.11946624983102 332.92168419938184 68.04428466799436 213.63982008038533 146.50751824738109 133.99945177179123 Oyster-Closed 0
351.0397821867082 378.63556132661733 244.7756926841248 434.5933763543243 174.2105808519409 300.59852373583357 280.47152466198895 244.64169828552116 Oyster-Closed 0
350.97957739148114 462.84200139274697 270.4284755252593 480.99268613023594 241.94457700410567 354.59493160387876 322.492543520857 336.44461992211177 Oyster-Closed 0
203.71456168970326 544.1836029037547 106.31597192601475 493.477952967503 183.9872585730336 344.31094720860165 281.3813182571903 395.01515459636926 Oyster-Closed 0
80.65247407605057 551.8887282952071 0 529.9002518455338 49.673711737195845 330.62764481030706 133.147295087183 352.61541286509527 Oyster-Closed 0
0 273.856209 66.158505 273.856209 66.158505 411.76470600000005 0 411.76470600000005 Oyster-Closed 0
118.63625555532053 408.01807589568045 219.56725618889323 451.3420210504262 146.342504396016 621.8987263645356 45.41237209348765 578.5763199922503 Oyster-Closed 0
0 178.968254 59.99667199999999 178.968254 59.99667199999999 288.888889 0 288.888889 Oyster-Closed 0
14.190255498833722 507.32282843441936 0 494.25785274928216 16.65671624679817 358.62857708690694 57.53871514767525 371.6932445577977 Oyster-Closed 0
182.21002652819152 531.1692958046473 217.39650269832055 544.892182966392 192.20853071885358 609.4604178523922 157.02216021316417 595.7377318527163 Oyster-Closed 0
246.14393010910135 488.41665131977925 325.05480040534167 578.9536035302275 247.15112221805612 646.835336741261 168.24234348408936 556.3003621674337 Oyster-Closed 0
390.78689798399864 580.3926004411398 337.38171356366365 638.0380453001337 207.5426339747355 517.7740639723113 260.94611370812345 460.13068617567785 Oyster-Closed 0
387.50664503684675 620.4671610138215 387.50711100001354 640.0000000000248 271.77486926819256 640.0006778805665 271.7749329230719 620.4683632269362 Oyster-Closed 0
517.6999181337305 624.4162909977874 424.71889903194096 622.2110765233208 428.7994496335159 450.3531789332089 521.774101168412 452.5583179968274 Oyster-Closed 0
424.67585064114246 532.6671626089363 463.16181622372824 586.1383728031619 386.59520523542596 641.2317571395293 348.11045000788 587.7616374151293 Oyster-Closed 0
440.66027159278747 420.8281198878807 517.0838188575726 341.6685953690183 666.075233754309 485.49095871313057 589.654469938032 564.6477299142089 Oyster-Closed 0
