0 298.938429 247.339844 298.938429 247.339844 640 0 640 Oyster-Closed 0
235.82689944778394 639.9999983658405 235.82845835451735 593.9927141158803 330.7729766983539 593.9953676094829 330.77242038591066 640.001650869575 Oyster-SemiOpen 0
585.6743846004247 633.0952469740531 419.98535376173095 602.385373331795 503.55176199416746 151.65198118353356 669.2186164687882 182.35971233491384 Oyster-Closed 0
113.4169404572458 326.0364606927715 259.28840465574467 218.8699232048367 447.742709099839 475.363012866704 301.8754381209146 582.5244545138775 Oyster-Closed 0
348.5663316420687 0 520.9708974781825 101.59199082406423 356.1602306192799 328.04381350684173 183.75731395120965 202.57360044221969 Oyster-Closed 0
0 25.235062 201.288387 25.235062 201.288387 288.702977 0 288.702977 Oyster-Closed 0
182.1549979296833 172.90621033675455 228.18119379677228 297.13727614571906 27.097669345748727 371.62901437912785 0 247.40068375733955 Oyster-Closed 0
231.76121160809998 155.49816114794567 116.22375969775021 89.96572777499904 200.76851119680214 0 316.3052669499302 6.442053886044227 Oyster-Closed 0
438.62870429453324 0 552.310959296592 0.05653153254824404 546.0649955261033 215.68149873300723 432.3827438277658 212.38853272860868 Oyster-Closed 0
640.0006318743544 152.380952 525.5772327492014 152.380952 525.5779000095936 0 640 0 Oyster-Closed 0
328.9331630000379 639.999999999964 328.9359342157695 560.0239264236826 431.7951813239779 560.0275207246592 431.7942519809003 640.0017279094013 Oyster-Closed 0
