441.0437497019302 292.31791342480943 618.3018370283389 405.9391624645676 449.87728479492944 668.6463613368549 272.6240292723378 555.0313393989845 Oyster-Closed 0
335.79171343480994 116.35031057231258 500.4740523546934 167.89703162505282 393.46341620163 509.7536445049553 228.78192263902747 458.2090370105214 Oyster-Closed 0
637.1029948609794 0 637.1031252391549 88.88892131541262 419.4965960990521 88.88871349251775 419.4967850000103 1.0034650020017397e-11 Oyster-Closed 0
598.101832 0 640 0 640 170.94017000000002 598.101832 170.94017000000002 Oyster-Closed 0
374.9795575202734 62.5458558043345 574.1043966693542 0 664.950464928479 250.12383149256 465.8259645850194 320.3028043958946 Oyster-Closed 0
0 182.661783 37.080458 182.661783 37.080458 512.509077 0 512.509077 Oyster-SemiOpen 0
45.054826080959174 151.54919727740554 175.8855547481653 170.09067721922267 117.7588144539186 580.2047209348904 0 561.6642842272427 Oyster-SemiOpen 0
235.34782425049343 67.31981968389258 291.2661242705508 0 356.04775535648514 3.365529859767742 300.12958473809704 103.49694441869474 Oyster-Closed 0
208.02989256706496 272.45876383688574 135.31056555242685 232.5731215468841 230.1221297463053 59.71880215301362 302.84018991384073 99.60402824082777 Oyster-Closed 0
256.50607354597014 372.0987332201233 82.21189505165967 307.06154097568276 220.21210396465904 0 394.4960165378143 2.298649421677378 Oyster-Closed 0
0 414.163614 189.539576 414.163614 189.539576 640 0 640 Oyster-Closed 0
342.7078050000273 136.75213699997846 361.68974766616884 40.29536481260074 426.218676332428 52.99413175802607 407.2369867629459 149.45068332490257 Oyster-Closed 0
88.28130630899977 201.92841427428283 0 147.85168051443043 64.99668313619622 3.4213640427142007 165.77831031267124 57.497732619362566 Oyster-Closed 0
144.68906565976795 433.8856644287864 92.01016415361664 383.8812843263804 175.6822222219489 295.7440407989552 228.360152036621 345.7475609473305 Oyster-Closed 0
466.1843574119848 240.17936850201272 648.6536194303335 270.16893538348 603.1894663171988 546.7643913011013 420.72060454935126 516.7760350206801 Oyster-SemiOpen 0
97.439592 0 272.907863 0 272.907863 137.728937 97.439592 137.728937 Oyster-Closed 0
