639.1175028449652 453.66663903223946 447.7221897954587 454.4741527173361 446.8372705251386 243.80749195835992 638.2222219999676 242.99999999999994 Oyster-Closed 0
505.2251055234228 479.69265316948514 534.6699237782013 412.61105485470966 666.7756682361505 470.58784081429155 637.3328722162114 537.6677180754051 Oyster-Closed 0
237.46804813716153 634.2797324194565 241.0476384236972 500.0546702821172 505.0780796848994 507.09206295418545 501.5061668307317 641.3094727546345 Oyster-Closed 0
43.2638496022264 627.414068790559 46.989972320661764 531.4200440670369 217.94984355175984 538.0530078629578 214.2273965873028 634.0434964121673 Oyster-Closed 0
450.66666600003373 637.333333999991 450.1242552673648 559.5589829245063 639.4543911598157 558.2355890401359 640.0000473958789 636.0067544115541 Oyster-SemiOpen 0
447.6747473848809 0 449.2912912282918 145.66963434432492 209.61556711685262 148.32231580726744 208.0000000000291 2.3333340000286826 Oyster-Closed 0
298.9663939197635 67.69887060482766 285.32809446478495 148.66555506470232 33.2412392115657 106.20192146475287 46.880084927615826 25.23577684636883 Oyster-Closed 0
693.9485265278927 185.08705592600066 600.5936348589603 280.27270765307844 389.5365349129861 73.27646869438286 482.8905019062222 0 Oyster-Closed 0
6.32416201486194 102.47017289481832 319.6009863750078 82.5070142899137 330.11822868080344 247.54935208408367 16.841380448895507 267.5123033028335 Oyster-Closed 0
450.11326937579724 175.164145484334 488.13833871114184 307.0600104768565 175.60901275108336 397.14772460024324 137.58921266744437 265.25630433300387 Oyster-Closed 0
