640.0005183656322 169.444445 500.9955161205289 169.44444499999997 500.9964601037791 0 639.9995595168002 0 Oyster-Closed 0
330.3624695847975 334.06094034041274 271.3024268532172 197.28692051308045 491.09156485210406 102.38315004501968 550.1524583235005 239.15450279564962 Oyster-Closed 0
568.3544850874023 164.22331977728157 659.1410822691978 245.0693927179506 542.8047801645153 375.7015151928488 452.0194995010388 294.85684791767335 Oyster-Closed 0
640.000784750082 422.3683180000001 605.274432939259 422.368318 605.275271010687 230.555555 639.999999278516 230.555555 Oyster-Closed 0
640.0020438319189 583.703134 574.8878931136278 583.703134 574.8896146229526 415.9722220000001 639.9999549269705 415.9722220000001 Oyster-Closed 0
0 40.123457 136.420563 40.123457 136.420563 183.333334 0 183.333334 Oyster-Closed 0
0 27.160494 30.837285 27.160494 30.837285 75.350149 0 75.350149 Oyster-Closed 0
118.00486624546465 0 118.00488815599238 53.086424676439805 10.273062290580128 53.08638884241323 10.273099999976694 0 Oyster-Closed 0
0 247.491126 31.451142 247.491126 31.451142 347.157082 0 347.157082 Oyster-Closed 0
0 382.251838 111.866312 382.251838 111.866312 541.358025 0 541.358025 Oyster-Closed 0
460.6115995049913 412.45747202385587 373.8874649372883 496.96824328607477 239.88632264787157 359.47080159391885 326.60778820019914 274.9625107163462 Oyster-SemiOpen 0
349.38965328983613 374.6022811927832 378.2263472987688 263.098258609109 502.9930807626806 295.3623187206165 474.1584488560329 406.86458394461306 Oyster-Closed 0
611.8493462368497 496.47101617821505 456.060214963145 507.27840921993396 443.5892955183954 327.4737428877638 599.3695490000391 316.6666659999995 Oyster-Closed 0
112.54427520354511 258.73696413746984 155.69831923450693 193.57617224886891 307.5614745674102 294.14524404505306 264.4087901824241 359.3048316729675 Oyster-Closed 0
