427.6639019353752 381.4331464436709 608.8997884479613 448.30614639355724 513.4741413447773 706.8693318471819 332.2401610000088 639.999999999995 Oyster-Closed 0
294.49905599736667 341.6146287705599 428.33086734484823 380.6144072054851 341.7527365159913 677.6634025218767 207.9218707257678 638.6658873143595 Oyster-Closed 0
622.6520494830038 463.752927573834 583.52910455862 474.02341624523666 531.8019853066653 277.00052194387536 570.9228181279468 266.73032713601094 Oyster-Closed 0
472.76194588172075 389.5250323614141 513.7972878265282 357.60019583373213 597.6538984166109 465.3738789391431 556.6191721224459 497.29802508892476 Oyster-Closed 0
414.2299336641736 314.0431910370934 497.54875658793026 315.66708726666656 495.52551913788193 419.4656308083838 412.2066961257224 417.8417575372588 Oyster-Closed 0
34.29158925115189 570.4823495495643 0 511.44761691687273 79.07102864424814 368.6544368713873 151.19110382380313 427.68726241669805 Oyster-Closed 0
309.8588828637003 178.56509213961883 417.3770934381173 197.1190700355592 385.51982987861265 381.71868787562835 278.0017113779468 363.16506917568165 Oyster-Closed 0
225.35752148636675 591.5472820986638 174.86003614787478 577.4611704781928 227.94932100317965 387.18480245638887 278.4434748399508 401.27042942967483 Oyster-SemiOpen 0
243.79073995958606 261.5952137840403 314.8212424414669 283.31378350120565 238.64486483107612 532.42218061488 167.6147222504369 510.70443130523563 Oyster-Closed 0
372.5873096055875 186.4128397128892 425.0328294103383 173.05022478686175 461.7089916529221 316.99095847184014 409.2635416339908 330.35338976084967 Oyster-Closed 0
264.57668716502667 138.4942748315016 324.5601193956827 127.47069975117975 342.33255612882203 224.17522303983546 282.3491437199118 235.19872482300445 Oyster-Closed 0
328.06704828974034 174.23154629605568 367.68588574268506 162.90547367103824 377.4811624769063 197.16874957155198 337.8623368682747 208.49479422615082 Oyster-Open 0
118.89541683194693 391.9965616085773 153.20120497191965 266.2354987742012 239.23594627274724 289.70304952297636 204.93183702768874 415.4626569095742 Oyster-Closed 0
282.7781200945901 249.0505831239928 230.19135509086482 256.3623518574932 211.63067009132646 122.87302875970721 264.2164649067854 115.56132860861814 Oyster-Closed 0
345.65951131990005 157.9608699703204 363.89612796599977 120.42422037844568 428.71830172342015 151.91659066619633 410.481872854798 189.4530786269804 Oyster-SemiOpen 0
104.76376194841578 398.68351352418904 39.689454053441295 386.029709920065 65.11549446608115 255.28972035012936 130.18771203751385 267.9433121887778 Oyster-Closed 0
174.37606341009086 498.3910792964218 135.77932853557286 486.3149510551715 160.9429144205933 405.9036236094267 199.5386347911699 417.979581530895 Oyster-Closed 0
0 230.630631 82.82609 230.630631 82.82609 459.337107 0 459.337107 Oyster-Closed 0
211.12159716300084 222.73218747549421 142.4308051146363 211.6862531633021 159.70503356089466 104.26945850215608 228.39489899997716 115.31531499999673 Oyster-Closed 0
128.25839299999643 354.59459500001117 76.74630764784524 292.8762172616149 164.83013880599174 219.36386584737974 216.34174521364912 281.0814586643595 Oyster-Closed 0
70.56798838406394 153.95330742544337 44.28579120816721 86.33017049320176 182.20265651623777 32.72799818537663 208.4849949384079 100.35079116001576 Oyster-Closed 0
