527.9750913090538 508.41268796810186 553.1307645206107 444.52050679541804 664.7093447561929 488.4431051497369 639.5553440630465 552.3338697702955 Oyster-Closed 0
258.61728500000027 606.8148150000272 275.3559442081314 493.29957913141436 483.436496121285 523.9735571315744 466.70343030382355 637.4837982829446 Oyster-Closed 0
221.62970208017214 552.7742823165378 219.79798376836698 640.3694673067585 55.0783688986121 636.9208266794915 56.91320853569778 549.3287761941267 Oyster-Closed 0
455.11806180547865 4.8745887927269465 451.2370459383965 164.79165450223195 219.27161599131068 159.16080846258075 223.1537093372026 0 Oyster-Closed 0
68.31892933121708 124.41619545388333 81.67541364149656 49.22714657988473 298.49743246639264 87.7425277508509 285.1417040699016 162.93087495087892 Oyster-Closed 0
699.7194338180998 181.61579380812424 614.1601576449466 286.2216018903509 399.7281305753859 110.83423909573968 485.2868996835605 6.2296687660547 Oyster-Closed 0
12.300605300624738 272.10307327966757 10.322892954281997 119.53874213303098 346.61995999784267 115.17633631465196 348.6013301237108 267.73729804493365 Oyster-Closed 0
462.810758 261.538462 640 261.538462 640 463.388726 462.810758 463.388726 Oyster-Closed 0
0 201.025642 76.129538 201.025642 76.129538 438.684718 0 438.684718 Oyster-SemiOpen 0
640.0025268003083 640 476.51167100004386 640 476.5144787938334 567.4864309999999 640 567.4864309999999 Oyster-SemiOpen 0
