508.3375149686617 555.688665238304 307.0531542506069 560.8128957375616 300.41314664369565 299.68528408408457 501.680967002394 294.5612627148406 Oyster-SemiOpen 0
430.208649082997 109.52897450046997 503.659449586994 273.5904583450649 299.42554891757027 365.0189063913524 225.9784471446619 200.96051664759497 Oyster-SemiOpen 0
450.3493634464394 0 512.1098566914588 66.38258983120298 278.2873793930048 216.86312622437183 216.52785984260845 120.89959064665983 Oyster-SemiOpen 0
640 0 640.000062341569 97.62714394130398 563.1335170384409 97.6270727667742 563.1335911746282 4.7363695195136126e-7 Oyster-SemiOpen 0
486.88841128037893 249.34428046453078 634.6000882483349 252.29652171434012 628.3495874081564 564.9987824417092 480.63791572174523 562.0466833350617 Oyster-Closed 0
528.9912467847171 279.42879184202815 422.2899886983214 239.84718619046632 502.81927166382957 22.771489305886323 609.5179371954146 62.352552534020404 Oyster-Closed 0
640.0009494705591 271.18644100000006 542.372799261866 271.186441 542.3739993110939 122.03389800000008 639.9999815203046 122.03389800000008 Oyster-Closed 0
49.469794711185386 146.63822418532922 92.14828518459399 68.79263455178679 217.30346626849496 137.40763810496202 174.62565642636037 215.2526472084478 Oyster-SemiOpen 0
344.2121688883344 368.6420768677084 196.25222344184294 427.75278061158576 109.55816547764698 210.75719170891557 257.51212262082845 151.64777218855457 Oyster-Closed 0
146.57813434343552 468.39820531497884 225.90365999065398 324.2601329364895 380.6362080769759 409.40648734609005 301.3154392560682 553.5405070598221 Oyster-Closed 0
167.25723913972615 512.5417304406598 167.25829937655362 579.6609834992579 74.39152074402955 579.6610214381737 74.39172807848081 512.5430427572153 Oyster-SemiOpen 0
228.78208081667253 501.9150986858514 237.76757688443467 565.6369454196354 171.76822174769768 574.9406347371511 162.78367031074595 511.21963590473536 Oyster-SemiOpen 0
214.60787897070986 439.6472743223005 299.4003814892494 558.2773547454716 84.50946441487758 711.8289731944672 0 593.2055611359251 Oyster-Closed 0
0 315.254237 200.804833 315.254237 200.804833 504.40678 0 504.40678 Oyster-Closed 0
0 220.677609 54.542525 220.677609 54.542525 305.762712 0 305.762712 Oyster-SemiOpen 0
264.2447909999464 0 264.2450027009909 103.05086356029511 67.5211503389437 103.05068768013625 67.52133216235961 0.0001262059180908217 Oyster-Closed 0
231.90716458062525 93.32840993968716 201.99141424585832 44.48645506741815 330.75063933676574 0 360.66636554132856 14.463177873267467 Oyster-SemiOpen 0
0 39.322034 86.844931 39.322034 86.844931 159.322034 0 159.322034 Oyster-SemiOpen 0
0 124.067797 152.700001 124.067797 152.700001 326.779661 0 326.779661 Oyster-Closed 0
0 206.2416504641709 16.874681497502024 158.7984090051426 108.34276131252409 195.8540874200849 89.122317082074 243.29698111784063 Oyster-SemiOpen 0
298.4013649411645 56.45660378172985 323.8008171130059 154.64279957245543 169.8876673005725 194.45670960905136 144.48902299998736 96.2711860000117 Oyster-Open 0
485.5850435652974 604.6978888010705 418.8014731928706 709.5414225654604 236.34945444384357 593.3460983313183 303.13258422742365 488.50722683721665 Oyster-Closed 0
