661.8625479872571 614.2774961340001 527.7871795022656 660.8614199081381 472.1306292114605 500.69941370372237 606.1972823896213 454.1171516486293 Oyster-Closed 0
358.86221106869925 639.9999971552649 358.86342699770466 616.4464725875488 507.09315456057084 616.452052328351 507.09275389024697 640.0047596394994 Oyster-Closed 0
18.862285 0 143.353626 0 143.353626 114.862915 18.862285 114.862915 Oyster-Closed 0
326.35586464894004 0 326.3559295002051 69.84127208231949 168.97248272551224 69.84119007726159 168.97256299998844 7.490206274846582e-12 Oyster-Closed 0
375.5976453785843 69.2078691428462 364.5596769768599 178.31632052296112 196.42387110026903 161.3060820471725 207.46252863093105 52.19847075903138 Oyster-Closed 0
429.8799490944657 425.04465065915434 395.6857880183816 295.98679055476066 582.9344679248607 246.37830168807938 617.1306008344254 375.4330161789552 Oyster-Closed 0
0 430.0285699127584 5.51253258039651 369.83314147896635 135.16494507501193 498.07729485196796 75.61620647924428 558.2708531379938 Oyster-Closed 0
0 520.05772 127.782906 520.05772 127.782906 640 0 640 Oyster-Closed 0
220.8919594960753 277.6506898063448 286.29871992205153 388.0745398216702 132.35260068286152 479.24796024981254 66.94910321937641 368.8269366365276 Oyster-Closed 0
97.78501822729595 173.01568408365586 216.12382649895153 194.1374710592716 187.29000330546114 355.6767640462334 68.95129384029133 334.55531743072356 Oyster-Closed 0
0 188.167388 86.087377 188.167388 86.087377 309.956709 0 309.956709 Oyster-Closed 0
0 96.969697 87.954746 96.969697 87.954746 188.74458900000002 0 188.74458900000002 Oyster-Closed 0
131.91543534441735 0 247.63677872579137 55.46006453895356 174.97296639689011 202.61225215232372 59.25184292616905 145.46985176565457 Oyster-Closed 0
398.18858040933264 146.46401158834922 385.1072469700739 249.1080471470679 192.0550673876278 224.50336891521584 205.13758821318334 121.86065933644954 Oyster-Closed 0
452.40855130687123 324.7720826105261 321.3874779294565 303.12300699147477 350.32601291371975 128.00832896395033 481.343197461174 149.6570725119442 Oyster-Closed 0
640.0008893931954 335.283109 579.7962208245735 335.283109 579.7970676675322 187.59018800000004 639.999998833955 187.59018800000004 Oyster-Closed 0
