209.14439286847482 375.9400724278683 98.37335037300363 215.1713961631148 391.5363654405519 13.184752204728616 502.30688227879 173.94978657761357 Oyster-SemiOpen 0
536.0737 39.322034 640 39.322034 640 265.762712 536.0737 265.762712 Oyster-SemiOpen 0
331.64034100002027 0 331.6403501811874 34.57627009389155 242.11682409288187 34.5762594839245 242.1168340627628 9.498292211692106e-8 Oyster-SemiOpen 0
64.68018935127475 427.6339804854501 0 239.78801859074068 100.02143192730728 133.24076319010717 224.92724910043762 321.0827635229127 Oyster-SemiOpen 0
121.67361599997093 640.0000000000234 121.67920030202367 548.4701817870384 288.87827029422624 548.478151013583 288.8760508901032 640.004688042578 Oyster-Closed 0
246.0108830142417 0 246.01116539408395 117.288215344578 51.77854654437397 117.28799533036766 51.77877479291055 0.00017577838530549728 Oyster-Closed 0
189.75060199998552 281.3559320000007 126.04908125809743 256.4106781488379 195.32657939234923 79.50621228125227 259.0270052869164 104.4512647085458 Oyster-Closed 0
530.0419566530036 247.96149699952608 388.8304373640858 237.6280107859054 406.638379884389 0 547.8470606447081 4.635718220104053 Oyster-SemiOpen 0
549.7687834144017 377.88574005248785 419.8832864375436 543.1035953755342 237.6705685912748 399.86944062118687 367.55328005645424 234.65726336207342 Oyster-Closed 0
441.71851318955305 474.9300961206326 564.0985736248695 344.29293376479825 752.0742907749809 520.3629555118686 629.7008294467378 650.9938804691693 Oyster-Closed 0
249.09947059721162 395.8658895639543 284.7176664853032 403.03269974087976 267.1728999805782 490.2158834607156 231.55473534970952 483.04917796767893 Oyster-Closed 0
240.29494904978492 395.8448909831286 337.51132938261435 418.0046727175614 302.553381298203 571.3418095820153 205.33721316591254 549.182656098157 Oyster-Closed 0
80.63031684796442 700.5841230818166 0 589.7823092589963 129.79793272621464 342.51084574775473 272.56286865624133 453.30650069127887 Oyster-Closed 0
308.00174314907053 274.8533111947481 337.86962214253435 318.3333142336216 273.90961606099154 362.2657469675694 244.04217806528322 318.7861376115062 Oyster-Closed 0
0 315.254237 16.281567 315.254237 16.281567 483.953554 0 483.953554 Oyster-Closed 0
43.24955563424737 107.3685027062862 79.42681844469917 79.56904998617786 219.89903890513233 262.37126178680313 183.7221770279575 290.17028114391667 Oyster-Closed 0
357.1179014114023 267.84983797703296 387.34307265127427 188.41966138147228 488.0802526538173 226.7510613392305 457.8560211916192 306.180434971163 Oyster-Closed 0
640.0002445071732 341.6949149999999 604.4299860924366 341.694915 604.4303414376918 264.4067799999999 639.9999964466406 264.4067799999999 Oyster-SemiOpen 0
467.4186051775905 256.05127386229776 553.2603610251681 174.12904388085417 697.2813634406339 325.0333701280804 611.4415434272814 406.9536678523081 Oyster-Closed 0
491.8286218216963 525.0516713115805 493.34496240750013 638.4132539178087 256.4331971750653 641.5725694335997 254.92274945070676 528.2168241705648 Oyster-Closed 0
305.5948363718926 551.2467999302215 324.7200303040154 589.0250936183552 285.7671729582944 608.7395758267018 266.6423958144878 570.9616385851141 Oyster-Closed 0
451.7221781709668 639.9998504697159 451.72485507464444 581.694204525926 595.9675167973182 581.7001293875115 595.9667559526133 640.0038158141044 Oyster-Closed 0
140.1876269999775 416.9491530000141 132.57427452008415 354.5618259817353 255.7473400064191 339.5315720441559 263.3616274925589 401.9178118433246 Oyster-Closed 0
396.1483748754108 386.7867501585346 374.42371763056144 441.93444275669026 165.88914048741572 359.79121914253165 187.61439475929365 304.64539356454054 Oyster-Closed 0
