0 344.61538500000006 198.237213 344.61538500000006 198.237213 575.97668 0 575.97668 Oyster-Closed 0
334.02561114555283 305.47694436671003 510.7983292236895 418.5449376175536 365.3435485663067 645.9099242633463 188.57502144455793 532.847316937477 Oyster-Closed 0
169.56055438386102 483.3918488161412 225.20264017846785 582.686824805149 67.2672456667351 671.1621477434887 11.629583075991832 571.8709827902946 Oyster-Closed 0
147.27789500000654 639.9999999999669 147.28253492059594 564.5094118610316 324.2785427072522 564.5185051855187 324.27690087301016 640.0060772310092 Oyster-Closed 0
312.55692202081264 639.9995503977359 312.5607801206206 567.7904421797483 475.5466667409928 567.7974595997437 475.545456091495 640.0039227307008 Oyster-Closed 0
640.0015125024947 640 474.74580699999933 640 474.752474042034 493.9487180000001 639.998248548145 493.94871800000004 Oyster-Closed 0
626.3461918383837 0 626.3463190558105 84.51281552174775 382.62764466817316 84.51258756328032 382.62783899997885 0 Oyster-Closed 0
640 0 640.0000484475459 122.74032700009178 595.3736896208284 122.740262662204 595.3737600000022 1.580735676687368e-11 Oyster-Closed 0
557.0385891557817 303.58983189127906 557.0395040849689 180.5120446201691 640.0000001677836 180.51284982666874 640.0000138128962 303.5896980483124 Oyster-Open 0
233.2827361132513 478.22191472880235 84.32749052029976 400.31682696538235 235.1732660599373 111.93082116743186 384.1206895436335 189.83348698290186 Oyster-SemiOpen 0
333.9878769733332 181.3333078564096 392.12670148823236 188.03807412571632 375.1882120411756 334.9098000316956 317.0494019999751 328.2051279999969 Oyster-SemiOpen 0
351.05520872748457 200.57449172597205 335.1343870701385 156.2403754251688 451.4455631317105 114.4723407382356 467.36654051906953 158.80615241063126 Oyster-SemiOpen 0
223.10636587026238 17.379095773835168 235.7033926423901 67.49118878387894 170.24710431498534 83.9452841198958 157.65015311306342 33.83325755798602 Oyster-Closed 0
655.205976464058 95.29514782321138 633.4227757054759 214.06449320175273 485.15658294018067 186.87086949035978 506.94047600001795 68.10256399997186 Oyster-Open 0
