0 201.760086 98.666666 201.760086 98.666666 465.657443 0 465.657443 Oyster-SemiOpen 0
639.5563942060107 531.9999948915822 551.4682929449191 532.5362050795416 551.0253777093749 459.5362029871982 639.1111109999474 459.0000000000003 Oyster-Closed 0
7.851340770866955 640.3268147433707 4.422026339379954 445.1360302107157 331.68723312155635 439.38325123810665 335.1290054019046 634.5613063056111 Oyster-Closed 0
113.16137577363406 635.4211642803547 115.24887588777347 539.6103802502024 249.19569238503755 542.5276344325823 247.11106178874616 638.3355957498593 Oyster-Closed 0
486.9846928768675 4.291133322844472 482.9485912783275 166.42612439749234 243.12398592373938 160.4546935791964 247.16121083678445 0 Oyster-Closed 0
321.64814975476475 69.50734472103458 319.61685797381506 150.77922249052511 112.88456369009509 145.61098600090972 114.91651821124833 64.33975013423668 Oyster-Closed 0
683.4720925851434 216.9701060883072 587.2705282479728 281.2760642724081 424.6164689007128 37.948847946223836 520.8160341096664 0 Oyster-Closed 0
375.53236071165884 121.01865157977308 369.513095886432 274.9221146014246 16.83623568424082 261.12324864768357 22.859262710189796 107.22419846749293 Oyster-Closed 0
640.0035907956772 449.4552819999999 486.151005241918 449.4552819999999 486.1548028053221 265.3119979999999 640 265.31199799999996 Oyster-Closed 0
640.0022765956965 640 493.2568739999988 640.0000000000001 493.2597370397707 560.355029 639.9999456119258 560.355029 Oyster-SemiOpen 0
290.08141963058733 639.9999789552753 290.0890477941721 509.46315095508504 475.81196229570196 509.4724202190622 475.8095022917405 640.0041502862781 Oyster-Closed 0
