513.263674 71.044403 640 71.044403 640 391.138535 513.263674 391.138535 Oyster-Closed 0
375.59054300356365 471.82898805467636 251.0066095379443 440.09931226744413 310.19371115216927 207.74893533336524 434.7692950034252 239.47740506365957 Oyster-Closed 0
380.5528929999855 640.0000000000183 380.58404614064784 254.1480661650781 640.0152015936328 254.16935238235374 639.999999788779 640.0064603941722 Oyster-Closed 0
357.67489521844254 0 533.8253933774104 5.734587497269898 507.7582266873651 325.64961567072044 331.6077209523064 311.29705055604285 Oyster-Closed 0
402.4875299999985 380.2376479999808 291.73363530622737 280.7370546905561 430.57751392858336 126.1990042465089 541.3293146412616 225.6979504051833 Oyster-Closed 0
18.868896393614705 154.7873201071003 177.9594196009566 107.30516606258192 323.5632157573127 595.1161115705123 164.4743106997339 642.5947428347426 Oyster-Closed 0
297.95257769554155 245.96625824051887 132.07424566382542 205.63561821166093 185.64584682557324 0 351.52112180076074 25.638126143991467 Oyster-Closed 0
171.19820185493154 204.28567413502918 289.76781284553 182.0430237934292 330.66098176539526 400.02196202353053 212.09154133830452 422.26406481820084 Oyster-Closed 0
0 215.134459 140.726948 215.134459 140.726948 640 0 640 Oyster-SemiOpen 0
222.7457975717698 433.229618140615 304.4609660137212 420.6697491832259 329.5606471011706 583.9408819514932 247.84556639700895 596.5003583085921 Oyster-Closed 0
311.5144552226411 457.1879155653937 426.4616296605527 492.48864943627154 370.8507967571495 673.5288022622053 255.9042421112099 638.2294638794085 Oyster-Closed 0
