640.0000319670653 99.19124899999997 518.4858316790633 99.19124899999993 518.4860630000185 0 639.9997464349872 0 Oyster-Closed 0
640 0 640.0000308573362 88.6666681269982 601.4732041851676 88.66664075153766 601.4732296446891 0.000008782009868439355 Oyster-Closed 0
0 0 44.837415 0 44.837415 81.159134 0 81.159134 Oyster-Closed 0
55.14831353430054 0 118.92735754438036 0.35497617764498757 89.41997195986914 104.71894256625015 25.640937695716275 86.68640569107112 Oyster-Closed 0
110.00069353518484 159.43071208847758 42.151375581961474 89.28749028868413 153.59996122140728 0 221.4490741230111 51.627141499670586 Oyster-Closed 0
0 408 104.21553700000001 408 104.21553700000001 517.707863 0 517.707863 Oyster-Closed 0
135.6147983050323 492.0782536841512 73.29689501224493 395.88045343086867 193.68930762517266 317.8987672622107 256.0069119900436 414.09454024768854 Oyster-Closed 0
281.50768453728233 548.7604206986922 295.94457778453943 637.6762753212047 145.55365410094964 662.0838141798465 131.1201679311489 573.1709845994462 Oyster-Closed 0
457.06214104095125 629.5691525970848 412.740268692869 692.827599135386 280.5964278186002 600.2638661558047 324.91770170301606 537.007662439703 Oyster-Closed 0
377.2814634095266 456.4824207220443 414.76785815306357 321.8570100160521 547.70880584525 358.87028780286676 510.2256650073832 493.4929349237106 Oyster-Closed 0
693.4419685090688 474.2918855544645 634.692118193343 534.2624127531532 491.19032414921094 393.699394502542 549.9383670026145 333.7307851434429 Oyster-Closed 0
482.26642490197264 639.8247908295043 420.47760241177457 578.6777194511849 539.9940757187142 457.93621172088643 601.7807292647922 519.0811645787012 Oyster-Closed 0
554.7807468333485 640.0000150096212 554.7834168364352 514.6650204196338 640.0003806599125 514.6673089773803 640 640.0000000000243 Oyster-Closed 0
212.82334627023374 459.6192214985264 195.76239835310844 587.7650627473098 78.75094831440947 572.1873274831416 95.81434660423838 444.04446134243165 Oyster-Closed 0
66.80245120813197 495.8617161886183 94.7060237909318 548.6208772721141 28.508762048804783 583.6231566643175 0.6061136114294641 530.8647879299385 Oyster-Closed 0
0 639.9997384459367 0.00039694481529295444 549.9256846963684 125.61885023693321 549.929067644877 125.61851423342887 640.0006155780127 Oyster-Closed 0
175.38514477382705 285.0449619111545 201.60096984291158 321.34760524217836 51.811222193427966 429.50624415996566 25.5963898445043 393.2044902368244 Oyster-Closed 0
454.19568268582225 306.54160338991386 449.71857121490757 182.14352441987774 639.160108530923 175.32530821749103 643.6392413864087 299.7212452998706 Oyster-Closed 0
522.1509235667327 309.92210041709205 411.4487390843715 336.3330102802155 374.4329106234363 181.18156907766752 485.1319002650416 154.771064755214 Oyster-Closed 0
470.1158523372578 185.76830617891474 461.92422145693854 91.70123628690015 637.9801870448864 76.36960759350607 646.1725575337914 170.4358450203844 Oyster-Closed 0
313.0311082299886 0 313.031170162285 81.18521100278558 207.36482144449838 81.18514763424905 207.36488307586114 0.000004636530806795414 Oyster-Closed 0
186.60583088931162 194.9139743963575 127.57861982689064 166.13708020353766 180.28522922613774 58.02746787527943 239.3118755960313 86.8041976960127 Oyster-SemiOpen 0
239.88688135104894 235.83271961935085 161.25717176604667 183.51225087201493 267.66263899960904 23.604479720737483 346.29128961598326 75.92446824943038 Oyster-Closed 0
243.91672597623256 231.57674071377068 182.62247706581547 286.77521492981566 78.09810503167682 170.7106449178025 139.39163147682848 115.51275192386362 Oyster-Closed 0
324.5893308336963 80.85866735664712 413.1480793358787 127.9739680874877 310.9254021810193 320.1076896024874 222.3671577231289 272.993140335457 Oyster-Closed 0
376.83213724943926 225.2919306200367 341.7292023371556 139.3008714112808 475.55632641095144 84.67131340964096 510.6595128630579 170.66164998403875 Oyster-Closed 0
354.03841464467405 305.8544615420581 320.900476290044 399.3660032676514 181.18361656008346 349.8561471935671 214.32235748274252 256.3462441447927 Oyster-Closed 0
433.85398058097053 83.73867470229087 393.2071004957106 127.18215051423911 294.34970786351187 34.68861568636299 334.9964785960037 0 Oyster-SemiOpen 0
