321.1072643884836 192.3716969700235 244.72997724798915 251.26177952072734 164.53049358657154 147.24888888410402 240.90692030826176 88.35930719839982 Oyster-Closed 0
299.7275906192226 176.11628816188497 306.9025312062149 110.78619626354465 398.2744015964272 120.82100189831351 391.0998276485043 186.15075502974975 Oyster-Closed 0
0 144.242424 52.701963000000006 144.242424 52.701963000000006 335.757576 0 335.757576 Oyster-Closed 0
161.95016864687204 569.7249699115243 182.77000317539205 479.13261132643873 261.78310352304834 497.28793480881137 240.96496227692114 587.8788129039059 Oyster-Closed 0
110.63735993629962 178.3836042112188 75.1781210477202 91.35169923680854 166.76248332812975 54.03810394110479 202.22184967446083 141.06960967678162 Oyster-Closed 0
60.695610342227155 134.38917801743605 171.5186832510517 145.48692839689278 155.59218593487458 304.5252952158767 44.76912916994479 293.42768964705266 Oyster-Closed 0
519.8170019476674 315.8921841980517 404.22246371832443 386.66444165242496 308.6648442095611 230.5932447258224 424.2561209481937 159.82228418498673 Oyster-Closed 0
428.36381337714556 128.32101279902307 541.4103354096733 74.17487615806334 623.2405691318127 245.0174641781266 510.19455773152004 299.1628627765128 Oyster-Closed 0
74.11538199994538 129.8701309999783 17.930577939696377 73.8583700346227 94.64825100760208 0 150.83297027740628 52.91561364948833 Oyster-Closed 0
528.861502642394 382.76515402272827 588.3481254606886 533.6782631352733 329.57675774930976 635.6500366904376 270.0995707696711 484.74494754074885 Oyster-Open 0
482.2961948041484 559.3073546262366 560.7646752712026 571.2880347789238 548.9652321633912 648.5488967119942 470.4967961145303 636.5684266885721 Oyster-Closed 0
201.05216648284113 636.1196258986322 143.90835055557545 661.4590346857735 89.86902234973968 539.622510549582 147.00997048974386 514.2838337826998 Oyster-Closed 0
440.30142684539896 372.7694233616115 452.14709092375415 302.22994707617056 622.336254900074 330.80649965465506 610.4923888177291 401.3443632122051 Oyster-Closed 0
59.53247387544252 42.23327599290602 101.24233459340758 77.2677850597891 42.51602208765689 147.1830212966581 0.8062502666871296 112.14861877083524 Oyster-SemiOpen 0
408.2678950094123 13.489082681314192 401.5512897431472 47.339371874966425 356.6966585886257 38.43926310960113 363.4132749447599 4.5889879221489585 Oyster-Closed 0
