7.894896063444321 197.03565953465426 139.7964882044471 198.90393318490135 135.9015877515776 473.86821108024924 4.000000000014552 472.00000000000034 Oyster-SemiOpen 0
640.0030954736576 418.79746200000005 520.8878347618156 418.797462 520.8897587544197 248.22310899999994 640 248.22310899999994 Oyster-Closed 0
36.432649615453556 639.9985711717858 36.450686367898015 397.6587615125765 349.33458205661736 397.67762709625237 349.3309676782519 640.0036652391057 Oyster-Closed 0
330.64584426065267 634.7889922506545 335.1957139209844 490.79200169638403 561.566110595013 497.94113441439663 557.0232847596344 641.931286875827 Oyster-Closed 0
141.62413678168377 641.9968332505564 137.10469736382947 530.447320187041 292.6182259291818 524.1472194837614 297.1412588693056 635.6930075506534 Oyster-Closed 0
517.5630446847208 1.5041806324094296 517.0044682738808 144.59078544955216 285.66431838509743 143.68657533682946 286.223780865912 0.6010577552463289 Oyster-Closed 0
152.58832476873067 118.70844517954083 157.14858021652617 39.096796174764485 360.1152415865363 50.7227522758447 355.55552770492795 130.33381057171675 Oyster-Closed 0
630.2227275160112 215.33336154388712 524.0315250813001 209.54735412677945 535.0645379666094 7.07296273592831 641.2542213723646 12.858933390963607 Oyster-Closed 0
47.75838256486168 250.54403095874906 47.344574579110486 94.51356082020214 408.7602465755481 93.55116503442989 409.1776752572332 249.5787012498637 Oyster-Closed 0
512.0136209984776 172.77685950734178 550.6653586657194 280.68483393151416 278.8856538291293 378.02259455827374 240.23757286078762 270.11766548064463 Oyster-Closed 0
14.629712121095508 63.054783962971555 11.184885757247685 4.8727868684425255 275.13740270005655 0 278.5823709455872 47.4262804482618 Oyster-Closed 0
640.0024148079683 640 506.3332151008217 640 506.33571210280934 558.4615380000001 639.9999925342127 558.4615380000001 Oyster-SemiOpen 0
