373.4942634797335 500.02582893193534 251.65743739940808 755.0039131986157 7.738848261869862 638.4666076313032 129.57842314965092 383.50303311448886 Oyster-Closed 0
246.38005689776037 396.12748068217854 524.4254453630128 294.68143549953504 632.135139831953 589.8541274490427 354.092665402859 691.2943054632292 Oyster-Closed 0
464.22921700000006 280.530071 640 280.530071 640 640 464.22921700000006 640 Oyster-Closed 0
277.1138040000369 399.8252510000191 251.99569507443812 298.343164888664 536.1749113308906 228.00628902647358 561.2953769185697 329.48510339843403 Oyster-Closed 0
314.29116974897624 639.9999986683218 314.29248861524684 610.4549102053728 448.05921888852026 610.4597629692817 448.0588209484267 640.0039150390544 Oyster-Closed 0
0 295.441969 53.016729 295.441969 53.016729 445.146717 0 445.146717 Oyster-Closed 0
0 0 421.692562 0 421.692562 218.0865 0 218.0865 Oyster-Closed 0
291.68565010651946 10.435532170740743 356.17755723222217 0 444.87595657505153 98.0724413511071 380.3841759932402 141.66314023336395 Oyster-Closed 0
640.0002118646808 70.83151299999992 378.4824288255186 70.83151299999993 378.48265392371104 0 640 4.770832022195275e-14 Oyster-Closed 0
386.621471 50.32765400000001 640 50.32765400000001 640 230.202417 386.621471 230.202417 Oyster-Open 0
237.20735924362089 215.6233960594548 262.36166139548004 548.3588786541484 17.55913900633459 566.8516658204735 0 234.1270572471987 Oyster-Closed 0
