0 400.467837 217.901303 400.467837 217.901303 640 0 640 Oyster-Closed 0
611.322863679161 345.9484088880174 495.8843240794522 391.72927260324434 417.4882331388653 194.05664695136738 532.9224091253127 148.2767508109293 Oyster-Closed 0
138.07516394626873 455.73380904765963 18.641055334883276 474.2507548269736 0 188.45868329674633 93.7581117451191 169.94225339118577 Oyster-Closed 0
344.30970512847125 590.669687934441 144.00399603728147 584.8118237156992 154.93438550191058 211.4885959260471 355.21980270197673 217.34618269214542 Oyster-Closed 0
213.13078399107326 639.9999296163925 213.1343539038062 545.8547193566925 331.3116036827705 545.8587995473074 331.3104748666956 640.0015781160745 Oyster-Closed 0
640.007305016843 640.0000000000001 406.18356000006315 640 406.1914476820675 457.7597839999998 639.9982472069678 457.75978399999997 Oyster-SemiOpen 0
480.1794101337873 487.8943778896217 509.53963659078 341.22146736029754 664.8813052976038 372.31324508042655 635.5253030845779 518.9824557940415 Oyster-SemiOpen 0
364.2501060772338 206.86333160356224 541.2583173224994 225.432355572207 498.07604829278716 637.0206984145512 321.06797986307356 618.4528435570278 Oyster-Closed 0
435.01726457237964 228.4364504863472 349.14948297046067 307.43749375164816 243.9304180425097 193.07547143753962 329.7970981196704 114.07533916709595 Oyster-Closed 0
20.32121232332429 84.42058264408928 225.2795862556377 14.080225501892198 338.9892644825886 345.4034923945866 134.03198204170621 415.74203816517036 Oyster-Closed 0
