0 484.51035528730847 71.83663496529334 330.4737164039087 349.0135372457007 542.8022062446904 231.00554594551795 696.8289145779036 Oyster-Closed 0
204.50693120284996 270.3784445770485 30.323439102139673 242.2913591519486 64.78499673525221 28.594932414738096 238.96426437386253 56.68166429296568 Oyster-Closed 0
336.72559299993736 0 336.72592687136785 108.47445282247946 45.15524127295066 108.47431098098873 45.15547237388091 0.00003348770117240861 Oyster-Closed 0
640.0015031188377 602.451108 567.8445957970689 602.451108 567.8462622792722 494.5876850000001 640 494.5876850000001 Oyster-SemiOpen 0
317.37740687531186 317.0530748580267 241.28149421405396 446.8837767263861 0 293.18325559432634 55.13268827613501 163.3569409266056 Oyster-Closed 0
567.3090127364412 247.92678236105448 597.2770647810103 425.96135040485433 300.4328921795968 475.9149420647919 270.47300500002166 297.88787499997545 Oyster-Closed 0
584.4054132298334 550.7151684212421 584.4084330212354 640.0008169700142 331.4633534940367 639.9999628845146 331.4653347423882 550.7193331674282 Oyster-Closed 0
544.1265276145714 488.50196515497083 528.6464591656841 618.0072895503524 312.91374658743734 592.2184351302166 328.39863913162844 462.7186927369283 Oyster-Closed 0
640.0028759238921 496.403723 537.2782228588767 496.403723 537.2808758137398 330.430248 640 330.430248 Oyster-Closed 0
540.3739635504462 264.39249232731936 607.0209305647586 236.39262784755644 650.7798791873938 340.54415273331534 584.1331211610668 368.5436604436831 Oyster-Closed 0
0 5.8409379999999995 65.533252 5.8409379999999995 65.533252 247.822685 0 247.822685 Oyster-Closed 0
460.91937913006404 36.98887352918261 421.43982964487805 121.92610394114482 299.63794180497644 65.31142538770052 339.1175405327522 0 Oyster-SemiOpen 0
631.7976874497981 9.376053214170932 659.0942525478749 97.64518719782734 445.73550492983486 163.62354874277918 418.4397069971601 75.35509041185391 Oyster-SemiOpen 0
392.7711051697406 318.131702181309 317.92610880336724 277.13265513808335 409.21415958568105 110.49184979197791 484.05746970172913 151.4903392626321 Oyster-Closed 0
387.40790526942874 83.30704269579638 396.8092615072237 289.9091711928785 212.59329310698377 298.2889811519317 203.1946560547658 91.68930814608376 Oyster-Closed 0
150.3020250458212 252.3412236155537 266.2078655368532 278.0722990196263 246.72441251663258 365.82960200560933 130.81865909625776 340.0987914205496 Oyster-SemiOpen 0
