560.8779550655163 0 560.8780994341942 113.07192781094665 431.7577653974149 113.07176757957363 431.7579274325544 0.000011486658836734742 Oyster-Closed 0
631.6484489999857 0 631.6484737535939 54.90196877482062 545.3057185526268 54.90194462256977 545.3057436407107 0.0000015438236340365358 Oyster-Closed 0
302.63774880404526 639.9999994603613 302.64019885064045 562.7440809276388 395.10549800303124 562.7470018200912 395.1046489862347 640.0013075950392 Oyster-Closed 0
153.34231806082244 639.9999714978244 153.34471121132083 564.0498476998339 258.45599820480857 564.0525790895249 258.45538904730347 640.0009384416187 Oyster-SemiOpen 0
586.9370959829394 370.44305670745155 682.7939875922311 433.0585551269474 571.2765604471497 603.7466664260962 475.42141333411564 541.13345446388 Oyster-Closed 0
640.0019837002765 639.2731170000001 578.4479456526606 639.2731170000001 578.4496024171676 499.346406 640 499.346406 Oyster-Closed 0
640.0004320272274 560.7843140000001 597.2650663633976 560.7843140000001 597.2656305153942 501.96078499999993 639.9999939027475 501.96078499999993 Oyster-Closed 0
359.79792683057894 96.64228820525842 455.84371205521165 52.56748621131466 528.3574594042875 210.5843983941655 432.3119819575368 254.65875378502966 Oyster-Closed 0
224.92287660599686 135.80833522562423 142.58405605134612 183.699406252853 74.29883040378627 66.29744867837178 156.63700881181285 18.406613034886174 Oyster-Closed 0
0 0 36.796732 0 36.796732 50.071534 0 50.071534 Oyster-Closed 0
47.260839742666576 264.57929063483385 0 228.6685245505379 43.08254498944734 99.0809563603028 113.42112478392664 134.99136237091045 Oyster-Closed 0
114.37019237877394 137.9023995218515 166.83328434774012 185.4533911506263 66.47503589359985 296.17449037005576 14.012488127773395 248.62406511088886 Oyster-Closed 0
0.7689429999999999 241.304543 26.352338 241.304543 26.352338 338.02244799999994 0.7689429999999999 338.02244799999994 Oyster-Closed 0
281.06634214462247 283.6536767716083 197.58883813825378 395.09663031966284 66.7880785849411 297.1232002819914 150.26484847883694 185.68214389412387 Oyster-Closed 0
222.53160773099808 243.85971925745554 155.28513745179225 205.04806630216106 213.9191634047893 103.45999647996658 281.1648262649396 142.27135392219446 Oyster-Closed 0
252.75902872424922 303.00426658463823 208.22795893924194 211.34018634548528 344.30526356198243 145.23514362783968 388.8365545501438 236.8980768948527 Oyster-Closed 0
3.994324590967153 139.92401764841873 0 40.29163070335227 102.45422200023313 34.688774220693794 107.83060521716834 134.32081515181085 Oyster-Closed 0
161.50017411637236 591.3801028369658 132.45831058411568 466.9292450595432 276.49615597219963 433.3226919305215 305.5404161209299 557.7700445560224 Oyster-Closed 0
0 468.421052 80.8448 468.421052 80.8448 636.257309 0 636.257309 Oyster-Closed 0
59.149499045088305 419.68397647888014 124.80312174680876 416.39285794047504 135.305385767424 625.8612881581947 69.65177284677338 629.152273231103 Oyster-Closed 0
181.73418837337522 360.0005500851981 145.54599803384917 418.65999882143734 12.047341636061901 336.307979070732 48.23543672559026 277.64970738448545 Oyster-Closed 0
0 339.181286 122.063522 339.181286 122.063522 451.461988 0 451.461988 Oyster-Closed 0
267.08086330938386 340.7382877703404 327.0090936707129 248.80434490382075 418.3177292522305 308.3210154530861 358.3908651389356 400.25375155951 Oyster-Closed 0
564.7798992553726 404.334711764556 513.3466634312208 509.92658720532035 356.3142785720265 433.4441127091555 407.74806298155454 327.8551279796284 Oyster-Closed 0
425.56786643857777 418.2848338700597 437.77582337570493 478.8673765987477 310.671061831672 504.473984264244 298.46464485366596 443.89279012835823 Oyster-Closed 0
307.5304226323351 561.2871647229532 336.85118446206616 463.8078383555845 490.58041441545356 510.03771450677215 461.2632948321698 607.5139438360861 Oyster-SemiOpen 0
371.1624034951092 420.2847237073537 295.76983023856883 503.19228977688283 190.0543847095105 407.0692655419929 265.44562446142663 324.16343073644276 Oyster-Closed 0
222.98006986558903 314.16700427631923 260.8507495425147 347.9993141913444 141.6661376650154 481.3942204686435 103.79631690542737 447.5628036636322 Oyster-Closed 0
