513.566446174591 424.71567334483353 555.6140946335654 356.0719353272043 652.8394207460951 415.6199791711211 610.793183613423 484.2624822832451 Oyster-SemiOpen 0
633.6891985093825 167.53708821225678 578.3956238439714 161.15126279822292 590.7995589370694 53.75124820707569 646.0926591300813 60.13704645155373 Oyster-SemiOpen 0
209.09129442625272 178.05526434461837 311.855186757457 160.71080873046003 362.65272283031663 461.66207402609643 259.8889948266151 479.0059001510452 Oyster-Closed 0
597.1839896276651 197.02925295436302 538.6821862006764 197.74044835954874 536.8557912859251 47.473152926605906 595.3567788364307 46.761962548753516 Oyster-Closed 0
398.82310602675716 72.5292427661344 440.30186792668246 49.51904391917562 498.0965923970507 153.700552505471 456.6179145551723 176.710637351668 Oyster-Closed 0
357.42512500000885 449.29972000000083 206.98788317939034 409.23129465485897 308.2565612896724 29.049669274231583 458.6873082717648 69.11747194324506 Oyster-Closed 0
339.90345686157525 313.3315297143962 412.7712426616199 124.00311577746163 676.4632862784492 225.48767191434024 603.6019025467249 414.8106271449754 Oyster-Closed 0
345.5546739130659 327.9824964938866 550.6066101817123 301.9735670736698 589.8287574853748 611.1547207022356 384.77713931592007 637.1622083097691 Oyster-Closed 0
135.4056359273818 602.6597085074558 71.10643440122658 579.8152221812375 138.50912727284594 390.14558559838434 202.8039555077703 412.98921726647444 Oyster-Closed 0
131.46816570399096 279.44955938389444 176.42236124935152 290.82768357012054 131.60189098474802 467.89333132627206 86.64779653423466 456.51549481185964 Oyster-Closed 0
605.8883223104931 0 605.8883287705248 38.09523892970149 558.0097709910478 38.095232515125026 558.0097773546731 0.000001062853885437207 Oyster-Closed 0
