387.3397537782148 408.42210368822805 362.1165114917676 640.3023183352502 49.977525415233686 606.3396235865562 75.2127653464413 374.4730204914314 Oyster-Closed 0
366.57860994404473 628.9974504286014 371.39949486059777 462.7524470173163 590.4678948521905 469.1021565478452 585.6545500615903 635.3399297480444 Oyster-Closed 0
640.0021752589964 640 522.6666562514583 640 522.669473509086 543.6666659999999 639.9999929929618 543.6666659999999 Oyster-SemiOpen 0
171.50698454206577 67.10316582855056 184.76611859121476 0 399.36358520826616 41.6038378868886 386.1048246219434 109.1976366681065 Oyster-Closed 0
540.4444463858817 2.999587818353188 540.0115509198804 131.79975483478557 341.7886932741385 131.1327558587991 342.22222199998214 2.3333340000264164 Oyster-Closed 0
625.7781571058877 181.33335463154373 546.9992219661799 177.04607888569905 556.7775806531426 0 635.5555550000281 1.6666660000012836 Oyster-Closed 0
435.72805625495675 230.32431036255906 72.94212906250323 225.37169040365882 75.09118119618506 68.24142552043914 437.87077037544805 73.19400209022311 Oyster-Closed 0
532.6355647724995 152.27959771993204 572.6585122101824 259.4172073972484 310.2523393276351 357.4340546104296 270.2327934784262 250.29935189716423 Oyster-Closed 0
628.0023395227181 388.99998193808267 544.572114552866 389.99758996137047 542.6816637480078 231.80083991267398 626.1089949704183 230.8032485839297 Oyster-Closed 0
8.530085498932749 166.84510660686 172.4453621700377 170.57614971906617 165.24859967983502 486.7309063331413 1.333334000009927 483 Oyster-SemiOpen 0
