365.94284048282134 126.6489654820095 336.0465981462039 358.82903541889 31.960595125783584 319.66887856427934 61.86180655102362 87.49460762745602 Oyster-SemiOpen 0
542.3441787232878 0 542.3449508900376 180.3403351310774 291.1286201328767 180.3396059764193 291.1293370675412 0.00007002025110697873 Oyster-SemiOpen 0
112.41165385697968 701.0337305140145 0 558.1203245676774 200.1385809655767 204.5622717861143 385.3048651716381 347.4628469351402 Oyster-SemiOpen 0
399.6053220576141 639.9999880983898 399.6157086075982 511.9910716138204 633.1933450231008 512.0062141567082 633.189353110356 640.0088992010002 Oyster-SemiOpen 0
477.48408288534847 467.8791180286511 271.9997631903243 423.9313929887961 328.0472833121894 161.92490622130822 533.5187819442945 205.87119185868318 Oyster-SemiOpen 0
419.5519496529596 133.9808547976476 639.1887933734688 40.586206899323464 707.7440692685195 201.80734608445928 488.10808708039986 295.2009069684021 Oyster-Closed 0
616.983969349094 534.03198953242 466.0809214616893 519.5295881195724 495.20053899803315 216.63828882578565 646.090634837019 231.1400563044825 Oyster-Closed 0
640.000774736036 489.012385 603.2156316059991 489.012385 603.2168997720146 299.5303640000001 639.9999933545041 299.530364 Oyster-Closed 0
180.33743400003004 640.0000000000028 180.352425481542 454.984542064735 417.23235451892833 455.0006137714795 417.2262715036777 640.0075451775608 Oyster-Closed 0
0 266.364373 99.809711 266.364373 99.809711 486.120806 0 486.120806 Oyster-Closed 0
0 58.040485 188.137228 58.040485 188.137228 263.255062 0 263.255062 Oyster-Closed 0
0 0 156.222916 0 156.222916 41.457491 0 41.457491 Oyster-SemiOpen 0
296.46106808359036 0 296.46117655327544 96.38869419170001 152.8656499130011 96.38855590559338 152.86580300002242 4.746977862084299e-12 Oyster-SemiOpen 0
