123.22871254684287 367.7967745779611 38.68543845062959 397.95890048420864 0 137.3261244717352 30.236561297278968 107.16479885928214 Oyster-Closed 0
330.5210362876096 307.74436336053225 196.02274368764483 242.9668636759032 275.03150038202875 78.9276453161333 409.52705839859846 143.7044082858917 Oyster-Closed 0
482.0842802867264 661.8665832241896 420.22310744832794 608.1532721813584 511.3798298045731 503.1975719200924 573.2388416340109 556.9092967299748 Oyster-Closed 0
570.9581694737426 632.7464765183886 539.5589637241937 577.213295982421 605.8532805143477 539.739296093773 637.252508583988 595.2715530335936 Oyster-Closed 0
640.0003983730858 594.6127939999999 605.2022388088517 594.6127939999999 605.2029321643204 515.151515 639.9999596911948 515.151515 Oyster-Closed 0
502.05126865781494 639.9999491242062 502.05261010021786 580.4701800358612 576.9485563912167 580.4719450880036 576.9482269964647 640.0006891677758 Oyster-Closed 0
415.15524290349276 640.0010976823085 415.16003415141313 332.6577575139342 639.9991510328255 332.66284030409713 640.0066085310391 639.9939568525771 Oyster-Closed 0
640.0004448596155 640 576.051102333804 640 576.0520415264182 590.57239 639.9999450394535 590.57239 Oyster-Closed 0
591.9164179694053 359.35671205913707 581.5069859529467 336.60318797852136 634.6270162299334 312.30344508687915 645.0364923044253 335.05680409502656 Oyster-SemiOpen 0
439.96502956797485 95.20497877160435 501.39777927885007 88.38604113043527 508.4717793213349 152.11606680971784 447.03903321089456 158.93498413781296 Oyster-Closed 0
365.5272200681793 584.5048679802542 341.8362255467946 550.8672166921817 413.34502377452736 500.51471622584415 437.0358477794798 534.1517758595867 Oyster-SemiOpen 0
373.02322746429127 541.043484571204 330.0216084339627 536.7050239714168 340.2311008567631 435.537184955527 383.23115869396133 439.87556669912203 Oyster-Closed 0
107.11333207509597 327.1510217669575 274.9391107428528 250.1622481940993 413.34637049869343 551.839260304269 245.52315099179395 628.8238771959053 Oyster-Closed 0
168.24138356052572 312.8215418908635 122.54862631089054 289.8979807080937 161.83943102296325 211.58598410674472 207.53154782694764 234.50935356426814 Oyster-Closed 0
61.89227013383061 196.51125420223912 115.13064091122942 177.7272890656165 163.43032985074387 314.6148536733689 110.19208679623262 333.39856141065525 Oyster-Closed 0
49.073711265155 159.1111824594329 87.15345446369611 145.16296567230808 101.7278620628349 184.95147664629715 63.64813859756396 198.89965557868908 Oyster-Open 0
147.81807579449378 92.78443542291582 247.05523635740974 108.45243961773748 222.4383708361711 264.3661576357917 123.20124354155269 248.69831780670754 Oyster-SemiOpen 0
579.371323 200.6734 640 200.6734 640 351.515152 579.371323 351.515152 Oyster-Closed 0
433.7733506161021 350.1066603898954 430.07878509735747 273.19310559545215 545.1563935119339 267.66553083061206 548.8519237730361 344.5780519123324 Oyster-Closed 0
432.0514249106782 270.66712574774823 443.25937885856547 199.13929502524834 532.8401162762748 213.1754181530972 521.632817994323 284.7026615546342 Oyster-Closed 0
384.09338774006756 130.98334915715168 483.0268760063336 159.15795357639226 406.8957372461591 426.47395127949085 307.96254537199275 398.3001570449635 Oyster-Closed 0
120.71270422711677 146.80135191971533 56.39024166295712 142.23019269443066 66.77162480649713 0 131.093690289199 0.7246740980538324 Oyster-Closed 0
591.245887440964 279.0977992559041 560.7396358832193 300.8652068916745 509.10278375667986 228.50122559718983 539.6086669999931 206.73400599999485 Oyster-Closed 0
413.06780458842695 31.4910192848858 463.2237301959685 55.35071225184423 437.32091784600925 109.80129891040997 387.16501966417127 85.94164498987803 Oyster-Closed 0
464.66105364175746 47.61832430361767 462.58322127585416 9.56217057976031 527.2918480073713 6.029126443479782 529.3697040549887 44.08525668966454 Oyster-Closed 0
450.57657412049593 87.29090267332973 480.3655235010956 36.45308547733955 535.9797963793972 69.04075170774453 506.1909541289788 119.87847688870198 Oyster-Closed 0
436.40162286770646 39.849395760087575 422.1407507982076 74.55258185771311 360.83610916364705 49.36013373782054 375.0969997980428 14.65697412914215 Oyster-Closed 0
195.93978695578699 48.36411548313173 238.67518368257151 54.02407570598228 230.63008974590048 114.7681043364856 187.89469498195103 109.1081545959126 Oyster-Closed 0
0 640.0004949226941 0.0002641651371959597 408.0802118516164 207.0576103402709 408.0857494695076 207.06052852670837 639.9969455619014 Oyster-Closed 0
14.20669395920413 639.9990030495998 14.214273355901241 550.1665442159227 275.90397415442567 550.1836886113257 275.90157572412863 640.010965040334 Oyster-Closed 0
42.70527110333205 421.3317540405763 55.03748152041226 396.69572307376643 108.19384726470162 423.3010255074888 95.8619058264594 447.9368268572975 Oyster-Closed 0
69.51869526325027 448.08849649261174 93.06307163395104 403.82754346562695 206.49631056301587 464.15830799482677 182.95305272382393 508.4183009695273 Oyster-Closed 0
612.4757178135769 218.1711548567231 485.0889295358502 211.04192583127394 492.48623633233365 78.88547584732187 619.8709922792477 86.01464464869383 Oyster-Closed 0
640.0000330633338 157.575758 623.7004716983938 157.575758 623.7005142300768 111.51518500000003 640 111.51518500000003 Oyster-Closed 0
