505.5913777596288 487.18549606874205 334.3658942280308 463.1761787274953 371.56119348561333 197.9799138890146 542.7751500454906 221.98841133072096 Oyster-SemiOpen 0
442.1039259999816 640.0000000000323 442.11106252761965 533.3270338817626 634.6046630389174 533.3378653837202 634.6020130826946 640.0063729481291 Oyster-SemiOpen 0
555.1624137932959 0 555.1630976843444 183.74010708687962 346.8515038124315 183.73947478274832 346.852130461848 0.00013142511809076702 Oyster-SemiOpen 0
26.112951 0 232.108565 0 232.108565 67.479674 26.112951 67.479674 Oyster-SemiOpen 0
236.82804311414657 387.63056948012775 72.52541130234022 234.7352420676267 256.25404430575145 37.31184425998332 420.5523060375708 190.20336195413353 Oyster-SemiOpen 0
638.0967649317608 72.21476202222149 703.395379462454 236.21555849390685 510.3870294323133 313.0586967124923 445.09117890564085 149.06019363680622 Oyster-Closed 0
615.3640546793758 552.5173066611317 490.49057889271353 539.3697430643008 521.7260721590719 242.7959794435677 646.5883856501023 255.94294221720605 Oyster-Closed 0
640.0008321629866 525.2267260000001 610.5431937749381 525.2267260000001 610.5442253515503 322.764228 639.9999997417763 322.764228 Oyster-Closed 0
257.0231010000134 639.999999999984 257.03402613071376 482.10651348047804 449.83113992660947 482.1178427805992 449.82655964071455 640.0052103941609 Oyster-Closed 0
238.9386668849329 248.9417193787638 420.21240902096906 346.53062963995916 226.1254721077421 706.9890642813529 44.856915478085284 609.4073429113706 Oyster-Closed 0
99.45369086854043 642.3380498196786 39.54660099137982 639.6116364987726 45.62083994402201 506.2167587895749 105.52437700003793 508.9430890000002 Oyster-Open 0
369.7120829998312 0 369.7123863304296 130.8943807717419 226.74457669287222 130.89420005436654 226.744740623908 0.000016029393229325002 Oyster-Open 0
251.78675977404055 73.7443388974518 285.60227956069866 262.18919391973475 1.1280910290952306 313.2303544748694 0 124.7890321187565 Oyster-Closed 0
0 295.121951 191.528697 295.121951 191.528697 605.05048 0 605.05048 Oyster-Closed 0
51.9001798528916 43.5608446309528 84.16645838580735 55.745512181696675 60.80306100026064 117.6139501643737 28.53679503001331 105.42930689059028 Oyster-Open 0
