432.85818841832224 570.7802756914739 486.73472223759745 399.0878943938225 590.7917025729694 431.7366539235444 536.9194143891946 603.4253217954019 Oyster-Closed 0
522.2476803792961 256.593589443856 638.5004416820448 269.37100804378855 625.8454041770165 384.50208444895236 509.59267090962385 371.72484208416137 Oyster-Closed 0
394.3776582754799 134.18327655124153 479.38656408579845 127.23540455640932 489.98153567357804 256.86441601125534 404.97263750650745 263.8122227311808 Oyster-Closed 0
400.88689106887614 110.46706926176894 409.1421072642697 17.49573902811335 560.374185038745 30.923944066729973 552.1193722463067 123.89491259170286 Oyster-Closed 0
275.17802265159844 413.397195297417 292.33182304757065 272.1693035242097 397.15654328516393 284.90073374703974 380.00487592071295 426.1266848586371 Oyster-Closed 0
400.44471503351815 282.6994898891043 474.9719276060205 302.9408709681261 434.20525799811 453.0263000628491 359.67821290651045 432.7853489004789 Oyster-Closed 0
0 461.864425 106.809285 461.864425 106.809285 604.320566 0 604.320566 Oyster-SemiOpen 0
418.51093000892433 205.25475250255005 323.5184625263355 285.3514281793409 225.2241061750101 168.7789759426988 320.21524854018935 88.6832094902938 Oyster-Closed 0
0 258.245614 68.035891 258.245614 68.035891 404.115965 0 404.115965 Oyster-Closed 0
0 124.813282 96.370294 124.813282 96.370294 237.192982 0 237.192982 Oyster-Closed 0
305.0248967404332 543.8447252257449 186.31597755920666 533.9922202198172 199.64425315316475 373.4758935450802 318.3466637417587 383.3281263738223 Oyster-Closed 0
343.4556408790377 393.5790560143601 393.27880689634185 493.99573023755835 197.42079269795795 591.1499727087803 147.60232670785626 490.7373142792133 Oyster-SemiOpen 0
226.08741935800936 16.51300963536323 302.56149008506327 72.48940026866075 219.87569135424565 185.45236111089304 143.40186862056726 129.47626323655075 Oyster-Closed 0
142.29552981320012 49.537839601776845 101.66852551330521 92.70565056475478 25.155892260590917 20.69646888807645 65.78282485970703 0 Oyster-Closed 0
0 39.298245 64.307678 39.298245 64.307678 127.311983 0 127.311983 Oyster-Closed 0
217.94299687338935 393.8469472554443 225.75011508313764 514.9028476198364 88.95698951942904 523.720065385897 81.15284462430282 402.6669112852177 Oyster-Closed 0
237.0239136665623 407.2723941672914 189.7364596799889 326.54487638500024 356.1868316013715 229.05076925931908 403.474295319902 309.7764996047939 Oyster-Closed 0
123.37907562869077 1.6083639161176082 180.83312610200664 0 188.14260665749316 84.53098050474725 130.6885573740874 89.31897847149791 Oyster-Closed 0
179.4262477110169 76.61708506026531 183.0963467183028 177.99609372798713 55.926718977571 182.5990979189313 52.25727061042562 81.22072887789085 Oyster-Closed 0
90.6581698001537 313.0336922874237 0 262.22695675644553 3.1981839201034745 205.35552924289732 116.2234715402883 256.1619733272955 Oyster-Closed 0
68.04352955296054 300.6357204936928 140.1158382925496 348.37735300245697 58.11072996213625 472.16051019914994 0 424.4198847527036 Oyster-Closed 0
436.5360530640464 639.9999298243029 436.53810113479267 581.0512131002871 555.0940778796212 581.0551349884818 555.093616137674 640.0022278275787 Oyster-Closed 0
375.8647021609795 60.57142219155882 357.5410723269306 12.78238988847608 430.557848698154 0 448.8814869766793 32.57475218911104 Oyster-Closed 0
259.5061718103534 228.7857160037137 182.85505864449078 230.14183474040124 181.1419549456332 133.28459839519593 257.79200464116 131.9284894448927 Oyster-Closed 0
