615.1046103347471 638.1879935111576 506.5856359364989 661.6473686461773 468.71194031431514 486.4727916078999 577.2231824582559 463.0142719502782 Oyster-SemiOpen 0
247.18393261420715 421.8558380078517 210.4126319198258 368.87541783375013 342.4168184188602 277.2661428451314 379.18781978783954 330.24543097194135 Oyster-SemiOpen 0
576.6122360678128 214.1955189282723 658.2257397026842 499.1064627503413 444.9982800253929 560.1695747601608 363.3946950898826 275.26658087230066 Oyster-Closed 0
220.35606916258985 639.9986540530879 220.359640769384 582.1126866530261 425.6558223995671 582.1220224990298 425.65495654707775 640.0052775341227 Oyster-Closed 0
431.427910279308 639.9999436321128 431.430278729531 566.4071299995389 528.9463960176363 566.410088925664 528.9456380642514 640.0012858349237 Oyster-Closed 0
58.312159000051906 640.0000000000041 58.31487658680999 599.4797957256777 258.8756561998889 599.4902804099963 258.87481540310546 640.0085767521693 Oyster-Closed 0
129.14028953156958 331.0389685646102 107.43074258607521 393.22889471951817 25.96982512237446 364.79403151430284 47.67970265165786 302.6048015005495 Oyster-Closed 0
269.5563244461664 426.50149742631345 114.69783389227814 470.399087813973 74.24686572507198 327.70407574817807 229.09917888500786 283.8074227268892 Oyster-Closed 0
194.90715350686514 625.6779533808758 150.45382247080852 467.2193812141006 321.7071544149803 419.1857436452357 366.1638773744198 577.6389271981097 Oyster-Closed 0
216.30777916267107 632.873010323543 203.509783383779 603.0910111768512 272.9844130999845 573.2441012580949 285.78257104985823 603.0255944147274 Oyster-SemiOpen 0
432.87314815555874 640.5460627642826 342.52392651949776 629.157409869084 366.0713332521118 442.4317035434424 456.41377242456656 453.8199224379394 Oyster-Closed 0
145.62068835184618 469.2521220122807 116.19036724296166 545.3567278155493 24.722008585886215 509.99027275532944 54.15287372576131 433.8870410712375 Oyster-Closed 0
37.34805733773101 619.2721661411214 29.949827269592788 529.0505619294312 160.33927885553567 518.3608684911336 167.7397633412329 608.5799366943863 Oyster-Closed 0
210.4223984820419 571.3031938041338 172.94289600467891 610.7064437368753 100.4276168699289 541.7464066639347 137.9064078763622 502.3439640375892 Oyster-Closed 0
213.21089438504714 539.7172980373863 175.88724904475384 561.7221247134005 122.67554446152644 471.4828374851934 159.99805005420058 449.47843913555226 Oyster-Closed 0
22.71525521769945 544.9407814264246 0 543.7756965980018 1.0586100140062626 366.1557097766374 29.89231737468799 367.3207598791831 Oyster-Closed 0
62.69435891554167 248.72036559648862 87.52717994299019 189.90226961704536 160.39541200108943 220.665858879824 135.56306451668206 279.4835556946521 Oyster-Closed 0
119.40613721264526 331.84778622718517 48.365422999995644 307.59689899999563 73.37043455379899 234.35353541309263 144.41006838533212 258.60421974233697 Oyster-Closed 0
447.63791480261716 441.3341668114691 502.93345085570763 442.0316383861678 501.4117996778077 562.6469353614907 446.1162638220412 561.9494794111258 Oyster-Closed 0
313.12517643222236 454.0151973932462 376.31515788219986 426.0047768276516 424.67820189645863 535.0912286547474 361.48859844281105 563.1010372158063 Oyster-Closed 0
379.0096502024244 456.69202090606456 345.43615143498755 435.52999242795727 370.0269014084188 396.5225716597604 403.6000266465271 417.6844439722911 Oyster-Closed 0
229.40521296892257 287.43172498819405 273.474446085238 272.77875598431285 286.17274516873294 310.966896182556 242.10354560818814 325.61979909293086 Oyster-Closed 0
0 219.78726148547153 2.3969558552198578 163.5589388089266 84.91341209519305 198.44927894135503 61.1381507722399 254.6772258456371 Oyster-Closed 0
2.962315275435685 170.02480143454463 16.472515666173422 134.38605471288508 75.17980774391617 156.64082883935455 61.669767977509764 192.27943930664173 Oyster-Closed 0
62.57989821264346 248.65826264517983 59.8312685565179 323.3066519962469 0 321.0222826662589 0.5493722703977255 246.37437714053647 Oyster-Closed 0
337.6494690000254 218.29457399997014 363.0641751650546 156.95061692340036 434.9180350134702 186.71875814232823 409.5037538634642 248.06235425228044 Oyster-Open 0
297.66030577826314 273.830007270763 305.9209091921366 287.44881260782614 279.8440601288894 303.2649065918065 271.58350776742736 289.6461457723974 Oyster-SemiOpen 0
586.6398802672484 514.8207781746409 627.9528716504137 505.315985320888 649.1478052335879 597.4205403338441 607.8348758703214 606.925147622542 Oyster-Closed 0
404.92334635891893 467.67804702863305 298.8988161877205 469.2646514353813 295.8615663526143 266.1394955227346 401.8802998263709 264.5529341012917 Oyster-Closed 0
286.5683485371119 269.3038957818172 242.6589852417237 232.6160323396615 292.1344768731069 173.4045668916669 336.04350190427795 210.09219881318418 Oyster-SemiOpen 0
