630.9029586190445 454.4195472280684 630.9096251156734 640.005657688828 320.873643394807 639.9999706956496 320.878540276899 454.4250541943287 Oyster-SemiOpen 0
420.6529453591065 417.2956270036907 157.78092334163375 357.62978192862414 214.66927732493787 107.0399870330252 477.5282481822069 166.70426674046587 Oyster-SemiOpen 0
611.7086170754192 476.855121327381 404.17092681826034 451.640837813685 440.0559595462255 156.37604309347938 647.5779069100827 181.5893031620609 Oyster-Closed 0
640.0010159178055 431.292516 592.0709138630627 431.29251599999986 592.0721825073997 246.08961700000003 640 246.08961700000003 Oyster-SemiOpen 0
638.3068112273759 0 692.8365349290107 165.31381445338255 407.98975018893543 258.21699963278155 353.46282696591516 91.03549870795499 Oyster-Closed 0
499.5847759996832 0 499.58523402128776 108.16319975099336 170.62323173166078 108.16301750418033 170.62350340303965 0.00001463943503069356 Oyster-Closed 0
0 64.128674 288.62948 64.128674 288.62948 272.089931 0 272.089931 Oyster-Closed 0
0 229.93197299999997 199.599561 229.93197299999997 199.599561 544.217688 0 544.217688 Oyster-Closed 0
336.0421033613238 400.6772683354699 336.04994569017435 640.0051938202612 13.094886922262958 639.9988560040493 13.101921384950401 400.6860107227519 Oyster-Closed 0
1.905603 0 170.899435 0 170.899435 51.020408 1.905603 51.020408 Oyster-SemiOpen 0
