553.2559301414585 426.7553443596199 591.9983096270153 559.6276598991515 393.2445780724811 617.5603716947594 354.50841019708605 484.6933338921786 Oyster-Closed 0
600.88244 429.895932 640 429.895932 640 571.547677 600.88244 571.547677 Oyster-Closed 0
640.0017675263371 640 543.7598503113986 640 543.7621470748854 488.1740779999999 639.9979513188009 488.1740779999999 Oyster-Closed 0
608.398429 37.842952 640 37.842952 640 143.046357 608.398429 143.046357 Oyster-Closed 0
0 255.644849 72.389348 255.644849 72.389348 377.67265800000007 0 377.67265800000007 Oyster-Closed 0
94.43091053959506 198.30938830314932 204.5958009930473 243.89008253854234 150.71924405317986 374.097495949083 40.55473649430496 328.517478045016 Oyster-Closed 0
383.41464799996174 0 383.41465322388103 30.27436328208083 310.79651529624243 30.274355806811087 310.79652200001874 3.1783680501200104e-11 Oyster-Closed 0
267.08483093192626 328.9404500600515 324.40310488658724 425.7894905760523 191.38922622354585 504.4983831305749 134.07361435427447 407.6516486189794 Oyster-Closed 0
82.15037136098545 509.7900882156498 164.71887718733342 513.1704281287842 159.3877037900529 643.3595896573786 76.81920402523247 639.9793442099467 Oyster-Closed 0
230.01399993088853 584.2949233170455 230.01467500522267 640.0004200730943 128.4886920000281 640.0000000000192 128.48930419509998 584.2958007390235 Oyster-Closed 0
640.000868684001 273.22611200000006 557.2672780398716 273.226112 557.2680547853815 145.316934 639.999994726677 145.31693400000003 Oyster-Closed 0
387.30802782141836 285.679316653819 318.29588529726607 247.83427024932894 381.9431757657003 131.7759887325987 450.9541988473211 169.6206563864776 Oyster-Closed 0
399.03689745478914 121.05303662958404 421.52796028116427 15.897471411234571 558.3056810161361 45.15190652444811 535.8151423628442 150.30700462309744 Oyster-Closed 0
547.000347619105 162.67035662937278 582.5136278839636 272.6121157531101 438.49966765439603 319.1274947208521 402.98812634711794 209.18720685348507 Oyster-Closed 0
506.58211846915947 429.21082931969664 426.9536622612941 478.62794539809164 343.21352281716827 343.7057075191092 422.839199681257 294.2897223418947 Oyster-Closed 0
195.26712075494288 603.9880281481065 127.95797866943758 520.9047075122974 236.49188363924623 432.9958369541047 303.79976313553925 516.0768836897396 Oyster-SemiOpen 0
17.542955573808285 544.1663804020139 0 540.7133906845304 1.5101941046305 424.9292936541128 31.069657999978517 428.3822139999966 Oyster-Closed 0
323.8579089999985 640.0000000000056 323.85967149355565 591.8623549145623 425.45214879450214 591.8654276521956 425.4515079745761 640.0019524325899 Oyster-Closed 0
234.28340768776252 132.58411925575754 272.29122983204434 275.3523100544518 177.84139765950385 300.4948326353434 139.8348649199761 157.72773638207798 Oyster-Closed 0
170.68665103513922 384.024753601861 139.38102756314038 318.6353619155438 252.08351591230894 264.6820736870012 283.38936877400556 330.0705171735256 Oyster-Closed 0
105.26725559000624 63.40812776465506 212.53585768652556 61.769335253207885 214.97087524934614 221.1538219505773 107.70227521759807 222.7926009017449 Oyster-Closed 0
287.50327356865455 143.28404622170123 276.9683989232726 57.17323709671526 380.2038312236982 44.543366141339924 390.7389720584615 130.6538583598641 Oyster-Closed 0
323.70503215170174 250.9840617775407 254.82613060281437 185.78102969084705 352.7954259356193 82.29139800775357 421.6736355582543 147.4938350851272 Oyster-Closed 0
414.83512355727726 262.6291781535758 371.91064125050616 373.2257663203337 232.42998039684608 319.0923608573839 275.35519603887224 208.49748058902492 Oyster-Closed 0
454.9734071612329 453.35670913196685 402.3207878298854 503.22864974745846 321.3028586960718 417.7044936015728 373.9544169999863 367.83349099998424 Oyster-Closed 0
384.32244669318607 554.7778487224774 299.8767762938951 543.3816431192886 315.7581555235811 425.73316157529393 400.2002930314484 437.12912902262246 Oyster-Closed 0
347.49423091438075 640 243.01962194309453 640 243.02266732534918 512.3935679999998 347.49166247143876 512.3935679999998 Oyster-Closed 0
441.09287297054834 298.00721473752503 552.1350043953862 282.255550152767 569.3048403403373 403.2853549126156 458.2627678505378 419.03676797682033 Oyster-Closed 0
426.4870620000147 215.70482600000156 392.0279515077709 137.285018838629 485.86508818072616 96.05195899521176 520.3243314582505 174.47130354526274 Oyster-Closed 0
