639.1129961445404 444.33330477537396 558.4525034131366 445.5837512311191 555.7349583593896 270.1892231113902 636.3917805654637 268.9388046572311 Oyster-Closed 0
0.41337672460940666 246.5476012123567 218.2603863388067 245.04088562132875 220.51360216682951 570.7882287138325 2.6665923757536802 572.29487250919 Oyster-SemiOpen 0
89.10812637084746 630.6327280121347 95.0080943377543 446.68344370315606 413.4083734878368 456.88881494721613 407.5205012656079 640.8265090129996 Oyster-Closed 0
403.0761200550478 636.8692690882857 400.5122905471944 518.1658170697826 604.6587624830136 513.7555692236147 607.2276402835996 632.4538744220088 Oyster-Closed 0
350.53393746762595 3.8130860600293626 348.4908246366831 119.60869902118988 23.440991335592116 113.87200212270696 25.484917740977835 0 Oyster-Closed 0
218.66557378518337 638.3329307906616 218.66892516132793 557.66517378582 361.778098357463 557.6701433871455 361.7773104208027 638.3353358602295 Oyster-Closed 0
314.3906168475951 59.111317909244676 409.749677005384 0 624.6286274243903 97.67596978210534 529.270631069885 222.8310742557329 Oyster-Closed 0
638.2229532279598 245.33331840060956 579.112676489458 246.59432621619715 574.4988018865115 30.294546580568 633.6078005722811 29.033552175869943 Oyster-Closed 0
436.62071899336297 117.72917925785686 431.80522474060126 180.19321298759633 222.5455094021163 164.0592897736691 227.36164295994968 101.59579443862907 Oyster-Closed 0
114.57415987519198 260.6907994509781 139.37075207220914 88.80354232387563 480.3275720658712 137.9861463172191 455.53578867220494 309.8694276840506 Oyster-Closed 0
4.8888889999943785 164.66666600000002 101.58709039700625 164.32102132704048 102.03307452640729 289.08618289659705 5.3348730918514775 289.4318239185277 Oyster-Closed 0
