601.2498461482028 269.04392174688195 543.4263157089299 382.1355083490672 345.9843584338523 281.1868715835055 403.8082433294039 168.09791446139812 Oyster-SemiOpen 0
479.72447417378135 276.2914872071234 676.3935872970615 371.0318036977347 545.5807499629009 642.5386956335662 348.9148354143981 547.8033076114527 Oyster-Closed 0
345.5375556465151 624.0823354324825 144.7020833221177 543.584283825396 256.95545210262935 263.59384944619546 457.7726260510826 344.08772939330555 Oyster-Closed 0
640.0013719838898 640.0000000000001 424.0018269999564 640.0000000000001 424.00920254229277 491.33858299999997 639.9947501818679 491.3385829999999 Oyster-Closed 0
640.0002092267096 564.306235 624.5972419652389 564.306235 624.5975262330467 481.539807 639.9999983205635 481.539807 Oyster-SemiOpen 0
189.5495800000208 639.9999999999649 189.5531096542254 586.525040234841 389.6353247602383 586.5358675018867 389.6342368370824 640.0083312619879 Oyster-Closed 0
189.9007339362288 648.5931441263892 0 639.867296256255 7.651069375206134 406.2502053248153 200.46647592476802 414.975641771866 Oyster-Closed 0
185.72129679698264 436.94347126207725 72.18795712025894 283.3977285254348 285.76693276037986 125.48677550381358 399.29834523791214 279.0279179327413 Oyster-Closed 0
0 573.1765720000195 0 468.4771224425647 99.4847411988303 302.65638290806845 190.58768237744516 407.352023191063 Oyster-Closed 0
357.65040285128634 246.2848388474865 317.3890988148196 113.13209408193967 454.58761068097374 71.64803081636309 494.8495700515923 204.7997455613467 Oyster-Closed 0
267.462880201565 50.17555099152635 293.4225486523792 0 445.37067026947625 32.95139896018144 419.4112332736404 104.95640477738223 Oyster-Closed 0
476.26384299999995 152.580929 640 152.580929 640 342.605168 476.26384299999995 342.605168 Oyster-Closed 0
640.0000996697054 114.785653 590.7557416894269 114.78565299999994 590.7558582760976 36.39544899999996 639.9999933083018 36.39544899999997 Oyster-Closed 0
649.2270860593271 128.24976607932123 605.7258987319801 200.66465022359594 421.36824916815385 89.9170932156244 464.86937611349276 17.502859387020756 Oyster-Closed 0
458.49671393960307 65.79174273846584 473.1370920655172 94.33510171845823 437.7804645174183 112.46996871279391 423.1401303552411 83.92664741730842 Oyster-SemiOpen 0
340.50731938375975 192.8907267541007 228.48044187456253 176.9557811168968 243.77269598458952 69.45446478310325 355.7984199999919 85.38932700000237 Oyster-Closed 0
0 281.36483 68.953643 281.36483 68.953643 399.31357 0 399.31357 Oyster-Closed 0
51.83040239768161 113.0890824769318 70.53127270832192 0 277.4608740333497 3.153604824779561 258.76069200960046 141.13395201891967 Oyster-Closed 0
0 0 40.081766 0 40.081766 128.783902 0 128.783902 Oyster-Closed 0
42.07292999999481 165.17935399999402 40.854846055735834 103.6301672777482 205.76375760494557 100.36612703268833 206.98234054085333 161.91481346564188 Oyster-Closed 0
168.09861409994483 254.56088378936866 70.10698522273742 268.04953195946825 54.57563532938366 155.21592447229796 152.5655961670418 141.7273923088093 Oyster-Closed 0
408.6881071368407 27.044934810032505 428.6825876076182 0 601.7276366112492 23.230610190099124 581.7333103397687 83.98985451025517 Oyster-Closed 0
