541.8077476763574 469.02708587886906 461.1331205104216 406.69813429272637 572.3725050965004 262.73468179209533 653.0443979945994 325.06202882168446 Oyster-Closed 0
291.85138712549815 639.9996452268279 291.85978901594353 507.4406091151167 497.31389597669477 507.45134772858364 497.311277764602 640.0047012346847 Oyster-Closed 0
640.0002588802454 628.049317 626.1456550270668 628.049317 626.1459486214881 535.902837 640 535.902837 Oyster-Closed 0
322.80778193577135 630.8619381808566 209.99589111830574 688.9615167420108 113.81975859483646 502.25335241715806 226.62384661918622 444.156150964101 Oyster-Closed 0
0 554.833402 124.465575 554.833402 124.465575 640 0 640 Oyster-Closed 0
0 422.54216499999995 112.699031 422.54216499999995 112.699031 575.894694 0 575.894694 Oyster-Closed 0
0 0 118.196991 0 118.196991 134.265734 0 134.265734 Oyster-Closed 0
0 124.393254 44.243388 124.393254 44.243388 260.730874 0 260.730874 Oyster-Closed 0
589.3659250000201 0 589.3659367948567 31.591938247748743 461.8370477196004 31.591925838858028 461.8370600000344 2.48580226823133e-11 Oyster-Closed 0
540.8613059313939 64.28240947377891 525.8205357503903 28.986601478275293 632.906370175042 0 647.947152928682 18.649347720354058 Oyster-Closed 0
554.2688467539847 71.69985308613772 552.0104727605212 36.7990292150155 640 31.10531799997675 642.258429856447 66.00608968877955 Oyster-Closed 0
532.7917884851922 237.18988386933353 429.5419533972745 310.031060834481 257.45862157215015 66.11131296598874 360.70587293215794 0 Oyster-Closed 0
