524.9490055835486 152.94730481579785 593.0148803209158 286.4298845490108 371.31177912291605 399.4704149120114 303.24969364111894 265.9910301232703 Oyster-SemiOpen 0
580.6136422383133 664.8086129062167 354.21627847688796 569.0783554441582 453.5694676276762 334.19006938821354 679.9476338729437 429.91563800406965 Oyster-Closed 0
300.73090852514724 219.90950251674138 419.25577504574903 406.2182107418375 139.87184732373862 583.9213290898257 21.357179287151666 397.6216628254152 Oyster-Closed 0
307.277464 0 607.932414 0 607.932414 210.75147600000003 307.277464 210.75147600000003 Oyster-Closed 0
371.85894125825143 394.57561659998316 478.41231823891576 575.4644433103464 202.51497341276263 737.9297689337358 95.97546244280238 557.0529042742585 Oyster-Closed 0
114.71785036381334 3.4400235768316962 253.89952716803236 0 300.38693293361575 282.1302971621156 161.20532280765474 303.6798411534213 Oyster-Closed 0
0 0 166.15371500000003 0 166.15371500000003 311.62398 0 311.62398 Oyster-Closed 0
12.213792601469322 439.40023106855364 0 392.97560654342067 23.551625059189973 267.0015434857998 94.56920299999183 313.4252740000154 Oyster-Closed 0
0 453.92625899999996 143.655725 453.92625899999996 143.655725 640 0 640 Oyster-Closed 0
258.190943 0 319.549096 0 319.549096 131.49451 258.190943 131.49451 Oyster-Closed 0
