451.6367487154639 0 562.7786045159883 31.16427206603335 443.50244909328467 336.60963766507336 332.36099143585307 293.210450048127 Oyster-Closed 0
155.60951822946663 520.0247390890001 45.941274277938646 550.3319374739981 0 282.179720814211 81.4914273191971 251.87377967367948 Oyster-SemiOpen 0
26.05149408329453 154.25029728663608 200.33913099061465 92.09710434349837 329.8557694318879 455.2646294158555 155.56948324381665 517.4150384350158 Oyster-Closed 0
359.0122227307438 0 476.0542517491558 47.26773832247031 284.72625838061504 256.134797932424 167.68508611297875 148.92348983864196 Oyster-Closed 0
0 80.929598 122.555747 80.929598 122.555747 266.848941 0 266.848941 Oyster-Closed 0
640 0 640.0001105945557 129.04991832175457 575.5775838784757 129.04982170066722 575.577678680711 0.00007197209691747481 Oyster-SemiOpen 0
30.345137999975123 639.9999999999991 30.35434050463664 509.6261144285818 238.6380638411356 509.6383506397489 238.63461673434358 640.0065888230062 Oyster-Closed 0
0 449.27933100000007 94.076006 449.27933100000007 94.076006 632.12577 0 632.12577 Oyster-Closed 0
308.5565982431581 0 308.556741816501 101.70888777555817 153.68837628680922 101.70873650635278 153.68852500003413 1.743739104112373e-11 Oyster-Closed 0
574.7264086968062 0 574.7264567560342 77.6486785080812 474.6903927553649 77.64861705446813 474.6904530000029 0 Oyster-Closed 0
640.0003407597251 271.2235140000001 596.17879324971 271.2235140000001 596.1791434985935 176.07655499999996 639.9999732441938 176.07655499999996 Oyster-SemiOpen 0
640.000251972524 463.704717 608.8913337558188 463.704717 608.8916960199276 401.36705399999994 639.9999882851262 401.36705399999994 Oyster-Open 0
384.9542899621156 557.4920043903019 306.6740412593208 568.8641358812239 287.1996407087863 434.8237038339273 365.47589976369636 423.4518731744706 Oyster-Closed 0
655.5367744426621 586.0449539847228 446.32994536870683 688.1838802366191 311.46938932695775 411.9852747927458 520.6565262498043 309.85197984613546 Oyster-Closed 0
277.6823014719412 322.624722304758 369.211204500607 329.86758184257974 354.34796340065077 517.673797081972 262.8190819111478 510.431149928749 Oyster-Closed 0
401.79047994926805 388.7078192324848 230.0285917011206 415.5198687507562 194.7074922685715 189.2362325307219 366.46174294852244 162.42475483044475 Oyster-Closed 0
421.8101592241874 326.8239387267771 495.5410807314911 183.45208848560176 659.2727216712228 267.64918082609364 585.5452255592536 411.01810165687795 Oyster-Closed 0
228.82611034154252 639.999793139415 228.83022073539905 568.8501703840675 401.66278460608737 568.8583924901666 401.6614379051316 640.0052358514876 Oyster-Closed 0
230.9844766616152 184.0598383462384 168.60487798723625 217.77249760017287 107.87326234465581 105.40007660277512 170.25225699508155 71.68760743704958 Oyster-Closed 0
153.19874662767688 0 153.19881878327578 75.78953879640703 23.84816600002523 75.78947400000665 23.848230929361307 0.000023557273333401253 Oyster-Closed 0
