386.1980209022295 321.6434801139427 378.59349768870743 411.57643692131364 233.79494428110775 399.33164012214286 241.40105610822502 309.4004522425155 Oyster-Closed 0
312.76473160141904 639.9989745437413 312.78254872973775 413.92026844167526 593.5437858686055 413.9415151035503 593.5383980288316 640.0076367148193 Oyster-Closed 0
75.71076761065342 288.97536695351937 116.74825399786641 67.581932366769 507.1919007151155 139.951351489157 466.1622984371206 361.33777568969487 Oyster-Closed 0
640.0010850458784 219.92797099999996 391.48340192572505 219.92797099999996 391.4858820603695 0 639.9987941439758 7.951386703658792e-14 Oyster-Closed 0
0 0 185.906201 0 185.906201 137.334934 0 137.334934 Oyster-Closed 0
117.29674535265076 132.30826855990554 111.67731477529742 3.0424079667849524 369.03635215581744 0 374.65654460967926 121.11916205419364 Oyster-Closed 0
429.2296949998854 0 429.22999778624217 159.42378060205778 297.7411938501609 159.4235024017505 297.7414609999687 1.020162914079423e-11 Oyster-Closed 0
0 134.453782 227.021947 134.453782 227.021947 330.3721489999999 0 330.3721489999999 Oyster-Closed 0
6.509136859094724 504.90773585321875 0 440.53515001186975 56.79873383560334 263.1203898009338 141.44331688410603 327.4910384984866 Oyster-Closed 0
0 557.022809 81.58968 557.022809 81.58968 640 0 640 Oyster-Closed 0
358.7878038820054 583.857283904491 114.1918607767002 696.2267052619516 0 404.85400790744916 224.8925768268964 292.491160236617 Oyster-Closed 0
342.0917819361057 612.5560562329058 259.2669779620337 743.8328750797149 0 558.7687926608804 48.71459910347767 427.5008479464819 Oyster-Closed 0
640.0057059471146 524.3697479999998 493.68269570797565 524.3697480000001 493.68848629113927 203.60144099999997 639.9994242370303 203.60144099999997 Oyster-Closed 0
527.7572962923296 459.06306295596517 390.3286948821187 484.530672453423 355.0610658903315 294.21932462829125 492.48292909702286 268.7523228668807 Oyster-Closed 0
