64.61343885588576 332.23654286119813 247.16669588873629 374.59208437480015 190.7136739364796 617.8674033687306 8.161013284188812 575.5137204237193 Oyster-Closed 0
0 143.148995 152.224724 143.148995 152.224724 359.563227 0 359.563227 Oyster-SemiOpen 0
453.90881587220065 499.34974891315994 329.5920692249638 578.6701548867063 223.4795698185917 412.3819881391819 347.79017818320426 333.06415782152493 Oyster-SemiOpen 0
597.4681455919199 445.5303518316709 648.5926779030706 567.8935233601776 399.4677744922228 671.945640069211 348.35127051708696 549.5892474361985 Oyster-Closed 0
152.93525299995963 639.9999999999897 152.93929017192568 555.6850221279337 286.87633762776386 555.6906040809239 286.87481447239406 640.0030764184155 Oyster-Closed 0
250.04492086816754 639.9996920323296 250.04811012484424 557.940780376483 406.56408912633196 557.9447395438872 406.5637499823788 640.0008748032611 Oyster-Closed 0
640.0013763056631 640 534.1299869999784 640 534.1316677837312 574.850299 639.9999549200584 574.850299 Oyster-Closed 0
449.5882819986582 0 449.58979318646016 229.94083597265447 213.2195594960649 229.93992982281424 213.22035187629808 0.00022756590981670022 Oyster-Closed 0
273.2163988662069 250.80047673283784 408.3312298681267 215.0370569995202 466.8242001815088 436.00952588697123 331.70968637859914 471.77194965759236 Oyster-Closed 0
640.0057599149295 545.544205 484.81998902832856 545.5442049999999 484.82474756703596 321.239874 639.9998542207322 321.239874 Oyster-Closed 0
119.82348571742477 340.5334502507376 184.69672175255255 255.22136714265275 283.8455333183083 330.61117160575037 218.97375260487024 415.92193689327104 Oyster-Closed 0
542.4789893907291 217.4482787874571 442.67590726944036 302.36437182639264 340.52978542131314 182.3128712917156 440.3315272836335 97.397715108945 Oyster-Closed 0
94.43966591919889 143.87813351616302 192.14583399458206 50.1657865454992 302.07177088435856 164.77564405345905 204.36653431948798 258.4871017913882 Oyster-Closed 0
55.55279900000001 0 248.896652 0 248.896652 75.51955 55.55279900000001 75.51955 Oyster-Closed 0
169.4876918008231 80.02796463509128 111.97392386602587 180.42556451878147 5.547460332236369 119.45815064045247 63.061285264775506 19.060922556516907 Oyster-SemiOpen 0
105.037228818328 298.9124608148828 157.90726009916398 205.77879840156191 324.7517174155655 300.4870632268206 271.88397096979315 393.6187473640042 Oyster-Closed 0
345.89028204361966 555.4818363616391 256.2975547218957 591.7714864297319 186.0381921788212 418.3385407653707 275.62565920859925 382.05007609778954 Oyster-Closed 0
452.41872854632675 0 576.1251503609674 21.37109271795868 543.7613314779446 145.59073003737137 420.05493887765624 113.36080047920335 Oyster-SemiOpen 0
640 0 640.0000528515375 67.06586961780073 498.66456135263434 67.06580155298019 498.6646272148937 7.772702465786301e-7 Oyster-Closed 0
631.0017605115718 200.66373638021753 649.930227925579 298.7730162163898 489.35700783426 329.7490486991901 470.43033758731326 231.64134677721773 Oyster-Closed 0
479.64742351919995 471.3773811047562 404.7328637071041 436.5384766293187 460.2866115990764 317.0978655382053 535.1987769999687 351.93612799998516 Oyster-Closed 0
518.5333839301893 283.96753461393007 533.7757399999828 350.6586830000213 467.12575932513573 365.8897430980522 451.88403015970835 299.1991298954363 Oyster-Closed 0
482.25574199997936 243.99201500002277 458.5161535732186 136.49388479882322 591.5546620200621 107.1144772201471 615.294925502385 214.6116813475365 Oyster-SemiOpen 0
585.947892 61.956087 640 61.956087 640 189.700599 585.947892 189.700599 Oyster-Closed 0
548.4657354195951 162.06804339804359 502.74030288164795 113.04736067518797 578.8581846471061 42.04690499582884 624.5834643865965 91.0674049483484 Oyster-SemiOpen 0
59.545328061212786 153.2934168619966 0 152.21751971197384 0.6389965441485401 0 62.2230820688128 0.00593222578944079 Oyster-Closed 0
0 341.077844 91.500549 341.077844 91.500549 486.470256 0 486.470256 Oyster-Closed 0
0 533.972057 158.672194 533.972057 158.672194 640 0 640 Oyster-Closed 0
154.040250725011 599.6170368091803 137.33464779652422 531.3975568458658 265.45572340342915 500.0299912646634 282.16254460247 568.2475783905686 Oyster-Closed 0
369.38016108892043 183.4661586211649 379.66209149228234 236.4248316080587 257.6375432580244 260.11421745318484 247.35623480315553 207.15609804775087 Oyster-Closed 0
338.6771776519163 247.97344503370726 320.85127415404713 300.2270300429656 218.42438689207484 265.28582302871763 236.25056099997892 213.03275899999556 Oyster-Closed 0
