466.21181662274466 119.5780948161785 385.31171091068245 370.1771352318733 0 240.47860830227438 64.47338682621194 0 Oyster-Closed 0
200.22071651670558 592.5665049949315 107.74938929826021 493.8979702450796 391.3063862661511 228.18881229965973 483.7725493885955 326.8513406753246 Oyster-Closed 0
518.1501407427277 0 663.1169692474214 28.29642996559705 568.330024175666 331.0963722604837 423.36349218923715 285.71837423310166 Oyster-Closed 0
640.0012523622718 526.5211200000001 604.3487557598564 526.52112 604.3503172378405 261.340554 640 261.340554 Oyster-Closed 0
589.0755689999787 0 589.0757656228379 111.39249394433085 430.28792702651117 111.39233750303673 430.28808118506277 0.00006430703066394779 Oyster-Closed 0
0 0 110.40753800000002 0 110.40753800000002 126.582278 0 126.582278 Oyster-Closed 0
0 263.9246700451662 28.78584606711229 203.18229379415504 206.70630961365532 384.4486507755038 144.81940691570344 445.18915755337645 Oyster-Closed 0
144.12204776024737 460.7685345977165 49.52213817872689 554.3773411385195 0 410.744794552499 1.9740702427952783 317.1393632432342 Oyster-Closed 0
34.607797999997274 639.9999999999993 34.61434800425195 535.0168234650035 224.51644001426757 535.0279218322526 224.51426187239122 640.0066136689964 Oyster-Closed 0
243.6140556423925 309.54925979379715 216.42722880467772 468.41454777566895 93.89023768228071 447.4447152193894 121.07924899013597 288.58223553975006 Oyster-Open 0
488.20920598060184 304.0746746734592 474.2011674572859 384.7144673258631 378.23533318594855 368.0443720292055 392.2441431955667 287.40552279243053 Oyster-Closed 0
681.044486423416 572.5240461967237 576.2643787015986 714.2037231492379 286.15779441359336 499.6844468994507 390.93468655948527 358.0140476657072 Oyster-Closed 0
427.1428357886907 626.6018909410178 297.5077695788059 703.4307029972582 207.42253956654167 551.4588705806856 337.0501513063937 474.6328437758703 Oyster-Closed 0
608.8284613085852 491.7456412093919 478.5303793436469 478.1791675740129 509.1712492363149 183.9772602821971 639.4592953444226 197.54319199635103 Oyster-SemiOpen 0
