465.0434619186126 1.5799249260164714 572.6234523047606 0 601.1408951243357 87.0392944200533 493.56093731868896 114.26477208355217 Oyster-Closed 0
227.56158757612866 41.47247617310111 122.04662700503832 114.83218271678318 72.81442826650164 44.02025738077032 178.32913970385562 0 Oyster-Closed 0
46.83469338604482 0 129.93318635431933 0.32535436191328715 95.54251016008493 110.40540592081732 12.444038949906826 84.44426451920391 Oyster-Closed 0
338.9572283346206 206.20994008601104 274.6815850443818 260.2410754051548 169.09889061564172 134.6415077747279 233.37375660230464 80.61090217862576 Oyster-Closed 0
331.4486383416079 261.77689443278905 300.79044901009183 155.46631507098857 484.66736429509183 102.44004671474677 515.3263998940383 208.74925418659134 Oyster-Closed 0
513.9630461591878 201.215822725913 524.7639317472203 229.8292919931853 433.91858234295796 264.119367062258 423.11798148242815 235.50613968165607 Oyster-Closed 0
603.3906044915057 211.10272264659784 614.5660038036294 310.30882380874993 501.5509873966221 323.03783166706006 490.3768103868788 223.83284346034583 Oyster-Closed 0
599.4807423331076 221.85724476180891 664.5947544635419 252.53288906102284 618.5982445823902 350.16188211843917 553.4844494822755 319.486590201759 Oyster-Closed 0
558.1198066553043 479.12172056168373 475.47174683379126 532.5666996477037 347.52923735024524 334.7361550344138 430.17280716157984 281.29312925350155 Oyster-Closed 0
275.7468259693269 232.0244405192358 233.64626683935057 292.60373112293007 137.40784875612007 225.723481186775 179.50822044142114 165.14483110742862 Oyster-Closed 0
577.5958045256994 661.1734508031714 506.6780088342057 617.7238958338655 575.807883356465 504.92328290518765 646.7225789762597 548.371601581604 Oyster-Closed 0
640.000208933925 498.34710799999993 620.4771743554011 498.34710799999993 620.4774707295292 422.31405100000006 639.9999977340485 422.31405100000006 Oyster-Closed 0
216.82071180686762 405.730305115232 126.50631840486312 387.0281494206214 153.50838773672876 256.6523403024338 243.81994532144745 275.35419449122105 Oyster-Closed 0
0 288.429752 84.728711 288.429752 84.728711 385.950414 0 385.950414 Oyster-SemiOpen 0
0 411.570248 97.599548 411.570248 97.599548 516.528926 0 516.528926 Oyster-Closed 0
0 379.338843 56.573757 379.338843 56.573757 439.200662 0 439.200662 Oyster-Closed 0
86.25830253673485 403.58142885100324 174.12199691898422 386.1627972586284 196.4607055747183 498.82903667570696 108.59711094832164 516.2473344271746 Oyster-Closed 0
0 518.181818 94.38183800000002 518.181818 94.38183800000002 618.181818 0 618.181818 Oyster-Closed 0
0 581.474606 39.680785 581.474606 39.680785 640 0 640 Oyster-Closed 0
363.23739200001 0 363.23739712737733 26.923076806734155 286.7451255323249 26.923071400750437 286.74513099998876 2.4828204982174577e-12 Oyster-SemiOpen 0
