229.42540200965595 395.1313152001015 184.56487191157066 381.15013733091405 203.77735887348535 319.5115155927948 248.63716972220573 333.49257285256306 Oyster-Closed 0
536.6788197079586 421.4080987079421 559.8766340272414 348.73325783376777 661.5063327462121 381.16984921408846 638.3098865061766 453.8435191597086 Oyster-Closed 0
125.33174690208398 444.86893151364626 120.20932987550623 388.5263594492071 211.4896492769185 380.22829515068474 216.61277450657508 436.5700804539653 Oyster-Closed 0
308.47771542808914 480.66807689734674 287.7459246663784 415.77055714745245 463.5173537373339 359.62529343706547 484.25014976201055 424.5209681147832 Oyster-Closed 0
583.1228125117923 444.3653972576835 510.16255223170447 502.399140571884 458.24767944686755 437.139554143813 531.2066856137972 379.1065801671788 Oyster-Closed 0
0 394.676375 102.696872 394.676375 102.696872 492.666666 0 492.666666 Oyster-Closed 0
410.5758378622704 426.7496749503059 436.1882434740255 473.2227868919816 360.72270788608876 514.8057499210727 335.1111110000056 468.33333399998315 Oyster-Closed 0
380.99589539997396 537.864241548437 426.6418398384849 441.95441352086647 526.9543565378262 489.6873613219139 481.31080635452236 585.5951528730326 Oyster-Closed 0
253.30297578468162 530.8934181815271 317.58819337068417 501.7575234682562 349.7940560198185 572.8012782024339 285.50912508195324 601.9367076988352 Oyster-Closed 0
321.77777799995965 510.33333400002044 364.78928023447224 477.44962931235875 438.5522340158059 573.9107397565426 395.5414376797853 606.7936369452478 Oyster-Closed 0
14.772998986227321 533.0697411635742 101.12844896422757 474.23414022252297 180.52949753182475 590.7499502517992 94.17546440679871 649.5838292079054 Oyster-Closed 0
211.30669047859556 548.5344888050757 245.514271826396 596.5008139100808 178.52272677380824 644.2628351998513 144.31612276675878 596.2973862272758 Oyster-Closed 0
219.11028200003784 638.0000000000222 210.3110533279687 613.7370799025542 277.42226048532757 589.4049032565111 286.22166898632713 613.6674297274747 Oyster-Closed 0
2.6528919999691425 46.5533980000001 75.25372183561558 46.05951811258491 75.68522003020917 109.48993905333012 3.084390135772992 109.98381800587885 Oyster-Closed 0
243.57574084526277 84.43027036456031 218.39642488819663 138.37634758701438 93.77678366152395 80.2101303182885 118.95615772926249 26.26427394458777 Oyster-Closed 0
317.7436184074031 153.98436612406658 354.35703228336934 73.78588094291075 430.3056403280061 108.45878927091127 393.6926219463203 188.65693392308202 Oyster-Closed 0
610.4840293548477 133.09688235983225 589.1713908056408 224.9056219929256 499.3988743202499 204.06565096208783 520.7118854593864 112.25743804263374 Oyster-Closed 0
213.89680664768093 228.1416001730871 145.70420680094685 204.61363843045976 175.47876216347504 118.31935610919498 243.67063373778365 141.84718156120232 Oyster-Closed 0
221.8966712022666 229.92967096739534 225.35110702468955 157.78079309674158 276.1223245934525 160.21164734679573 272.6681649224338 232.36026343373197 Oyster-Closed 0
352.59894105583953 181.27166593634908 372.28596847671724 211.26943943446233 282.7961709404917 269.99750239084665 263.1094519999897 239.9999999999861 Oyster-Closed 0
77.63695986905077 171.77817531234186 94.74728695153317 231.66113906877342 1.2538166759622982 258.3734844725957 0 198.49098755855394 Oyster-SemiOpen 0
613.9683141643764 224.17858770219553 608.5346333440975 268.06569374279616 455.9981471275387 249.17945949828442 461.4323373550724 205.2929284973536 Oyster-Closed 0
265.9078558917099 269.43496576244763 225.3855889577244 338.35434649306245 43.55084443377564 231.44486609881147 84.07300166814821 162.5269126148423 Oyster-Closed 0
229.5254027062765 0 238.37517487358127 41.77983746663784 111.55520433094352 64.98968824507247 102.70550200002617 16.63430499999121 Oyster-Closed 0
282.5770279279823 297.82145486667696 276.1093167618674 354.04475061299735 104.9117146494973 334.3497733097393 111.38041740479821 278.1275736278909 Oyster-Closed 0
