62.99295070573862 26.7585108507808 78.68437963261385 0 219.69420346249535 12.922170865096591 204.0028407292266 67.38506137317614 Oyster-Closed 0
261.2712165708217 385.50339088920845 250.94544870356913 318.95500638701003 433.748329660084 290.59179947319484 444.0753545363259 357.1386615705598 Oyster-Closed 0
492.6712341226812 300.25756721844465 545.316181619055 365.63672241909677 472.71982093006955 424.0866383971683 420.07576813790365 358.70830824926264 Oyster-Closed 0
0 318.333334 73.312662 318.333334 73.312662 420.6666660000001 0 420.6666660000001 Oyster-Closed 0
397.68763185587886 343.21722842911237 419.63202572580485 390.2031002395928 318.47900613625825 437.43919296884707 296.5354968531028 390.4540712068981 Oyster-Closed 0
354.78408893875894 404.967927963832 450.7375059177866 381.54595011028215 475.43450057804876 482.7093692127307 379.4812258572347 506.13094731041133 Oyster-Closed 0
261.6496428468963 437.8387829068624 215.21771522398922 514.717489251291 85.99658789360547 436.68213490097236 132.42837849451462 359.8053553425701 Oyster-Closed 0
298.1527128090238 508.0134251031483 228.8402021695947 511.16346712302885 225.29108409493347 433.0623110765025 294.60171217200696 429.91231173676283 Oyster-Closed 0
281.26842772318923 438.38751537379886 324.8455552668747 402.0794440179707 407.6645880279102 501.46413528571907 364.0882222871005 537.7713823527581 Oyster-Closed 0
488.3669782067591 461.71439014544853 532.1914122581802 425.97398414208635 577.16368953239 481.10986153926774 533.3396610284399 516.849821112084 Oyster-SemiOpen 0
6.9761711543105775 543.3316679431954 6.244130891063833 421.9291474020157 116.15449065851863 421.2664983300837 116.88888899996527 542.6666659999999 Oyster-Closed 0
191.5934672547155 472.55145530819584 217.5915002788679 529.096314383693 136.9107565774175 566.1827558605712 110.91385696432553 509.6388575531418 Oyster-Closed 0
327.25725212178077 638.7148196276844 240.7034168580867 628.5114212459031 254.96003204825683 507.6283367950444 341.5094366136327 517.8314716319807 Oyster-Closed 0
64.77946328071994 634.0982817841661 64.94509276206372 566.5518414366853 246.89238270948408 566.9960389752328 246.72950037725968 634.5397044005684 Oyster-Closed 0
366.6665580271365 16.333216853470653 415.096048132109 68.87734445085057 341.3182205936755 136.8773094489662 292.8888890000235 84.33333399998469 Oyster-Closed 0
485.45943669094413 155.65605222634906 462.9058884360711 81.03501736628655 582.7024838657962 44.82775493365825 605.2562208744348 119.4484194644386 Oyster-SemiOpen 0
185.2027292711864 155.96728661077367 114.64036566154391 138.32685875653905 137.1765525519004 48.18308201114903 207.73845985175285 65.82345152913304 Oyster-Closed 0
182.87689047545427 119.50207885796367 232.99809342126537 92.0286725759772 260.7688872098515 142.69190406598338 210.64773777135997 170.1652338424316 Oyster-Closed 0
0 105.813954 58.253229 105.813954 58.253229 177.66666600000002 0 177.66666600000002 Oyster-SemiOpen 0
316.76860933082935 109.00769945135843 336.0428257947933 146.25824942903554 218.61237318720669 207.01769686355945 199.3385020000278 169.76744200000786 Oyster-Closed 0
431.37473817449063 188.78888955114576 431.78104175502085 143.97036894606669 579.9488359224779 145.3132645254823 579.5429531588161 190.1313396634584 Oyster-SemiOpen 0
232.4224884234718 190.23192389125313 193.21633677755017 259.70686975369017 35.281594259431586 170.58210884516225 74.48776011391601 101.10801587715702 Oyster-Closed 0
244.44563963756082 224.3310451649814 235.25399494603334 281.8692777410352 68.45054264056671 255.22208528067563 77.64289208134869 197.68469751251672 Oyster-Closed 0
453.9900807108643 52.56218167120273 453.1029273877357 1.6939014556632888 559.347749041699 0 560.2349542530283 50.70916654926522 Oyster-Closed 0
209.99974078549712 386.031004519233 168.98264641233254 332.83639026810926 295.69237913885445 235.14124568791442 336.708990028128 288.3348255357291 Oyster-Closed 0
636.1796891405538 315.6038160442841 606.641454255805 383.4292192376023 499.2367069685861 336.6565836701272 528.77525533484 268.8321115425615 Oyster-Closed 0
93.4623991697299 371.2802404554224 83.70759292592993 305.2879180754249 168.19220499906805 292.80054026720785 177.94758173367882 358.79216494164615 Oyster-Closed 0
