346.50001708047057 643.9690781184829 331.83093461098906 423.0772298092125 597.0409984196158 405.4680967349722 611.7207469591813 626.3481970417106 Oyster-Open 0
638.9059476588591 293.2623600831249 651.4358066626301 317.4952648257645 533.3177137503662 378.5634885296056 520.7883259116352 354.3309859679079 Oyster-SemiOpen 0
448.4015932845068 246.96187187486348 450.9377077498357 287.6774706941504 333.93133751902496 294.96433494693355 331.39573280081095 254.24922318442668 Oyster-SemiOpen 0
46.216442901059054 204.536414047197 73.4403725618904 104.6961750752524 358.3488378304901 182.38034893350806 331.12737608273164 282.2184773403096 Oyster-SemiOpen 0
41.772329556551995 639.9992039181998 41.78975410766725 479.0432459487856 363.3575010518689 479.0716543653763 363.35080434175325 640.0170714322089 Oyster-Closed 0
635.9521739347838 332.91682326825196 678.8590132556419 454.4822227262498 560.6952072829154 496.18019246386103 517.7910564238846 374.6170294608874 Oyster-Closed 0
347.9683030144952 457.0593016417415 324.2151643127727 344.6921981745805 505.6169310259429 306.3491008116854 529.3722192988935 418.7132339654067 Oyster-Closed 0
637.2912724583148 251.08920445705405 651.755312552923 277.9306512242254 556.4715505524509 329.2724325031427 542.0078752053814 302.431298419977 Oyster-SemiOpen 0
557.304749490213 178.2029946379402 622.3976780871453 269.36411260707405 438.5676809978031 400.6161248534991 373.47723029386543 309.45719761474504 Oyster-SemiOpen 0
217.0892726211605 146.0355792428665 265.28106781624956 32.97920333811741 442.11277371738106 108.35533246993661 393.9221885022562 221.41067761106194 Oyster-Closed 0
92.20501948075253 131.1977533355536 99.29942152455624 37.13877330985513 283.4805344830238 51.03044613222336 276.38676497321285 145.08878154156525 Oyster-Closed 0
0 377.075099 79.009352 377.075099 79.009352 556.521739 0 556.521739 Oyster-Closed 0
0 552.317931 72.951007 552.317931 72.951007 640 0 640 Oyster-SemiOpen 0
193.05184503704368 272.71154303520507 300.6658727769536 337.53489763827895 173.6124044861208 548.4322478486756 66.00025911218836 483.6112597799178 Oyster-Closed 0
132.37123598781181 297.12464381768353 194.6762683372799 335.6439888421045 113.60999563024961 466.75421026849267 51.305613446675125 428.23570907167715 Oyster-Closed 0
240.56543556202087 375.80672160498546 378.8711672374484 403.8433423774916 355.0128621949989 521.519998037613 216.70727975812042 493.4839393512191 Oyster-SemiOpen 0
73.8168863680039 435.57337721324836 0 364.56102835985473 45.75815213051101 232.6295506040649 157.59350025960885 303.6406560632839 Oyster-Closed 0
149.9785089999932 305.9288540000245 219.5841509539605 199.10532873506395 389.90841115635703 310.08081290010745 320.3055222119292 416.90190023822703 Oyster-Closed 0
26.215220000012778 268.7747039999949 37.66625829244731 209.23256709522136 152.7738177509309 231.36871339993664 141.3235212467407 290.9101921120068 Oyster-Closed 0
0 117.786561 50.448593 117.786561 50.448593 237.944664 0 237.944664 Oyster-Closed 0
29.792419656077982 167.8010685319365 0 76.36063655757276 61.54838522306818 30.932135280215153 112.04925698904844 122.37224874437901 Oyster-Closed 0
5.443759999980102 63.24110700000686 25.588201236751047 4.429279941681331 121.34860613776254 37.22943214398275 101.20429120637709 96.04115461427249 Oyster-Closed 0
302.1071778960322 269.96776986054755 293.4810262924293 212.86915643485634 458.2505656914145 187.9769866384193 466.87737938627834 245.07475743779372 Oyster-Closed 0
390.8690119194216 59.77336164745854 423.7009710838902 13.79737204405461 556.3366945964663 108.51363317902377 523.5050024364318 154.48938359199198 Oyster-Closed 0
139.26304432905454 73.48782729231198 127.94795367066399 38.093223320646906 221.6663348840666 8.132942554657001 232.98145293316338 43.52749096234524 Oyster-Closed 0
565.6365370786807 179.1327209006883 640.8253629250976 180.04733809074065 639.563245008685 283.7998493857073 564.3744192998565 282.88524026518417 Oyster-Closed 0
595.6587805059826 127.88470880827326 605.7485931040719 72.65270031703774 648.5364900074637 80.46919239976543 638.446786726854 135.7011002020995 Oyster-Closed 0
315.09501910346444 17.39575430179328 327.08066819715896 53.01306090678729 242.524628540923 81.46704455924402 230.5390520000219 45.84980200002139 Oyster-Closed 0
