591.0286690854991 238.04612262040757 451.7694281914737 193.29239379500393 523.3898983592371 0 662.6464587653027 15.19376919585264 Oyster-Closed 0
132.76083896678756 129.65025189906055 226.8954400693474 89.42843235615365 288.6166766507813 233.8774157431148 194.48232030903455 274.0988094203043 Oyster-SemiOpen 0
289.62130899999465 0 289.62133922075736 47.78280678547577 172.17251736816252 47.782790248987254 172.17253719332803 0.000003476923601125403 Oyster-Closed 0
594.6125870232936 316.22309514299207 493.99908168023103 396.87468882895746 371.2445931248658 243.7442365481507 471.85553688032087 163.09424111109627 Oyster-Closed 0
0 29.683257999999995 95.134198 29.683257999999995 95.134198 220.81448 0 220.81448 Oyster-Closed 0
0 222.26244299999996 66.718858 222.26244299999996 66.718858 346.982797 0 346.982797 Oyster-Closed 0
171.26063948213414 534.8081726861807 118.33931919238239 624.195727392063 0 540.5181372050724 29.897407871467294 451.1335651045348 Oyster-Closed 0
245.28524317138363 494.9853504424774 156.06777247638092 573.964117007512 11.132233000098495 410.26145774068704 100.34590049544931 331.28559735609554 Oyster-Closed 0
0 588.597285 113.176208 588.597285 113.176208 640 0 640 Oyster-Closed 0
445.2467319769494 639.9991572837422 445.253074336797 513.2985667823771 640.0010924689559 513.3079196237567 639.9999999797001 640.0031192996485 Oyster-Closed 0
468.4582443506224 491.50567662366734 484.9963264964754 530.6787826607848 379.70782917742326 575.1184155788808 363.17079328146065 535.9461966165286 Oyster-Closed 0
220.28809225499572 575.2858902697442 182.9195184037235 429.2164290443896 437.65051490794576 364.0565258296257 475.023519549286 510.1194637905692 Oyster-Closed 0
