370.2748521815374 290.050931608083 238.51056491199415 508.1178997817113 0 331.25718349854964 77.56535577878822 113.19922440847552 Oyster-Closed 0
639.9999969221972 0 640.0001380639151 143.3247546444321 540.6711997197272 143.32454323276102 540.6714306211506 0.000023820568817881674 Oyster-Closed 0
449.5533211639122 305.2162598175778 355.6956479600922 208.13548378100873 472.0066850632429 95.69036605916 565.863272849092 192.76997224097363 Oyster-Closed 0
353.49040085558954 639.9982409205676 353.5110923960747 367.3554615575753 640.0062318149867 367.37728533214397 639.9999999061401 640.0054649178593 Oyster-Closed 0
286.9383758080221 627.0155761698203 275.16300359573506 560.0356812405811 362.64388087947736 544.659889556045 374.420264069704 611.6384817932965 Oyster-Closed 0
249.7898600184999 639.9998833805181 249.79117082388257 617.7884941533977 419.44064839655766 617.7955574063025 419.44022013842186 640.0060646556215 Oyster-Closed 0
265.33648619413725 429.19052327504073 349.993155036791 489.9889601457181 238.00927721196786 645.8821609073392 153.35455830463616 585.086041902039 Oyster-Closed 0
190.50993566772377 482.9691470295142 109.83451193285873 588.7374516365683 0 464.44285570577597 27.53217079480237 358.67830408520535 Oyster-Closed 0
0 502.03027 54.10696 502.03027 54.10696 640 0 640 Oyster-Closed 0
201.75640251647565 629.2287061327968 135.53213373692415 621.3081103614894 153.01203684495704 475.20996027639916 219.23223800004052 483.1303060000027 Oyster-Closed 0
152.58812200001557 640.0000000000124 152.5887038520159 615.4291120572565 218.95517929049674 615.4303415413814 218.9549779931258 640.0008494582534 Oyster-Closed 0
85.79301425575977 125.3356652556002 121.57774070750747 60.560830315257014 193.23516211610695 100.14756845078733 157.45069765980588 164.92217664589774 Oyster-Closed 0
