458.4608715977811 0 458.4609191175696 45.71426566025949 200.3754322914756 45.71420438186978 200.37548597741988 0.00002513126270374822 Oyster-Closed 0
213.30015920953883 484.13100423468137 190.03739065228729 277.2003737634883 619.707598283494 228.89668004422447 642.9809078023391 435.8146589001028 Oyster-Closed 0
2.2670390796702122 629.7481643346509 11.260955351099255 394.1723161739186 459.6071239865705 411.2820965692912 450.63472168279986 646.836030835645 Oyster-Closed 0
144.12855734037294 339.1346671830861 107.87322032265365 214.2660488050977 418.0185438173794 124.21640901585704 454.2760608855315 249.08171023168183 Oyster-Closed 0
347.593199000039 163.46320299997345 412.3605868875893 84.78571107342844 554.7051088668377 201.9614730044941 489.9387841963471 280.6379479382376 Oyster-Closed 0
0.5252838408341631 273.7300670457221 0 173.78603470896326 128.37767993536545 129.58360286019422 156.67157625306572 229.52649165252848 Oyster-Closed 0
0.7149192416545702 365.492183408669 0 293.20705774676605 155.80336833801994 231.07098458039076 180.75309954794648 303.3545209363185 Oyster-Closed 0
20.58987593256461 426.15501264415457 16.721857019001618 366.79302149509977 226.14145924773766 353.14685073426915 230.01115155340813 412.506995061157 Oyster-Closed 0
164.65179600396368 10.203877310725344 167.772198458988 81.84552737650115 0.07129160905606113 89.14945168090952 0 17.507997765258875 Oyster-Closed 0
0 99.74026 111.31782799999999 99.74026 111.31782799999999 182.649404 0 182.649404 Oyster-Closed 0
196.43754500000796 0 196.43755209959636 21.471860224343015 0 21.471843466157136 0 2.870450600020824e-12 Oyster-Closed 0
105.13510347307601 144.01336681687647 106.46305976544681 39.55685297364577 497.8045826141897 44.530004478268864 496.4780699025141 148.98511301131222 Oyster-SemiOpen 0
