501.43231417416246 185.03860410970344 637.9290632292395 212.4213921077434 577.707804996171 512.5871773273234 441.21137712703785 485.20544060479125 Oyster-SemiOpen 0
366.2977107938059 83.99482888196528 381.7157194111496 124.36078882237874 256.1197337871272 172.3317993097411 240.70202775896178 131.96609481700796 Oyster-SemiOpen 0
402.4720377595804 548.2276039080792 505.6548695704987 452.33665049775834 605.8611898510571 560.1418528834201 502.6812112211337 656.0298873662329 Oyster-Closed 0
271.11034828878473 639.3104520608157 163.88786397052172 684.4512634390804 85.75284862396074 498.8940515579329 192.96764612467086 453.75504058764506 Oyster-Closed 0
282.7632067890954 667.2820785760011 184.29556926734222 580.7073282076345 289.32648818197777 461.27906066211955 387.7903600001446 547.8510030000172 Oyster-Closed 0
89.94651072083798 544.1552330440893 61.646979380529956 447.84371809293225 267.8291574985633 387.2690053275271 296.1307081470295 483.57680619521113 Oyster-Closed 0
87.90373399999226 640.0000000000014 87.92766829385073 446.20390615972747 440.5400290169928 446.2395439976533 440.5298301568837 640.0223952734318 Oyster-Closed 0
569.9240120794275 639.626643615721 298.85801800912304 840.3240613617559 0 381.94937128827803 230.4735468045692 181.26700532662375 Oyster-Closed 0
143.81242044153623 111.98411054321221 131.91100043884944 151.76851368845894 53.78259963312303 128.3966389456688 65.68410156622122 88.61238436605376 Oyster-Closed 0
436.75026891738526 263.16255174710676 532.814277589714 245.25901893640568 559.813932176985 390.11976554107724 463.75001948021236 408.0229790070497 Oyster-Closed 0
238.9794680000341 294.9379179999978 327.26406094145204 195.18570377769964 536.921317518354 380.7272328862069 448.6404057694017 480.4758977017259 Oyster-Closed 0
0 449.283668 116.377185 449.283668 116.377185 640 0 640 Oyster-Closed 0
458.54171984094137 149.18590399628502 528.3361449801305 212.55766721522792 431.3753807384637 319.34039712113685 361.5817510000488 255.96943600001626 Oyster-Closed 0
251.0747351302416 78.75615184994794 266.5696178477083 176.69464389340584 123.22058204736095 199.37273417276958 107.72654386681097 101.43502556150582 Oyster-Closed 0
19.77260887673765 267.0328957918111 0 233.20157294133125 35.246571486786706 131.66297630990834 86.62896102126979 165.4940186814228 Oyster-Closed 0
185.78599281150673 241.45111934863957 179.92220414329495 296.53389060792176 46.93578367114242 282.3763812803852 52.80020264333871 227.29431126671562 Oyster-Closed 0
290.2510754875402 259.73839467068206 295.18824915139703 277.7415235429681 226.5414933568536 296.56576390164145 221.60447378446406 278.5627666153016 Oyster-SemiOpen 0
373.2615589664056 140.28754805838034 456.0104529032833 4.779126315680223 638.1593315853388 116.00872676842891 555.4120546193008 251.51574512655975 Oyster-Closed 0
134.1318239999964 238.39541499998353 158.89753770257812 208.35587872335782 211.7929874942638 251.96301453865692 187.02747187351633 282.0023649382328 Oyster-Closed 0
174.80360661487794 186.98289910951306 230.50975843842025 217.07744465436406 213.05428302955988 249.38697440842463 157.34818868302682 219.29251682881417 Oyster-Closed 0
163.41912859978038 197.76612758076197 149.01468826450582 248.94795502719265 50.56960467394674 221.242243471807 64.97429561226454 170.06081424041787 Oyster-Closed 0
33.78333959975862 405.7305567807663 45.68271693147835 428.94306835480484 3.011191647819942 450.81445729953793 0 427.60212328865515 Oyster-SemiOpen 0
58.109506653636345 326.0922144496653 61.56848758095293 385.1214005109126 0 388.72826200001435 0 329.6995442796711 Oyster-Closed 0
210.18650800004252 290.3533910000114 191.22169376525562 191.08966962968853 345.63300330904895 161.5892926835047 364.5988245817716 260.85171266637656 Oyster-Closed 0
73.98252744642377 56.597289089892506 81.29552098063868 95.11790970917667 14.088037168548908 107.87681315799084 6.775134538547718 69.35627136117402 Oyster-Closed 0
401.6845021980407 148.3122362411898 407.4756369108218 165.40784133054413 359.8743796521012 181.5323370228825 354.0833070410008 164.43678472417008 Oyster-Closed 0
92.13328895843006 57.916117756328696 92.61802867949882 31.40260587050243 164.23050986333692 32.71185589847131 163.7458028371475 59.22533378203855 Oyster-Closed 0
2.7087849987583468 45.904607027691604 10.19194025087927 6.920751982384673 103.6855013526656 24.867293648806456 96.20240065662074 63.8511019909161 Oyster-Closed 0
261.2951211699692 107.43690195887437 239.3713896789268 88.52858352671487 263.49602869588125 60.55684376448588 285.41972818820796 79.46513902479015 Oyster-Closed 0
313.28388200003246 77.17287138865963 313.28389018264716 91.69054428431492 290.0637529999949 91.69054399999352 290.06375536897394 77.1728816979782 Oyster-SemiOpen 0
538.7883208096173 640.0003355428897 538.7921816448943 482.22408990475407 640.0005318711919 482.22706631186975 640 639.9999999999968 Oyster-Closed 0
530.6731066996872 477.2356627080703 582.9002932837466 365.83488751353923 673.489822485426 408.30030691883195 621.2648575795174 519.6991707091697 Oyster-Closed 0
589.9987099999998 225.49082000000186 616.7133836956054 212.17364991633715 643.8004463302059 266.50892432730296 617.0858208449499 279.8260208875394 Oyster-Closed 0
629.1929091454222 179.1127358021762 658.5843651051255 197.49007231120123 634.0277009984857 236.7630044185755 604.6362943833083 218.38573342998214 Oyster-Closed 0
530.2365540544997 44.970601977391304 526.6774732643535 21.17557079445922 627.539310947468 6.089378047983547 631.0984111903235 29.884387443156356 Oyster-Closed 0
74.53017899999395 93.72811200003162 99.1525975373952 39.85430044714353 174.95441204715462 74.49852275130128 150.33215737814317 128.37219553571683 Oyster-Closed 0
