216.29877705410763 318.03048944582395 176.52876511063369 237.82482834265744 297.6037525508582 177.79266957023654 337.37392060087586 257.99727551686067 Oyster-SemiOpen 0
152.89627439255128 447.496809353567 16.85001012214343 412.03397127630814 51.771476469002664 278.0883159162129 187.81293331143388 313.55049705199315 Oyster-Closed 0
0 0 130.082869 0 130.082869 100.76335799999998 0 100.76335799999998 Oyster-Closed 0
269.4600999492104 220.13672741980463 172.37692076421808 146.00882216842945 270.8570107149717 17.03488474120498 367.9392212712264 91.16222379364615 Oyster-Closed 0
370.0010419054888 260.2539520194912 286.59029064772767 203.78423348869853 383.58198761627136 60.52387706027843 466.991327972064 116.99291573376681 Oyster-Closed 0
466.798003 0 592.759208 0 592.759208 64.122137 466.798003 64.122137 Oyster-Closed 0
592.601346 55.628874 640 55.628874 640 216.030534 592.601346 216.030534 Oyster-Closed 0
637.8437660513737 211.90712412337774 668.275190030181 340.0464979281371 539.0814211720863 370.7241055113812 508.65205281261296 242.58643675230866 Oyster-Closed 0
506.06719314593647 377.0282833347851 406.2867994633416 333.69884271085374 478.70389089941455 166.9478385847886 578.4811578857625 210.2765154674675 Oyster-Closed 0
640.0009531862452 569.1415420000001 586.4805267602787 569.1415420000001 586.4814835512516 478.625954 640 478.625954 Oyster-Closed 0
338.5031524842634 613.7891311779607 204.48574030284362 600.526683608557 222.8589662676677 414.9621705429692 356.8671182035905 428.2241634000691 Oyster-Closed 0
273.66738715412794 295.50552389803875 337.9242972307111 426.8610462173774 186.0995773425384 501.11851580027945 121.84644225446391 369.76618396035326 Oyster-Closed 0
