0 348.034188 106.286658 348.034188 106.286658 488.439405 0 488.439405 Oyster-Closed 0
135.8584375756618 410.76166455720954 189.13616744990577 487.318897780861 66.9401685212506 572.3397578433987 13.664771256953827 495.7846086512328 Oyster-Closed 0
157.426626 448.547008 238.61132599999996 448.547008 238.61132599999996 575.042735 157.426626 575.042735 Oyster-Closed 0
173.04963803500868 464.5252588327984 231.2627701414749 451.7219140955866 240.40597383340355 493.2865900071797 182.19287200881809 506.0898376612929 Oyster-Closed 0
39.803475837325095 639.9998483292602 39.80525547529396 559.9997070249399 126.8487474219728 560.0018394845665 126.84852199912712 640.0004042667364 Oyster-Closed 0
194.6799543247471 639.730238586878 132.71399336670584 660.2129485938224 103.39472122992447 571.5339875718156 165.35830703898682 551.0516992477706 Oyster-Closed 0
285.9982187804417 639.9999782277976 286.0017878824874 530.597137724952 385.08306325362355 530.6010879980887 385.08188042993424 640.0014736992164 Oyster-Open 0
376.1271131665126 352.96001356483487 529.3206237541017 400.1587524662963 463.7519848201191 612.9398578319142 310.5593142726866 565.743009826778 Oyster-Closed 0
336.62065224241815 464.0779030978629 271.6877236813889 429.1757044996224 331.0863710287231 318.6841584014408 396.01736499484105 353.58571797339886 Oyster-Closed 0
428.1836741686857 554.9414145694662 461.57189946912695 608.5515160473055 404.4615476785839 644.1092424364492 371.07424195928616 590.4999464656719 Oyster-Closed 0
575.7357963760296 496.7328845985378 450.91050415634527 433.5281054745014 536.0066413164895 265.49473546343705 660.8266325686418 328.69792280502963 Oyster-Closed 0
640.0011975671077 296.06837700000005 529.5519416390744 296.06837699999994 529.5535204184125 106.66666800000003 639.9993908332544 106.66666800000007 Oyster-Closed 0
539.5909764928365 281.0386198889498 473.2948072810541 261.0373570126278 525.904546199381 86.66570062425279 592.1989829999802 106.66666799999687 Oyster-Closed 0
479.1892207649653 181.64346379690588 409.0111171972967 77.76119271532218 531.3525813877641 0 601.530614110452 98.99530648248758 Oyster-Closed 0
610.3594829999929 0 610.3594882222387 23.931622129566374 509.02550320271985 23.931617766523182 509.02550800004974 2.103738137120525e-11 Oyster-Closed 0
488.36997071426595 214.9733438587113 399.3850481224217 224.75915289022723 382.0849967451795 67.44098538571741 471.0684135858173 57.655261248775815 Oyster-Closed 0
338.61790858078166 82.94530666715865 441.25921420403756 127.0321829047509 360.11411026876885 315.9453087572425 257.473211167453 271.8591181703557 Oyster-Closed 0
0 0 145.286137 0 145.286137 161.367522 0 161.367522 Oyster-Closed 0
328.53768899993156 0 328.5378776915604 103.93167041767128 172.13454384538636 103.93154062657409 172.13467499997932 0.00003921046564104577 Oyster-Closed 0
220.39641820803809 132.7339194305531 289.75993364110764 34.34536608729787 361.4702237858728 84.90062814159344 292.1071039104572 183.28882589180355 Oyster-Closed 0
183.7779380541906 370.40747304352124 53.03942622995237 419.9555923675552 5.6450174851488555 294.9048513391093 136.37984901521122 245.3574813359939 Oyster-SemiOpen 0
139.57674362551188 246.14935239553932 249.6314838968101 210.81559877937732 290.4730416649545 338.0189376859021 180.41853903792799 373.3521780952601 Oyster-Closed 0
