0 546.502056 226.44516799999997 546.502056 226.44516799999997 640 0 640 Oyster-SemiOpen 0
525.0648323554924 437.9866548828988 504.5933857234195 372.1593841649677 601.0691567489266 342.1598230081172 621.5411369259527 407.98612929417806 Oyster-SemiOpen 0
154.2116749403067 99.8456912882668 327.42439454450505 182.7311398871446 216.7362328843592 414.03358923504106 43.524717187538045 331.1501420357792 Oyster-SemiOpen 0
222.16014123012428 382.29207895013326 287.4370276612899 405.44037506480555 217.22348871458962 603.4035265520117 151.94703838329588 580.2561355466598 Oyster-SemiOpen 0
259.04212317152997 378.6549415514331 373.7428330963303 398.89427546424906 343.8857917574933 568.0739157951801 229.1852258129802 547.8351929479559 Oyster-Closed 0
230.86650604273018 639.999970957917 230.8681688868819 563.6205586502278 297.16246311836585 563.6221730451148 297.1619359970646 640.0004420173034 Oyster-Closed 0
341.9481151699438 419.1210565775838 487.62523826706456 452.57636888223647 437.345063533503 671.4703618899105 291.6684339584026 638.0165477920407 Oyster-Closed 0
338.3780680653581 411.2874768695395 446.2873520149151 318.7284545482645 591.3329300051555 487.8075618985255 483.42683007627784 580.3631571848895 Oyster-Closed 0
441.8515087017295 639.9999871282553 441.8533799581928 566.2544261290777 516.7179490855779 566.2563608748346 516.7173169503803 640.000679429573 Oyster-Closed 0
640.0036075049866 639.9999999999999 512.279249964995 639.9999999999999 512.2840102245391 466.17283999999995 639.9992992076295 466.17283999999995 Oyster-Closed 0
639.9999999999272 0 640.0001516773773 147.48972120192056 560.8390839123604 147.48955912255224 560.8392477454618 0.000008340685706114615 Oyster-Closed 0
640.0342903937417 173.87056854286354 525.1509115101362 296.26987470029337 399.78148640882864 178.60018164995338 514.66366941866 56.20227385922327 Oyster-Closed 0
560.7734752549004 304.10347792131796 472.21998935900046 423.96571441822937 248.25436540908413 258.50723931589437 336.80638183381234 138.64861176284938 Oyster-SemiOpen 0
627.0935831443057 327.26666884118595 608.9265836207051 402.5431276750993 502.85464259359287 376.9451657446798 521.0223653546564 301.6697674888616 Oyster-Closed 0
0 544.6387018097572 0.6290442926547257 379.19324703802636 153.62698915298097 386.46475774131346 145.7675502609345 551.905801779804 Oyster-Closed 0
122.1615743660368 228.68217164748114 62.373892930554575 364.4521073166122 0 314.15160992753556 7.93330548411177 178.38332431426994 Oyster-Closed 0
309.7358421815443 192.67399423569867 248.1689248188195 191.10268372506368 251.82399456767598 47.90776883630361 313.3901065507962 49.47906892199707 Oyster-Closed 0
640.0005343977682 458.24147400000015 609.8200524325512 458.24147400000015 609.8206424305681 330.5349809999999 639.9999902194395 330.5349809999999 Oyster-Closed 0
354.7185112351144 19.874874980613455 484.55942721499014 62.48108952143181 434.2042653445242 215.9352421782887 304.36345200127107 173.32930797222443 Oyster-Closed 0
508.0497610745806 0 541.0542038783751 53.84418115447869 471.23783840877877 95.62940895837133 438.23348490950593 40.48460746845471 Oyster-Closed 0
503.19161584659014 80.52699027695596 545.9812840302038 0 628.4108108264627 34.33230668810102 585.6213726721035 121.15245639178917 Oyster-Closed 0
315.55026399997587 136.95473400000407 233.71231499004352 51.88612465230204 357.3187572468305 0 439.1564108687453 18.04262227224698 Oyster-Closed 0
