72.08387709200906 635.7116789266659 0 509.7798611778546 143.2913751596061 179.6557076272184 314.6722471312387 305.5805623484785 Oyster-SemiOpen 0
144.8958149448299 636.8589658484542 146.82352997704584 444.78354259239467 460.65015284140827 447.92879292532433 458.7346750490542 639.9920884018751 Oyster-Closed 0
11.111109252233291 0.33333399322590296 202.40281001169933 1.0747728865422126 201.95836673396116 115.74143707117676 10.66666599996097 115 Oyster-Closed 0
466.9260925855633 639.1079896928372 464.49968865337723 524.9789695735143 626.014248672509 521.5450439888515 628.4445185818186 635.6701210962292 Oyster-Closed 0
198.51831364649115 633.6928033209701 200.92581372402492 545.5884929235847 431.6596779226529 551.8879307567112 429.2567594416323 639.9878078749454 Oyster-Closed 0
612.5845962664607 201.8704328386487 391.38245255810034 180.8037215167085 408.71731181658106 0 629.9167803613818 19.870365375683438 Oyster-Closed 0
281.6895427346026 168.53138038810283 290.36810068872 105.62023463875683 491.1752587989031 133.320482196238 482.49750602401036 196.23088035813367 Oyster-Closed 0
165.2400728995417 278.6203659562595 183.28351817697694 97.52403456571584 529.2839281305351 131.99491180103058 511.2458371417597 313.0862272095209 Oyster-Closed 0
152.25197068197303 175.77427915889024 145.21160814605537 307.20801564077226 0.06917287544638384 299.43201758212905 7.111110999976518 168.0000000000125 Oyster-Closed 0
1.7777780000324128 258.66666599999894 32.57444790462614 252.2458658266296 49.4631740663317 333.245954042173 18.666522534258547 339.6666959109091 Oyster-Closed 0
