0 558.549258345529 42.96819744835375 418.28941712408886 313.0333675281872 582.031630813102 227.9852387781284 722.2823426636035 Oyster-Closed 0
0 127.917473 216.61294099999998 127.917473 216.61294099999998 463.185042 0 463.185042 Oyster-Closed 0
16.812502 0 276.519138 0 276.519138 116.569955 16.812502 116.569955 Oyster-Closed 0
534.1686240554554 354.48601267692544 662.0267881271866 367.51684269214513 632.9527077161765 652.7439904883336 505.0946428784664 639.7138472695414 Oyster-Closed 0
617.283219000019 639.9999999999851 617.2836594859109 584.5659123976646 640.0001528239227 584.5662110020382 640 640.0000090534359 Oyster-Closed 0
457.9742301598162 316.68653792528227 579.1154567658668 395.9113461628283 391.987150787827 681.9909325112335 270.84985162531666 602.7711132101622 Oyster-Closed 0
346.8488305014034 559.0674879247796 198.44981168025697 488.3382203575552 344.91451370755385 181.08660005518908 493.3024145830859 251.8128185364627 Oyster-Closed 0
640 0 640.0001171546319 102.12766110046226 525.1225577383593 102.12756195573697 525.122652743521 0.000012695597514975765 Oyster-Closed 0
528.1196440000349 0 528.1196748701768 52.61122467756837 409.07185277676035 52.61119454064294 409.0718829999969 0 Oyster-Closed 0
195.6644338634942 99.7590355123296 273.51408847869607 0 524.8828428592242 69.73650319058669 447.0349027208431 225.4384634743838 Oyster-SemiOpen 0
248.73203100003593 276.46679600002045 199.29683753827703 194.68429585828446 291.58559027695446 138.90004079721047 341.0207924780116 220.6819366302242 Oyster-Closed 0
515.8917188303894 266.4456808597647 443.30295307037886 182.2837167919883 583.58327238333 61.296283425223024 656.1714623351145 145.45735885461139 Oyster-SemiOpen 0
596.3965846099745 338.7892197323618 519.5338991499739 314.4341543163874 587.5059177452931 99.93615075746146 664.365498154948 124.29064081422084 Oyster-SemiOpen 0
419.84467879017757 207.73011566217136 395.4998801553302 260.89057583115783 287.63881798317016 211.49662257520265 311.98373935571 158.33664777229802 Oyster-Closed 0
90.15675700000429 138.2333979999922 181.14207976133912 57.85487342126528 302.3524709859339 195.05848672065684 211.36794606871263 275.43615437828646 Oyster-Closed 0
140.25638056300522 449.05047777936034 215.94242920124088 400.19599035218687 312.04247750232753 549.0511697132733 236.3577088755119 597.9040552171697 Oyster-Closed 0
