633.9512307396944 307.7052955997136 645.6442207553482 468.31194894685086 268.753260881349 495.7331067387133 257.06994979111187 335.13558082092294 Oyster-Closed 0
211.52036061495892 0.8165491408940345 215.12744865671266 95.25298866242261 53.517275870472076 101.4254448505223 49.910493109273375 6.989332803413209 Oyster-Closed 0
290.8135414982098 603.5550412278528 290.8174593411968 485.77309271428766 463.25922119780444 485.7781983546612 463.25943612959236 603.5559708773553 Oyster-Closed 0
103.61618499999167 507.4999999999978 157.80076123730396 419.69929191086965 369.0603184702195 550.0484377866717 314.88068595652294 637.8448216881743 Oyster-SemiOpen 0
435.01417409279384 145.23250653199017 625.3716658409394 151.2277855132817 620.267952350332 313.2717616127445 429.91045692971966 307.2765664910634 Oyster-Closed 0
372.78830057060986 249.3844499232387 317.11985296518833 158.1232466183197 517.5686294909974 35.85293277557684 573.2370302929485 127.11305374145142 Oyster-Closed 0
581.121868 24.434389 640 24.434389 640 132.910634 581.121868 132.910634 Oyster-Closed 0
441.62646799995855 0 441.62653079220036 77.82806166661933 293.53779897057393 77.82795276662094 293.53789907399914 0.000007606806522663173 Oyster-Closed 0
273.66648201954376 332.3780483917386 237.35511221995694 415.05144300311235 146.26045553959557 375.0441801003195 182.57215158009785 292.37187136424416 Oyster-Closed 0
253.57520896577626 336.40059336928664 252.02337991322565 261.3380365133386 432.0309374725912 257.6162057161266 433.5842388758465 332.67718915439264 Oyster-Closed 0
161.14299712600769 208.2389748357899 329.0774410741142 176.6700888638259 347.0213458829676 272.1216628564698 179.0869970487256 303.6902735693041 Oyster-Closed 0
589.7789855745941 476.5935551142787 607.0682199338626 527.7090684288908 524.7057552574552 555.5606231222012 507.41752504101896 504.44596299416276 Oyster-Open 0
612.5618193350965 570.3760814452173 628.9607126225746 614.6220971693547 507.55718302956666 659.6027690428577 491.15982954033825 615.3580557233 Oyster-Closed 0
151.16298692890268 399.99959995840743 151.1636824253219 454.8077845026003 26.20970322197536 454.8075054084277 26.210091943503357 400.00039717046036 Oyster-Closed 0
197.76052039538627 22.663115130253516 365.50153578027675 24.64050813226229 363.6319197812554 183.23831324438973 195.8909011862852 181.260931895925 Oyster-SemiOpen 0
