530.1251849997061 0 530.1254987472203 137.7932206488739 369.1762589902646 137.79295331228187 369.1765309999755 0 Oyster-SemiOpen 0
368.7207747208595 415.477371238999 179.48207272631407 418.5818018233747 173.60264650298632 59.697897493649705 362.82542400003877 56.59361899999954 Oyster-SemiOpen 0
415.34494933861424 640.0001903901941 415.37580215983326 0 640.0095319006505 9.276592164460826e-7 639.9965810598223 639.9996974990931 Oyster-SemiOpen 0
192.25089300001855 640.0000000000149 192.25495389844582 526.5649776800745 299.24743915682484 526.5691508656373 299.2460198538902 640.0014995786147 Oyster-SemiOpen 0
169.11128022446064 0 362.1348769999895 7.315275767366088e-13 308.5162935309927 360.02539961914704 115.49275078155915 331.27958941572865 Oyster-Closed 0
317.93690516162314 487.1895735904101 431.07159761013463 482.24139675942496 437.97166161457426 639.9690807108625 324.836981727276 644.9170930198627 Oyster-Closed 0
609.980368 415.840063 640 415.840063 640 640 609.980368 640 Oyster-Closed 0
49.45155366396648 334.1771909942974 228.29107223573374 353.4917803954716 195.25717610311403 659.3135093807884 16.41782599996077 639.9999999999968 Oyster-Closed 0
0 0 176.55498999999998 0 176.55498999999998 342.0223 0 342.0223 Oyster-Closed 0
0 287.889272 86.3908 287.889272 86.3908 640 0 640 Oyster-Closed 0
