478.57620567629056 343.3326204876809 490.9463508938643 391.4779360604765 364.0792183433223 424.0690419792656 351.71011633727176 375.9246213668925 Oyster-SemiOpen 0
126.4192612595798 501.9216230815687 139.2226320556074 419.5389925350423 283.63630917694536 441.978586859147 270.8353137831 524.3590903362507 Oyster-Closed 0
173.07140448356222 596.1608365710911 158.25220648839604 530.3287152026985 342.99192708836927 488.74914381474076 357.8128997818567 554.578790116776 Oyster-Closed 0
173.0648470173037 538.4802601311312 212.4452505617228 611.4855877313222 81.12748055151314 682.2984038814405 41.7499670759571 609.295553466517 Oyster-Closed 0
193.59239549579797 637.8030215851575 192.8975037998316 567.0521257482893 397.0122925214673 565.0458033679867 397.71038719889475 635.7933909953781 Oyster-Closed 0
359.35219747319934 0 416.55821582819044 73.18105105081811 200.79382493742742 189.69321051556176 143.5886617237702 83.75764606478023 Oyster-Closed 0
395.1302018800925 140.39569652647094 370.33109145333583 65.74690221807565 516.4565849064093 17.202462742510694 541.2558854138479 91.85095728343512 Oyster-Closed 0
533.6536078057543 137.1841383158744 545.2093395528209 76.6973185168837 634.1454762756621 93.68794131757853 622.5900053026999 154.17454024763805 Oyster-Closed 0
441.6337763726915 183.44561415156892 421.8672229771619 124.37322835505546 531.1870396302402 87.7934519381526 550.9537686355907 146.8654939550003 Oyster-Closed 0
357.48264219932025 145.83666072250438 489.4103945131792 216.19498391513503 408.7520445889095 367.42829556895714 276.82510559367074 297.0711172285248 Oyster-Closed 0
529.3987114526681 339.0933532714612 526.0671483868646 192.44311129001426 639.955894709783 189.85595485933248 643.2890559332736 336.50461358125165 Oyster-Open 0
139.07835078825883 195.53652221853721 177.6667676283978 246.24413369727503 54.94535803409235 339.6291554107085 16.357814457151107 288.9223327075944 Oyster-Closed 0
138.57638900000893 281.6666659999928 133.6115683200478 263.33634472454145 176.86365519293759 251.62196577346003 181.82852661942889 269.95220518150245 Oyster-SemiOpen 0
224.91552219602454 257.97068957714407 246.65588231990114 344.33006554267826 36.10140301214415 397.32754836836216 14.363698000015575 310.9704650000239 Oyster-Closed 0
