238.6195568920084 338.7064082040805 176.1771944235079 421.4445763940452 62.85654133891512 335.927675510165 125.29831887382898 253.1909709193958 Oyster-Closed 0
396.01496087278065 75.23535731700663 399.04424613458104 3.54644652047154 473.8215626204328 6.706240782296986 470.7923639697401 78.39506217766254 Oyster-Closed 0
190.2992521586566 430.2949917126023 206.0066007234127 379.13019725772705 318.42160401101864 413.6360050042612 302.7153543094755 464.7998694587744 Oyster-Open 0
0 480.9259965646403 7.301372368237935 413.05267426109884 138.07195800232876 434.5390305250911 126.91986360085139 502.4107985080696 Oyster-Closed 0
208.07677451099153 486.93086344723037 217.2307778657705 541.3115222908548 64.71290685032727 566.9764976150439 55.56076000983012 512.5974806972737 Oyster-Closed 0
6.873102034078329 530.2524148681332 59.271330207557185 524.3731094897918 71.06463942764094 629.4541874515993 18.666434785118327 635.333359942689 Oyster-Closed 0
263.3439405721583 555.9169123966933 252.99125430065033 638.7349777394988 54.1661190418381 613.8817361576038 64.52187143629999 531.0673392412208 Oyster-Closed 0
32.444445000001 638.6666659999887 31.067435529985232 613.3857970556569 159.51135986862937 606.3900037582928 160.88907744611788 631.6701238169879 Oyster-Closed 0
246.4399158481683 121.45363043541936 232.93723761635192 55.43904970972723 369.5467799328617 27.49674335142311 383.0496522592148 93.51108148774682 Oyster-Closed 0
206.1360807602614 0 259.47778427798767 72.50763200027788 41.94623238014174 191.996103460631 0 94.88830890933164 Oyster-SemiOpen 0
374.67089872625365 123.95015461964653 394.90645051446336 65.49305460438181 489.2091426875413 98.136650249392 468.9738746378134 156.59350942402054 Oyster-Closed 0
378.2668586721411 87.5860317139258 395.62428874451143 150.26417377514548 296.20092150937126 177.79665527962354 278.84386453217303 115.11883356493635 Oyster-Closed 0
495.6828162562306 215.3178118211639 529.7752421096811 146.0020692355106 666.7390919546597 213.36471721678154 632.6476671341516 282.67960734152507 Oyster-Closed 0
258.14725999378425 346.93591721952 134.93953437740856 287.7991158822798 204.69918509130366 142.47024050184464 327.90389112298726 201.60618967356783 Oyster-Closed 0
487.9243241871154 329.75838490951844 385.6440096451115 327.676454305751 388.2817592273932 198.16577789208537 490.55948387947865 200.24768219471014 Oyster-Closed 0
611.5533298486844 0.11856655638463104 611.7784894580836 55.573314336394986 433.1251962162787 56.29848378960604 432.90013999998337 0.8438820000138367 Oyster-Closed 0
80.9199656175042 259.89413863785103 90.51921812511864 343.0966443095962 1.7777780000324128 353.3333340000014 0 270.1316848119275 Oyster-Closed 0
