638.6795489999349 1.9323280519568085 638.6796167646389 65.70048829551037 500.83733444269456 65.70045382026774 500.83737773391476 1.9323870381004482 Oyster-Closed 0
476.4444459885999 2.3331823936419553 475.95203974226024 77.8576581395091 271.5073575758288 76.52426422745026 271.9999999999709 1.0000000000301927 Oyster-Closed 0
0 505.6666660000001 67.555555 505.6666660000001 67.555555 550.333334 0 550.333334 Oyster-Closed 0
530.0864133903815 599.869513600889 534.6707679411338 532.6664264018539 643.2207283436583 540.0692363721819 638.6380200766871 607.2707650529436 Oyster-Closed 0
109.74136282871768 541.5386534065896 117.98626406001858 621.5078884854667 0 633.6666660000105 0 553.6994935346792 Oyster-Closed 0
304.00000000001455 635.6666659999696 295.0212719819683 583.3761042578375 368.79849909550103 570.7111307657204 377.77791808715847 623.0008157564005 Oyster-Closed 0
548.8896497917449 637.3334916817784 451.67322178815084 640.5731443941137 449.69445918206475 581.1651707568965 546.9082709855138 577.9255616632173 Oyster-Closed 0
237.93379852198996 19.499728244430592 313.85162923208554 6.4386508056197 331.55389500003366 109.33333399999965 255.63607623029384 122.39437869832783 Oyster-Closed 0
533.8916144474206 76.40116016554873 479.7878320534801 135.85576975297158 416.5090137095831 78.27205733046029 470.6126818257326 18.81759074592799 Oyster-Closed 0
589.8960703894409 74.35682804769127 692.0157737241243 152.78766815856673 575.4410302726319 304.5670863541903 473.3221654294175 226.13727148898843 Oyster-Closed 0
518.73300198582 285.03585064711604 441.54972299336805 332.0970140141267 354.8539434964914 189.91514453321554 432.03552071725426 142.854650386427 Oyster-Closed 0
44.81877748214174 168.32930543096097 166.15830483184254 207.6810854417187 120.64843192449189 348.0020378254517 0 308.65081644529494 Oyster-Closed 0
232.59696262823127 224.06175893275872 340.38593263445364 209.9778645723258 355.98168194133905 329.33162609873415 248.19273853303457 343.41534576787546 Oyster-Open 0
45.84689395422174 429.66495020642293 81.70722054739599 367.8706238086175 182.25881070997275 426.2149411668233 146.3998058888683 488.00812108448963 Oyster-Open 0
0 31.538462 87.098015 31.538462 87.098015 130.769231 0 130.769231 Oyster-Closed 0
