1.7777707979257684 459.33333385983826 27.467957451590337 459.83329790486573 26.579075564077357 505.4999599560586 0.8888889999798266 505 Oyster-Closed 0
612.6764103893947 560.8517229652088 615.2669543754018 628.473147002657 407.9557065884728 636.4066457512183 405.36840157816187 568.7883487185075 Oyster-Closed 0
640.0000815206295 640 592.888863541084 640 592.8898564239353 575.0000000000001 639.9996653864946 575.0000000000001 Oyster-Closed 0
320 637.6666660000251 320.3249247777421 610.0447329095765 434.1019324653462 611.3815120381262 433.77774610162305 639.0027178205335 Oyster-Closed 0
156.76561914093327 12.591304800638447 345.30379958327103 5.543168614277571 349.63108423347876 121.29833627447006 161.09290527674602 128.3464523230302 Oyster-Closed 0
401.3826154655544 165.60603852495296 365.6993987682654 58.87753900218942 498.3177484705084 14.53860327232605 534.0012215857132 121.26660254767415 Oyster-Closed 0
394.3433723792259 149.487494629092 331.06287822411105 172.6740072691365 301.6777977193851 92.4767161634526 364.9578586721327 69.2902899198634 Oyster-Closed 0
442.31497325294185 355.21848919325816 344.52878812138806 271.15916616192175 487.90347674766963 104.38027786755737 585.6874360283109 188.43801461471614 Oyster-Closed 0
390.6513609213289 324.8333583461308 307.26876590364554 374.7661309766046 225.04728140360385 237.47120798727434 308.4277564038348 187.5392497090848 Oyster-Closed 0
592.88888852534 0.462948162322161 594.6232568199048 54.679170027119454 510.23773134933435 57.37858031543595 508.5034138627816 3.1623978747208294 Oyster-Closed 0
5.333278496545972 238.66666339141094 35.74155447735393 240.09581239813542 30.704571883761673 347.2624665193172 0.2962969999498455 345.83333399999907 Oyster-Closed 0
132.29524378861242 256.6878687173183 234.9564151478262 264.28902792461435 226.5544307606615 377.7582792002539 123.8932737804862 370.15722183673455 Oyster-Open 0
528.9939353620139 274.6540967327381 586.43737972081 296.88854728994806 551.9864357083134 385.88658096083117 494.54312846086395 363.6523900805923 Oyster-Closed 0
