60.17836539220298 302.8477008573767 155.58529505295155 297.3194509810939 161.936688689093 406.92281959598296 66.5297636721516 412.4509893832891 Oyster-Open 0
482.5488369734376 425.30412846875925 420.1481544901617 414.51991830546535 435.82063921305235 323.84877191033803 498.21976734732743 334.6328452906198 Oyster-Closed 0
515.2236193126737 395.5655599524835 526.1923304341326 431.13339530933456 418.8925796276453 464.21775800613875 407.92462344354135 428.6505704945497 Oyster-Closed 0
515.9991710000031 639.0000000000257 514.7029911854042 583.9207462756393 607.1670119783812 581.7450430236819 608.4643197384867 636.8231373528537 Oyster-Closed 0
324.07235200000287 638.372092000007 324.47802110567864 601.4187764051655 395.27843428310007 602.1954650634852 394.8733752081898 639.1481792906263 Oyster-Closed 0
514.3352085198421 52.75591713793176 484.04400407875073 118.18494926393413 424.2489881871006 90.50210246230716 454.5402216196817 25.073184555571952 Oyster-Closed 0
249.4026728105382 10.460382404375297 296.9925369743578 129.17728386948443 121.29754880952532 199.60620597398707 73.70872494837386 80.89018791472861 Oyster-Closed 0
636.2174811078148 149.22481707926175 543.1574336539052 146.81082072991828 545.7416805824323 47.19841579208335 638.8010340000619 49.61240300000078 Oyster-Closed 0
434.13148029867443 78.36743302193163 451.2499835930066 181.67481133301604 311.3689458701265 204.85239381787716 294.25129444978666 101.54574559676996 Oyster-Closed 0
160.81971556021017 188.31133221783278 121.52220704629144 228.87607951473643 43.229350766778225 153.03029852553496 82.52663390150701 112.46579873135857 Oyster-Closed 0
251.22196152777178 123.64491287976058 313.626729066018 126.21825059582721 310.3419547932572 205.87430421358252 247.93718789354898 203.3009789325589 Oyster-Closed 0
399.9575109437865 163.11776664855515 494.46296639151115 247.27058262962007 357.9218194844725 400.59884062072365 263.41808399680303 316.44781246591384 Oyster-Closed 0
182.2613983577321 0 204.1997438971157 37.63998068810718 126.3827431746904 69.40701274803541 104.44444499997189 15.66666599997504 Oyster-Closed 0
306.6683127196302 366.9991124605804 215.34355095252977 416.2204864335851 146.25532034006028 288.0430148627578 237.5775454732502 238.82247194108518 Oyster-Closed 0
