255.84681021631695 389.6037081482118 159.98630256981414 427.9995454904375 109.24522900648299 301.3258545973541 205.10274309985107 262.930692710628 Oyster-Closed 0
39.11091084002692 314.8515081803243 116.423158775724 311.9562173916503 120.45022543992673 419.4799671086522 43.137980028041056 422.37521519271036 Oyster-Open 0
296.21636409494386 1.7150839111518947 300.17194986379764 79.06750013812794 197.27845355628233 84.32903497869711 193.32299699999567 6.976744999976329 Oyster-Closed 0
457.77777800001786 637.6666659999729 456.91204914030095 597.9886291851979 548.4668244422937 595.9909916137241 549.3333674353926 635.6681969092554 Oyster-Closed 0
137.77777800001786 637.666666000001 138.46652329411882 602.2363974495626 241.57673653346137 604.2392760153696 240.88884934819362 639.6687082599536 Oyster-Closed 0
462.310995437947 98.5291080378422 414.6940718936821 152.49472797308738 366.78462887735805 110.22171974072793 414.40145780012244 56.256230388402145 Oyster-Closed 0
206.8596646966762 44.254064887361466 253.6330950647971 155.6445337188993 86.03469497080368 226.0177213404954 39.26244302710984 114.62824260059108 Oyster-Closed 0
478.3882246509165 172.00682544896318 482.0224094763398 84.80586317779823 641.8972521677642 91.46856543712383 638.2637825190614 178.66880336035078 Oyster-Closed 0
259.8777746620908 227.07053411630594 246.40830502074095 128.8199732274816 384.6078733095783 109.8739911422271 398.078056546874 208.12368005083363 Oyster-Closed 0
196.4326745289145 161.55200543556688 252.64035171363503 151.07633689969782 266.6666660000192 226.33333399999583 210.45900359094958 236.80894524370194 Oyster-Closed 0
295.41770040857955 417.008585419766 209.17715380179288 330.3939471754962 364.16316289389215 176.08906345781875 450.4016596675501 262.7016472580328 Oyster-Closed 0
