92.57552158655017 655.654588048528 0 530.166434476419 168.92216351538082 219.61184398113267 331.82209557933675 345.09314656538425 Oyster-SemiOpen 0
581.33351613993 93.33335527180068 417.8149597880838 74.23630363163186 428.48177978354215 0 592.0000000000437 2.0000000000011875 Oyster-Closed 0
166.21642577149032 639.6660802820898 166.2330928114534 464.6564224150303 484.00270347650803 464.68001871143537 483.99733856458624 639.6787798651218 Oyster-Closed 0
477.3333339999954 639.6666660000358 477.3377253637591 557.3308868785824 639.1119249573967 557.3382678637364 639.1104910282593 639.6710740478826 Oyster-Closed 0
210.0122338374058 46.92347072976477 260.2897699506866 0 460.02146475169866 48.885887177919436 409.7443814585131 148.11894504057219 Oyster-Closed 0
233.6744851776166 2.4760474522090052 231.78306445042836 171.4857640086223 9.777777999988757 169.00000000001825 11.670283894127351 0 Oyster-Closed 0
670.2099031395483 119.32758454649075 616.9501847442734 261.355882175586 361.0709936818603 165.4014565933142 414.33170028227323 23.374766836336775 Oyster-Closed 0
133.34449072273856 255.33727510536508 89.88903402045253 133.06117255118212 358.8918073950481 37.46124032400472 402.3482049023005 159.73538234835186 Oyster-Closed 0
303.4780177155335 217.0724598306216 311.28806105349213 164.53943203050997 497.42695464497956 192.21086574202897 489.6177547321713 244.74313760030202 Oyster-Closed 0
550.6163725251099 185.54944669753831 536.4583606163069 353.4960112675764 183.0602813816222 323.6974919487147 197.22345538713853 155.7569353524564 Oyster-Closed 0
174.4647601741599 228.24739796710006 151.2730601288058 353.7058882723398 0 323.42472950959404 10.659424645709805 197.96838842869673 Oyster-Closed 0
0.8888786298484774 281.66666590594815 52.325316588176065 282.1331686627188 51.43643782786967 380.1331631117828 0 379.66666599999974 Oyster-Closed 0
