640.0070367596345 420.40816200000006 396.89501456065045 420.408162 396.9023089070106 174.693877 639.9999352238956 174.69387699999987 Oyster-Closed 0
235.94126717252948 299.48020959363055 230.83364852871455 190.35218386632425 538.4981517645792 175.94939051936416 543.6085697574163 285.07467674989573 Oyster-Closed 0
207.29416312220565 207.43837341876298 206.4022899489646 143.5992942111484 587.5614471461449 138.27027555166242 588.454861867649 202.10782639719383 Oyster-Closed 0
294.0826750412816 245.66464948332157 364.5460909911344 415.36071711078716 10.142993946137722 562.4879784725777 0 392.80140986992944 Oyster-Closed 0
68.80181200001971 639.9999999999706 68.83733429531276 426.8878474897672 564.7525906644296 426.9460062481982 564.7379585610906 640.0397957256661 Oyster-Closed 0
640.0024501986627 585.306123 534.4609096478962 585.3061229999998 534.4639222112164 437.5510189999999 639.9994873042306 437.5510189999999 Oyster-Closed 0
640.0011677805014 640 542.7208020076068 640 542.7220724951621 584.489797 639.9999907612801 584.489797 Oyster-Closed 0
134.19196376205946 564.4386155252132 84.13080159982201 427.4063447076185 458.25162604407524 290.7480833398556 508.31619828240946 427.7704125733501 Oyster-Closed 0
154.4916635883419 223.79181125283174 150.45253035066708 327.5774950087003 0 321.5897773870279 0.6814449886587681 217.80568288092283 Oyster-Closed 0
655.3487029334792 58.98902658806483 638.4648386464687 181.40664553013266 406.0852248258743 149.3554712256247 422.97000382131955 26.938948004806736 Oyster-Closed 0
257.34360099129844 153.88219869356908 251.15844612759247 2.644298522809753 639.458642259633 0 645.6452863415325 137.9994453415689 Oyster-Closed 0
199.87453930065385 85.63402421938115 220.47939232601493 126.63422164196062 13.682010071206605 230.55803806751715 0 189.55837412722136 Oyster-Closed 0
102.26581815077225 221.22448289742235 102.2663437385927 149.3872199453936 244.0375531605241 149.38789045061992 244.0377236300992 221.22446388742617 Oyster-Closed 0
