305.249196 0 635.841863 0 635.841863 213.403073 305.249196 213.403073 Oyster-SemiOpen 0
0 0 156.014047 0 156.014047 139.767107 0 139.767107 Oyster-Closed 0
550.8441246496659 326.1418892634245 330.1812249451177 600.3368029176489 22.087745906537748 352.40001029919495 242.7428178640548 78.21858742743568 Oyster-Closed 0
0 375.198867 100.516699 375.198867 100.516699 569.24371 0 569.24371 Oyster-Closed 0
332.1198688940058 671.1796203823892 309.89203357035876 520.5657670203238 619.07432994587 474.9411968716202 641.3104483747884 625.5450687399248 Oyster-Closed 0
521.2785210117727 337.35113570416075 609.1487578552187 427.9340808586494 416.9285406744166 614.3627661243225 329.06263220720575 523.7840597999037 Oyster-Closed 0
32.347154072340345 639.9951593459593 32.36024498793995 499.3226902867062 422.12692560053256 499.35751838941707 422.1254379077436 640.0170382209059 Oyster-Closed 0
206.79324881457433 253.84701585632007 77.11368152304203 330.7860992033432 0 159.59234659012745 105.21922072846792 82.654193502775 Oyster-Closed 0
159.50271113644703 103.63494377288927 163.02437424536038 20.87245328995762 324.6469896241615 27.74960825698955 321.12568045486114 110.51173309290624 Oyster-Closed 0
10.604323287479929 297.045112418556 77.48499588873528 224.2829206206521 183.1801150823594 321.42896291074413 116.30073952161183 394.1899241628347 Oyster-Closed 0
0 215.49526 67.716042 215.49526 67.716042 355.671788 0 355.671788 Oyster-Closed 0
38.634034400674864 529.2492098593664 17.165146417246433 343.94729276530427 197.06516812329937 323.1070712761953 218.53858155489434 508.40366035411586 Oyster-Closed 0
440.0843466202059 231.76122933735343 513.4452224046981 191.78161016457562 588.1389161275001 328.8345662515553 514.7785027595091 368.8135275645022 Oyster-Closed 0
