432.7880939999159 421.41133731156236 376.6109547783708 384.7484169920259 461.57065763836727 254.5815208131245 517.7461820153258 291.24372844982565 Oyster-Closed 0
511.94689195450337 314.9185445012008 540.0852737533569 351.8961909149237 451.09765518187487 419.60435786195205 422.9598925705068 382.62727679936154 Oyster-Closed 0
315.7645264999883 428.4444116662545 344.78985249981633 368.2765852014989 464.63746062850987 426.08400878683915 435.6136267216789 486.25056258428197 Oyster-SemiOpen 0
530.636499364773 405.1683099408553 560.2934562505106 352.2679643077373 668.4629152926209 412.902688981079 638.8071209118061 465.8020324237326 Oyster-Closed 0
115.19547827134375 1.2484209891321785 114.21962073232862 90.60030123491185 0 89.35171471549583 0.8888889999798266 0 Oyster-Closed 0
190.41975200001616 460.64814800002614 220.64517168277234 403.08828629415393 307.3619526053517 448.61746770486764 277.1376323001459 506.17638734349504 Oyster-Closed 0
499.197662268416 565.6592120689118 429.0128771325544 498.5130619477491 523.7635823289747 399.49310458077287 593.9465294727415 466.6376090647733 Oyster-Closed 0
634.7918551808107 498.1535096900576 628.4444449999864 558.3333340000332 525.0932641496911 547.4330296548906 531.4417392313044 487.25441294180143 Oyster-Closed 0
508.6077183765883 610.0320010947235 525.3551272539335 540.7562764548668 614.5300716441125 562.3088872822016 597.7842623976176 631.5832314612147 Oyster-Closed 0
268.53823453180667 107.31569647753604 254.78744288040616 33.97725741666112 396.75472973081924 7.3586349543156695 410.50570115010487 80.69684814030805 Oyster-Closed 0
256.88888900003803 638.9999999999974 257.41786499995214 556.9530300553371 361.41594997170614 557.6231029224966 360.88887927297037 639.6681802419166 Oyster-Closed 0
431.55555500001356 636.6666659999822 432.7703292466322 594.8374907936044 513.2139469472168 597.1727541185116 511.99996651135734 639.0011538679856 Oyster-Closed 0
40 639.6666660000143 39.647927083060495 607.9768204394189 129.4250705079321 606.979083907487 129.77779584929522 638.6682695583429 Oyster-Closed 0
634.6667387620255 100.6666650249678 595.6362321605411 101.18968503834287 594.7474010063161 34.85635314854899 633.7777780000033 34.33333400000019 Oyster-Closed 0
637.301006292837 0.9004249976947304 637.4518404051196 22.62006110524908 567.1137905232899 23.108517065221506 566.9629630000418 1.388888999973755 Oyster-Closed 0
7.5555549999990035 69.33333399999916 50.433549545196 67.04042906939235 57.10018087316712 191.70711069283425 14.222186881379457 194.0000018779591 Oyster-Closed 0
272.4821715721919 176.06687753619553 273.1232419418666 101.35224487271779 407.0510379948246 102.50112978501745 406.410488171241 177.21525573904074 Oyster-Closed 0
71.4163930106588 215.32176751389332 78.74907650395471 127.33989645007702 214.19687288434943 138.62811108396826 206.86503342789365 226.60919579566917 Oyster-Closed 0
646.5991490476881 162.57793564026048 632.6040801312774 285.2138015089902 382.3243822792574 256.6491737485243 396.3215825099178 134.0155364025227 Oyster-Closed 0
118.52145526579989 398.04380446304725 46.70486902650737 329.7073572045153 180.02993857837282 189.6025323038108 251.84500021692656 257.9376234598591 Oyster-Closed 0
591.0997989981115 363.8875362729059 523.918635772061 371.7247833547183 513.1184777869203 279.1451781333169 580.2981720000389 271.3080169999985 Oyster-Closed 0
634.667448782784 390.000011759263 584.922338640099 389.2527215468252 586.8294589136349 262.3553058039547 636.5730488064582 263.1025846511509 Oyster-Closed 0
638.1345732299087 186.07628866303025 596.6944654571125 201.91481949361898 567.2359284537379 124.84020047043073 608.6756686311855 109.00174897273988 Oyster-Closed 0
482.91850216126477 80.77288959331021 454.6428576497419 137.30293969044692 387.36140439381415 103.64966453183987 415.63706848020956 47.11976742721043 Oyster-SemiOpen 0
