507.9199922768021 476.09925588693443 590.4756424494553 510.14671887367115 562.7898785841535 577.2629539570562 480.2344980860653 543.2159742098802 Oyster-Closed 0
244.1011216439074 545.3483616500606 269.81235847277276 471.93660102489457 396.1079091737338 516.1600064421967 370.3989518580056 589.5698355905963 Oyster-Closed 0
527.0645658949798 574.845972908998 494.96665285703784 666.8012531226075 408.6377309999807 636.6736549999762 440.73656270520587 544.720226259425 Oyster-Closed 0
260.7220199848962 106.57173129589995 225.42739586133393 193.64769182125167 97.28751918868511 141.70861606359256 132.58234057750087 54.63323407365853 Oyster-Closed 0
467.8017436347727 104.07411348687147 438.1539472915756 213.81974339616536 312.63881128928915 179.91161952566043 342.2870838050585 70.16674498224867 Oyster-Closed 0
539.9976804917969 203.866832419162 477.9851463650266 224.58438825075106 435.2661532930506 96.71738679329908 497.27777699998114 75.99999999999453 Oyster-Closed 0
517.3136350702407 91.61657298192024 567.5971856305841 84.73383513932255 591.1890963004407 257.08713352523233 540.9055653988617 263.9697911504248 Oyster-Closed 0
640.0005490861804 282.96296300000006 565.5833550000534 282.962963 565.5842232325813 167.40740799999998 639.9999369305442 167.40740799999998 Oyster-SemiOpen 0
380.347957501217 272.0049632280655 390.2403091946326 172.0808821550337 496.11574478323746 182.56194449196786 486.2243611631857 282.4851517380787 Oyster-Closed 0
122.30304412740225 195.1747694128054 143.1769634775992 297.19705872390404 55.169933893339476 315.20174883528415 34.29703558758774 213.18037863091303 Oyster-Closed 0
394.115134925014 322.6386073568855 299.2144929844653 369.43661210735047 224.86168314761017 218.6645663047996 319.75972103435197 171.8673196132671 Oyster-Closed 0
640.1286520622671 359.4117094715338 593.0659791952348 360.45869193572446 591.4533213586401 287.956063937088 638.5151520000363 286.90909099999976 Oyster-Closed 0
202.99909746434423 0 267.14834293226886 2.565822541195635 258.6857015341229 101.8898643335965 194.5364577928558 96.4242162330471 Oyster-SemiOpen 0
368.99658219437697 68.83120488152305 397.56171284563607 0 508.3196396727726 44.3594897325388 479.7547303215106 114.15840702569666 Oyster-Closed 0
159.0122293971217 206.21712001620395 235.4315260270232 187.1208326348466 282.04704546129506 373.6564351292713 205.6278837726859 392.75232642570467 Oyster-Closed 0
