477.6285692696547 316.54238947562925 620.2966278138047 315.8136394769588 620.973426236742 448.2978968010808 478.3053680563171 449.0266330032538 Oyster-Closed 0
419.97633536622743 366.94497563116363 449.0048727467365 402.2675794197044 367.8056988282333 468.9886957039041 338.7777780000033 433.66666599998376 Oyster-Closed 0
465.6973405025201 80.25063155679888 495.7210569460585 0 573.0357089486643 13.690395701443732 543.0121713507106 105.52666900987498 Oyster-Closed 0
191.1088056058361 0 277.31785994561506 37.03936508436272 228.08994231163524 113.05293370917508 141.8809649531613 57.22246283991361 Oyster-Closed 0
253.82367776706815 84.15176469523527 249.06771750545886 46.9490876280414 348.8848947103543 34.1885153918373 353.6409240086505 71.39110211861069 Oyster-Closed 0
635.7039582477591 561.875965174725 618.3538449759362 635.3979718383977 435.4139384811424 592.2333533990674 452.7660594666668 518.7143742247018 Oyster-Closed 0
579.551489482692 109.94381999999999 539.601271457359 109.94381999999996 539.6013831326127 11.816479999999999 579.5513919999939 11.816480000000023 Oyster-Closed 0
502.2333070473542 166.7675625952127 498.92164975448395 111.76980782044174 580.1409690377477 106.87928201933485 583.4528402776778 161.87679751408606 Oyster-Closed 0
195.7726230344997 243.50630045908838 193.81265076910495 177.63323899738523 318.54920949117513 173.92177888169635 320.50979985033337 239.79418208629772 Oyster-Closed 0
20.219584890292026 281.098653301059 16.13187644710706 202.05453794562249 157.95319067372475 194.72029901365104 162.04183852256392 273.7634067036524 Oyster-Closed 0
297.22169508459046 334.90340341876384 293.0322191493906 207.48787682113363 552.8049466478114 198.94650225556592 556.997640284535 326.3583018628929 Oyster-Closed 0
203.35822176624788 173.45708928805394 189.2232765196968 105.16229790972736 321.9247549014108 77.69720602521146 336.06001683736395 145.99156957724662 Oyster-Closed 0
542.339644891108 248.8518628457295 504.0175589508726 269.01309409120876 471.32529132446507 206.87426687198754 509.64700589553104 186.71315400530844 Oyster-Closed 0
614.3495752930903 163.82875766417874 617.1478032058803 239.33806786093265 476.90071427416115 244.53407200031654 474.10331914441485 169.0255762101893 Oyster-Closed 0
281.3939072557696 304.2083169001225 228.65096418499888 352.71160545442433 138.1700118007575 254.32666661737667 190.91215782267682 205.82403636319444 Oyster-Closed 0
144.257596826792 0 170.9010990474053 47.95925130004889 46.80987888983509 106.92450267633141 20.166522297804477 50.85416622703532 Oyster-Closed 0
