308.7841151707107 397.09364724865964 314.9661415736773 333.6425104915794 399.3478631330072 341.8629206332974 393.166641549833 405.3133103604139 Oyster-Closed 0
577.0579061252647 432.88325883831936 544.7833221360634 359.61746083678213 632.3530988329003 321.04578127531886 664.6279657612467 394.31059684388316 Oyster-Closed 0
367.18024602814694 496.2136578254151 406.5930091788323 319.2471603241743 597.2972756595846 361.71433696969126 557.8908424222027 538.6753467229637 Oyster-Closed 0
203.91327218239894 535.4096434366451 124.17005978582893 467.6906508484004 246.78259252759744 323.3305828187607 326.5229157776048 391.0475354095033 Oyster-Closed 0
293.676073595052 396.64368162910534 336.16266552380694 445.9586797593971 238.75079104436736 529.8676615421637 196.2653476831474 480.5537535901766 Oyster-Closed 0
236.91831493582868 642.4240731959733 235.46630627723061 499.1807080036321 636.7582449648762 495.103722490393 638.2222374959383 638.3348494443576 Oyster-Closed 0
2.666666000004625 531.0000000000003 75.7705128496309 529.8043424028733 77.54824983676372 638.4710371815211 4.4444038487563375 639.6666666730371 Oyster-Closed 0
390.6381487692852 572.287192458005 401.5046615737083 618.1527268498385 252.18008450108755 653.5183367536033 241.31543339863128 607.6544279003787 Oyster-Closed 0
636.4446400725137 135.66666728760578 572.4361480658263 135.2441695079449 573.325200716281 0.5775032325259364 637.3333339999954 1.0000000000001605 Oyster-Closed 0
413.954446069838 108.34269064345807 417.3438985661778 31.148202765959624 530.5559007410193 36.11904114669247 527.1666922892473 113.31329639967679 Oyster-Closed 0
172.67259637956158 178.11505358296986 134.22793191857636 259.8651476390183 0 186.16423497300386 15.95092709743767 104.41516656900325 Oyster-Closed 0
463.2497757503734 252.2924405314335 361.9616972206859 225.10744475757224 397.38041899247037 93.14860920094844 498.66666600006283 120.33333400000811 Oyster-Closed 0
470.6801070124493 244.0823136200245 444.6585959836375 140.0343970894329 582.5107283470425 105.55939748179557 608.5328612178273 209.60632314587008 Oyster-SemiOpen 0
633.4197069240327 281.9982588726315 543.1273777870229 272.539480629302 549.5848048836342 210.90484653495832 639.876128597316 220.36357214196428 Oyster-Closed 0
122.958450512524 340.22163861388776 135.95275356456114 167.02839613252564 480.0501564455044 192.84313717753722 467.06229861731117 366.0298162987181 Oyster-Closed 0
