637.7817904301628 478.9585086369458 545.9503158992447 481.1604281970969 543.2586990149866 368.8614363294016 635.0869436912035 366.65955534628716 Oyster-Closed 0
224.26861147236195 456.4951638937146 233.82101533279638 376.18161474998976 335.99999999998545 388.33333399998486 326.4490402996307 468.6455338002832 Oyster-Closed 0
347.82925117367995 79.81840902971095 359.42657371044334 0 506.4532236614468 17.399363127432338 494.8561690581846 100.36911239167905 Oyster-Closed 0
318.4770978354936 616.4578392568238 319.3949401756254 368.70015858171627 565.5455223060562 369.61141039790857 564.63889786668 617.3580657237536 Oyster-Closed 0
198.63210391093162 448.1163853026343 261.82991379027953 512.47021648943 137.50652693706797 634.5312450985975 74.31098377775925 570.1796707389506 Oyster-Closed 0
225.6743858266418 636.3135157692698 225.83872410999902 588.1262885286866 638.3819002125529 589.5206851408806 638.2221010916692 637.7031388294956 Oyster-Closed 0
564.3344371335843 65.65491102082294 611.6609710283228 184.79923591520338 431.9528453741077 256.1798726026693 384.6279803365178 137.03698000909557 Oyster-SemiOpen 0
175.17358884579153 0.6714818622763202 174.99619501068082 51.76811950416663 76.36309046822134 51.42562080436083 76.54053387050226 0.329038829888022 Oyster-Closed 0
10.7015362882521 157.98211216847983 434.390807211239 179.70840762884285 422.16930219728965 418.03268749723424 0 396.3069541853932 Oyster-Closed 0
408.21029042796 264.8821684193177 285.2531553530571 216.3302051352818 348.6270279936434 55.844227901917314 471.5816370000539 104.39560500000779 Oyster-Closed 0
