414.0747257584735 50.14403125931631 433.78279545715486 0 610.3953166685824 9.513162881541522 590.6874798797071 92.22556537854726 Oyster-Closed 0
118.2761684738216 670.58951400575 0 548.1062183593847 169.90188671123178 240.19703126126177 340.00204802643566 362.6731756039413 Oyster-SemiOpen 0
179.11028199996508 636.3333339999809 177.99164018542797 481.68486616606094 503.8912225238164 479.3225083869995 505.0202423142764 633.9604689429365 Oyster-Closed 0
502.6658370000223 619.6666660000329 503.4585332237475 574.4977387195606 636.7904461735452 576.8358036814866 635.9991116124729 622.0033897471757 Oyster-Closed 0
233.49426761524228 73.36956589680176 276.9757144702453 0 460.3691914129013 83.10503124943837 416.88833241991233 167.66774845001348 Oyster-Closed 0
4.444444999971893 16.333333999996206 198.7006623693742 0 245.366964161949 135.6290594332511 51.11074514890788 188.333433260138 Oyster-Closed 0
667.7265800302121 148.2189526070373 604.7190163345658 278.05416431278996 355.65842604861245 157.18728272998416 418.66657926111657 27.353825008257996 Oyster-Closed 0
504.3957474519266 238.45355334633757 486.43896825567936 293.98037442876864 295.39641718823987 232.19966436506917 313.3537207901827 176.67377517710406 Oyster-Closed 0
319.0018790018803 0 323.3105611531937 39.310951437432166 91.86410809510562 60.88643478306931 87.555554999999 14.666665999966927 Oyster-Closed 0
182.98964286776027 349.02913749388085 193.52347807740443 181.41314314898582 528.7665965007909 202.4762334367927 518.2387893755367 370.08697563469093 Oyster-Closed 0
174.56452154197905 243.13677008570863 161.16281290691404 372.3512963926904 0 355.2122340138942 9.33333400003903 225.9999999999872 Oyster-Closed 0
117.1672699136252 257.2077728455423 94.86170568117814 102.813406516437 431.62914180495136 54.15922868375902 453.937273863703 208.55030227415614 Oyster-SemiOpen 0
