422.4556742220011 237.28564818863106 528.8144493722211 494.6248369236043 133.3001949021127 658.0451046746826 26.963222264603246 400.72442651296615 Oyster-SemiOpen 0
0 0 217.919782 0 217.919782 165.60121799999996 0 165.60121799999996 Oyster-SemiOpen 0
0 305.6864501991417 1.501256506962818 156.96729148171332 329.30556725950737 189.9160900763961 314.3611866542051 338.63030607575075 Oyster-Closed 0
216.22029713122174 316.58325292431084 194.93811439315323 457.61300534019733 0 425.05192625590325 0.47311361122410744 284.02590911342327 Oyster-Closed 0
0 504.92136000000005 71.66926 504.92136000000005 71.66926 640 0 640 Oyster-Closed 0
640.0016434209101 640 489.97239800002717 640.0000000000001 489.9773308310978 501.6742770000001 639.9978520072182 501.67427699999996 Oyster-SemiOpen 0
620.3735416306154 132.21013734821167 680.2045920410455 144.13205260392826 630.3489798771625 394.32540244765937 570.5180021248088 382.40377755115344 Oyster-SemiOpen 0
536.8847241650656 49.882198315558156 640.2573780586681 163.95743560152496 407.69143495708704 374.6944377586058 304.3216039669642 260.6218609966157 Oyster-Closed 0
152.48569336246874 186.03306362957284 215.96666015859228 105.78505824136707 337.3987064619723 201.84327246769521 273.91876914822205 282.0903498066971 Oyster-Closed 0
312.9878223773994 631.62961561953 320.69490902918915 529.0559863540636 519.7485058379243 544.0060999560415 512.0461908322613 646.5752985088043 Oyster-Closed 0
640.0002812385355 565.930118 619.3573262864811 565.930118 619.3577273861592 478.944698 639.9999932759238 478.944698 Oyster-SemiOpen 0
596.9976819340809 248.63554424613088 643.3729119913914 410.53586170423245 490.50684776309936 454.31526737289516 444.1354890187358 292.4182067042504 Oyster-Closed 0
315.766445300178 264.84336029649916 201.93392401917663 120.29028166797345 464.22491460973106 0 578.0566492935759 58.29476232528894 Oyster-Closed 0
369.54074699991907 0 369.54092718995526 103.90671606550058 201.04982565913815 103.90656745035587 201.04997399997956 0 Oyster-SemiOpen 0
255.40299926447915 627.5312717796813 196.70359221876424 709.8953935041093 1.574672941424069 570.8602189631083 60.27295206404233 488.5001668805458 Oyster-Closed 0
657.4310603712365 468.0816208080158 632.081440999973 558.4982239999839 488.11126054250053 518.1378669208278 513.4624112727761 427.72361982435234 Oyster-Closed 0
