3.5555549999844516 315.33333400000004 60.045123315940145 310.2997086409652 71.60046666089329 439.9664836621309 15.110911093943287 445.00001781272715 Oyster-Closed 0
11.0233178830822 626.2919928911488 14.868524253470241 330.4758007988863 311.90892206475837 334.3318861910652 308.0789264926716 630.1347312376258 Oyster-SemiOpen 0
585.5090231083159 102.31570134552533 421.7456747156393 60.32511963960805 446.01499292031804 0 609.7777779999888 7.666665999993548 Oyster-Closed 0
196.4343358246697 637.1845663124965 197.44435905347927 485.46618056628546 504.4011478809989 487.50550703732165 503.40093317776336 639.2139439544134 Oyster-Closed 0
517.3333339999954 631.666665999969 518.8024699404923 578.4841929180418 639.6897861998877 581.8218305623943 638.2221433968516 635.0028482417962 Oyster-Closed 0
233.9389568191109 74.7444819775714 286.88766627972655 0 470.76643635453365 94.20050141739148 417.81843632219534 183.6220716486817 Oyster-Closed 0
244.8771753886831 7.338396573242781 257.087788770732 189.1268877881094 0.8888889999798266 206.33333400000186 0 24.546427123139736 Oyster-Closed 0
368.67599362667534 158.45066115518625 436.1976868671627 29.526520898168123 679.5916660193325 156.998231707718 612.072482357471 285.92020983058 Oyster-Closed 0
323.55555499998445 251.00000000002322 327.3706234541896 200.405830651411 506.8943690996093 213.9413200431811 503.08014220994664 264.53470732647 Oyster-Closed 0
344.8828265852353 0.41657522253187884 345.1206556731631 49.45144757127199 87.34881801130541 50.70134148687231 87.11111100004928 1.6666659999958686 Oyster-Closed 0
532.739992706629 373.99321339985397 198.55769633148157 359.6719742474513 205.80970011593308 190.63027590036526 539.9803983465972 204.95126909494925 Oyster-Closed 0
199.6173905996693 261.5754615787437 174.30649779627856 390.6115554707709 0 355.91970106584284 22.76172769474215 226.88619994003494 Oyster-Closed 0
136.03037071821745 274.4719178493485 103.85380926141806 122.29271870449432 430.3606797280372 53.25721292954888 462.5393098199129 205.43255965035488 Oyster-SemiOpen 0
