371.2472297948989 395.5151332284698 412.8357315967878 262.7942419458315 598.6655381259334 321.0187552179007 557.0810213536606 453.73629656064406 Oyster-SemiOpen 0
616.2432551755046 471.3649509928428 610.7194008777878 588.8087298955124 223.0912986378098 570.5602220437047 228.62355931494676 453.12499929892914 Oyster-Closed 0
1.7776954582950566 401.66666538271727 179.63405893133313 402.9967520807535 177.85635722430015 640.6633588468372 0 639.3333339999999 Oyster-Closed 0
421.3333340000099 639.6666660000092 419.05300888814963 532.8945233500455 637.0886888577661 528.2361207241408 639.3739703839674 635.0032349071075 Oyster-Closed 0
178.18839797160763 637.6325426596895 179.16496416357404 547.8556925581217 367.1949766163016 549.8994680231949 366.22215858486015 639.672518686847 Oyster-Closed 0
111.71614151273388 114.93457610183937 116.81472502998076 0 414.3939942733414 4.780125077412229 409.29626703160466 127.3151992473035 Oyster-Closed 0
637.7902772280504 0.5173987370612492 638.2222219999676 165.66666599996782 453.76432859491615 166.14815117889603 453.3333339999808 1.0000000000347489 Oyster-Closed 0
484.3904214895156 41.7762276153866 539.4067113431083 112.72565205410532 459.58433553241775 174.62146961328 404.5683586910309 103.67232740772525 Oyster-Closed 0
640.1936579366156 324.9333671559446 472.2913892840734 327.04525399708217 469.98049762420123 143.09107087223535 637.8773168507905 140.97921861175354 Oyster-Closed 0
188.4563148702 373.80359855594406 168.78695958599565 143.67981496217038 491.64842024751124 116.08419288067734 511.32388754878775 346.2007967533823 Oyster-Open 0
206.140982881916 413.6811162652828 0 403.48309106759024 14.256779905117583 113.8728921015999 220.45743294627755 124.07059176972965 Oyster-Closed 0
