4.444445 309 81.777778 309 81.777778 441 4.444445 441 Oyster-Closed 0
136.72368965431815 682.4782311621793 0 551.8057207320131 188.6247141125932 247.6410574580138 363.7256136100041 378.3055666386263 Oyster-SemiOpen 0
449.3991115037352 55.04937104190431 475.9749584464589 0 636.812799651525 9.148982683063842 610.2372098625347 101.38902410125502 Oyster-Closed 0
515.0147910568921 495.72438852593007 506.15678893118456 651.0428060621463 212.0299779936613 634.2589333671885 220.89701313459955 478.95019790451187 Oyster-Closed 0
524.4444449999719 639.6666659999793 523.4702166928037 583.689498367334 638.1354926795757 581.693274319611 639.1111518201069 637.6690078673279 Oyster-Closed 0
226.79017130911234 69.33022853920777 279.6606364321633 0 491.9801004915644 94.00795046760916 439.1104714789253 188.33447498897758 Oyster-Closed 0
226.25374570547137 0 258.25353775086114 172.98563966806964 9.19867822303786 219.005401651805 0 45.836562109417436 Oyster-Closed 0
632.4459520385426 251.33313808806716 460.4837958545977 273.68782685222277 432.3467760267522 57.23935258582718 604.3053027032875 34.88487816997366 Oyster-Closed 0
218.53531732871488 366.34212460239695 221.60565563113778 201.77395133452472 553.3179724915681 207.95795975202796 550.2535444286332 372.5207845943381 Oyster-Closed 0
357.3210047545581 0 358.0076842465496 56.25445134635531 107.35319399602304 59.27669989574738 106.66666600001918 2.3333340000313227 Oyster-Closed 0
0 349.17980848627076 13.13671367635834 228.50709416545874 211.70455080791726 259.1717121594274 193.07042250533414 379.84181357339185 Oyster-Closed 0
159.5059519771894 271.5025695058997 130.3212929325673 116.86055776057731 451.13876520001213 56.31445522033697 480.32572769785475 210.95302457958792 Oyster-SemiOpen 0
