446.3137408108014 411.3905895408258 452.43779051481397 290.3170752389227 579.648833616011 296.7509498306604 573.5268974539213 417.8224525166254 Oyster-Closed 0
628.8885119794577 411.66663900004585 595.0547815168102 413.6788642754997 589.721823883956 324.0122005962791 623.5547260000021 322.0000000000004 Oyster-Closed 0
384.5623958701617 434.74241148333135 370.39844396465924 492.573499490351 291.6992482929345 473.3006265463937 305.8637293470383 415.4703242789915 Oyster-Closed 0
0 537.7220752528366 13.656868058387772 358.42143879324976 273.05652162089245 411.5779841462643 236.31570640776772 590.8706181461223 Oyster-Closed 0
439.5563850000326 631.3333340000136 427.86017029502545 508.75000832616166 628.6235123233928 489.59683124723824 640.3242893394781 612.1750380782144 Oyster-Closed 0
145.33250299995416 605.0000000000056 160.6061486825638 490.8934258843648 432.05233245571435 527.2138007100002 416.7859029320243 641.3140008998678 Oyster-Closed 0
17.0798890072183 619.3891294603771 29.68419244476536 547.3530340373303 143.01884639171476 567.1779608411512 130.4166071349755 639.2122309593691 Oyster-Closed 0
190.172323602892 133.95542240698663 199.5046066562645 26.306768113065 399.1499951023434 43.61411056194423 389.8184890223638 151.26203388137833 Oyster-Closed 0
632.2292050089163 183.3749646378811 472.7350981424388 176.95672008647063 479.9209846742451 0 639.4128215885576 4.834640491939556 Oyster-Closed 0
245.239858003697 156.34933333709196 505.62059827672783 141.2611640860893 516.7257629844971 332.89961097119124 256.34501252687187 347.98751729520467 Oyster-Open 0
273.8787723793939 388.3280546135182 105.41240426231525 384.8791325622328 110.42153627015068 140.41083869196814 278.87968046074093 143.85967567487546 Oyster-Closed 0
