187.25653868612426 422.93377307801796 185.94525268250436 331.9393689978165 287.8378731848352 330.47106463912405 289.15043494998827 421.4641793396762 Oyster-Closed 0
0 594.1374347664287 9.002869059913792 406.6759175354226 423.95961211390386 427.1262634862428 414.7295051038236 614.5735236208974 Oyster-Closed 0
438.43673949013464 30.311589865506146 426.0569708199182 112.52102464503538 280.3466622105043 90.57846551371833 292.7266486221197 8.369295799047212 Oyster-Closed 0
380.8888889999798 627.6666659999638 384.3628629032901 568.5856376967845 531.9161218166846 577.2583317897139 528.444206403874 636.3373940051317 Oyster-Closed 0
589.0849878535664 154.6940110300214 430.3103713730525 151.14598890150683 433.67110192775726 0.785325328312799 592.444445000001 4.333333999999886 Oyster-Closed 0
629.3336325498967 224.66667609581924 582.174511213525 223.07193411850625 588.9219048721134 23.552913932046767 636.0803236876382 25.147645891429825 Oyster-Closed 0
265.9119689133513 57.61123416144642 185.83271611270902 249.8006676663864 110.89751675070147 218.5775429950959 190.9770523453335 26.388848041052675 Oyster-Closed 0
468.7299592731142 228.12829900052753 366.71519237243047 264.6206785198347 324.88519964746956 147.68566187331916 426.8984580096003 111.19356801624107 Oyster-Closed 0
279.11111103261646 1.6666620367487313 278.735444558406 47.24965112216771 201.96987361508945 46.61695654755614 202.34557013791346 1.0339960512815602 Oyster-Closed 0
627.814186659889 243.58679178382863 627.8179754765733 415.3850584868958 386.879092545787 415.3842187114957 386.8803572631441 243.5909699679169 Oyster-SemiOpen 0
392.99623939718003 477.33519942244646 241.4081092401466 393.9545212259859 370.839950224763 158.67344752635984 522.4198720000277 242.05128200000087 Oyster-Closed 0
