498.89454421667324 440.61040763565643 377.60862252303923 662.5534152088743 0 422.35616446429196 59.33422715141205 200.43078025933016 Oyster-Closed 0
244.12403512040328 580.3280739667758 261.42585895519005 495.77408509150325 376.8798380535736 519.3934927520045 359.58034882751235 603.9454354327579 Oyster-Closed 0
625.777777416879 0.33321816801507065 626.3334148268768 110.68627118886079 476.90623070462607 111.43825272060737 476.3509276315017 1.0855125104474714 Oyster-Closed 0
352.805757890892 638.93170505324 353.2138098852738 486.9819972377129 635.9546214616421 487.7367448765643 635.5555262835696 639.6776097856438 Oyster-Closed 0
223.61740912499954 29.957335545060936 229.68068708527426 122.34468281894317 94.65920538961655 131.2054900970984 88.59634300002654 38.81856500001155 Oyster-Closed 0
398.95246108564606 173.24242757660903 398.30299294015276 64.37876777402118 562.2788512450643 63.40039547685382 562.9290953445161 172.26323608762712 Oyster-Closed 0
35.45950254017953 193.3768598229937 85.97016924613854 94.04444063700105 221.80610314564547 163.11611224894992 171.2966395841795 262.44750363995485 Oyster-Closed 0
493.5988333428395 0 494.2324515204382 57.6008597653654 348.18907943692466 59.19982301614497 347.555554999999 1.3333340000028908 Oyster-Closed 0
477.7336216943513 347.9837859341381 398.3699811823317 391.1718476893362 333.1704943144723 271.3660319588258 412.53210536749975 228.17865116065246 Oyster-Closed 0
638.641989374155 175.19058957618427 646.0785392425169 333.7230400117011 440.51414183952147 343.36145680674286 433.0808301659272 184.8319943523455 Oyster-SemiOpen 0
