535.4246643867373 82.7869448843926 405.6767018768005 45.333983917537424 426.2831758077664 0 556.030894032665 11.400660253775126 Oyster-Closed 0
277.1698816519347 561.4016131358424 54.95768419386877 520.2015290493434 101.56706323912658 268.9001799446073 323.76247540938493 310.09868342865775 Oyster-Closed 0
126.32749732023512 510.4192217200583 133.44348427483055 328.78055805732595 580.4315698018036 346.2816310477107 573.3290799688257 527.9070460278933 Oyster-Closed 0
329.32887960741937 577.8689589317564 353.7208057686803 498.31267267576595 468.9941729860584 533.6474382000156 444.60457409295486 613.2017389196293 Oyster-Closed 0
447.99998412177956 639.9991378002893 448.00622919545276 503.995379357111 638.654821497621 504.00236071024335 638.654087997129 640.0007061466432 Oyster-Closed 0
638.2224452983064 126.99999679859594 548.5009404506127 128.2863245765545 546.6666660000192 0.3333339999995303 636.3877643067099 0 Oyster-Closed 0
317.92590090160957 0 374.1182672791183 70.2624616110014 222.23820270613942 166.26487290342186 166.04635415009398 77.3674154019298 Oyster-Closed 0
366.22276155299915 232.33339661192016 282.0105721323489 222.56106595697602 306.38966651247756 12.485568669046502 390.60034910653485 22.257815018556503 Oyster-Closed 0
477.1779869601596 193.3081574542395 476.421360555687 69.50536998424876 635.6868539931747 68.53209913793195 636.444447918766 192.33381085169398 Oyster-Closed 0
607.144332293683 357.09612445293067 512.5889685525908 339.75815513464806 540.4320742324489 187.92897471619003 634.9844940190087 205.26666395881654 Oyster-Closed 0
557.145404089606 363.62928240647364 484.2979734511755 403.8179364548474 417.62982743144676 282.9807955362706 490.47524810514005 242.79283738476101 Oyster-Closed 0
0 221.978022 178.470095 221.978022 178.470095 331.86813200000006 0 331.86813200000006 Oyster-Closed 0
