5.33326254117128 297.666664298792 102.2545338463533 299.9740509970173 98.69904670071264 449.30733875268174 1.7777779999596532 446.99999999999994 Oyster-Closed 0
178.90737402121886 668.7499987386628 0 531.7567489323721 184.09241048400872 227.91608125585623 385.54167238165974 364.9007904595981 Oyster-SemiOpen 0
645.218516629684 9.480589502610814 638.2428185460594 104.55946884811893 446.7892807554017 90.51251112219359 453.76529157714685 0 Oyster-Closed 0
220.12143375490268 641.5290996903477 218.38833742738643 507.20837226909725 546.0264850935346 502.97617942672593 547.7688311353268 637.2873837058893 Oyster-Closed 0
543.1111110000347 638.9999999999806 544.0256417206547 586.6508138725256 625.8054866633756 588.0788859704201 624.8919509653933 640.4270906477667 Oyster-Closed 0
258.73601137209334 75.29344843207062 307.0301506094256 0 509.9672984386416 87.95298179196607 461.6739209077059 180.82297921376016 Oyster-Closed 0
4.896690254463465 43.05491007933767 238.06460365209205 0 284.3537899680814 150.75108130580463 51.186047309383866 213.91873574335918 Oyster-Closed 0
638.2244158117828 296.3333232856537 460.7164101435774 297.20025366154294 459.55555500004266 58.99999999999978 637.0581783266971 58.13308243604021 Oyster-Closed 0
370.00558226543944 246.4497297080251 377.0484688886063 197.45250783765923 547.8797207907337 222.00611059848853 540.8376549760578 271.0025939879305 Oyster-Closed 0
235.6229808790522 364.27691899940396 240.27437148579338 201.5695903767995 569.8040803561162 210.98553272137303 565.1585972513567 373.68742196757927 Oyster-Closed 0
224.0603408637253 260.26753179366716 207.50522961825482 384.923932966497 5.152579165005591 358.0484129921817 21.71010161509912 233.39484437184325 Oyster-Closed 0
173.76890608931717 259.6189829854652 151.66719809669303 119.67308677101221 479.29635550346575 67.9300921113061 501.40029537105875 207.87274932828166 Oyster-SemiOpen 0
