0 406.489135 165.779919 406.489135 165.779919 613.161923 0 613.161923 Oyster-Open 0
384.2959974164114 606.2407103118146 297.01456320450234 656.5482368248735 165.36736404930707 428.1865299732214 252.64182021921442 377.88154236402863 Oyster-SemiOpen 0
99.79058500000974 372.2069180000326 86.01437241275562 338.99946689125227 188.20578005288553 296.60817661693983 201.98215372744016 329.81517387092714 Oyster-SemiOpen 0
85.87814100807009 361.31363228897146 9.960879857899272 317.97205441313974 77.85712180113478 199.05407570298692 153.77264228001877 242.39502471331707 Oyster-Closed 0
102.22909667398199 455.017923372273 90.33761844948458 359.95403955883444 329.04971993120853 330.0944966237163 340.94402825285215 425.15503661358775 Oyster-Closed 0
386.8892202250572 519.4530120079028 336.4340284572245 527.0722252638409 312.4653322758968 368.36554809684003 362.9179128146643 360.74653452369284 Oyster-Closed 0
0 604.346494 261.575407 604.346494 261.575407 640 0 640 Oyster-Closed 0
640.0020780719933 640 371.68595492257737 640 371.68927582715696 576.9207229999997 639.9977458443755 576.920723 Oyster-Closed 0
375.51887738089135 576.5687890369354 386.79181696643354 447.9669523847483 651.1293714416388 471.1312297106172 639.8636229035765 599.7262798323786 Oyster-Closed 0
366.2706574819458 432.9727483374592 378.9109646368888 375.25395281662077 651.5180070221686 434.94217740717636 638.8806871982524 492.65837285363426 Oyster-Closed 0
639.7391224256717 377.19051071505623 642.6002171079017 408.2192233044726 515.7822738724644 419.9101467599694 512.9218113527895 388.8820260003696 Oyster-SemiOpen 0
427.8137321558461 164.55367711830547 427.81485341198277 257.6063331973204 225.16850627107488 257.60628436858303 225.16886050529138 164.55505280797337 Oyster-Closed 0
197.463225320098 361.5345979115795 189.25469842586608 263.3451265909391 546.3273387271329 233.49077589270706 554.5394059521641 331.67634973342876 Oyster-Closed 0
441.77845582227746 252.49223864051984 439.01099650123797 202.4425300895177 609.5247061134432 193.0133311832882 612.2928353702446 243.06236678516393 Oyster-Closed 0
0 111.20872842896723 28.850869762609364 64.98969301854878 120.01082141694496 143.0093122657314 80.45399908151012 189.22807651282005 Oyster-Closed 0
27.32991695520468 243.0545564347616 45.57085435408226 148.5944024407699 232.06136908193002 184.6053441575086 213.82204265144537 279.06410013008264 Oyster-Closed 0
0 410.80412428796853 0.2782725268480135 329.45306991015843 93.06459204417479 331.04774504059264 91.66734444414033 412.3977507458136 Oyster-Closed 0
173.06951026068418 207.4359238955526 146.0354194993124 112.53817810993418 318.5205317388318 63.40165695062336 345.55513332161354 158.2985140913505 Oyster-Closed 0
