395.9343871963938 415.3342159492537 552.5719416838547 496.04983346564813 473.09198167014983 650.2554212964379 316.4562424295582 569.5425585929463 Oyster-Closed 0
370.9176389030472 351.6191515436724 192.0573240079102 275.46889386260136 305.55992604320636 8.892499538311199 484.41463998729887 85.04144002912689 Oyster-Closed 0
174.84046663892514 280.04994868226254 328.0434132391383 252.72021208126995 384.16763217646803 567.3025823469537 230.96501361011178 594.6309428428402 Oyster-Closed 0
640.002287449388 377.971014 491.99239977111574 377.97101399999997 491.994931065492 216.811594 639.9994694311317 216.81159399999999 Oyster-Closed 0
247.14651395530382 212.17400111419093 83.75094834576885 142.6057308926863 166.72518913321255 0 330.119080051154 17.295006503189846 Oyster-SemiOpen 0
639.9999999993452 0 640.0008751328278 238.98802100200993 488.25550998197286 238.9872821940977 488.2561749868182 0.0000021198924446948257 Oyster-Closed 0
175.202019510034 189.74483184468806 37.56031755649019 213.12210700853456 1.8218095242627896 2.6969912269590655 139.46155478872242 0 Oyster-Closed 0
280.98829876638774 302.5998727395905 161.69878605411213 340.3949538716271 117.84234172737342 201.97777027621692 237.12874721575645 164.18323044127277 Oyster-Closed 0
508.77372255046794 640.0007930592242 508.78003654703207 399.99809471916757 640.0002951468923 400.00283649811297 640.0000313998316 639.9995072281714 Oyster-Closed 0
205.7386458441033 476.8373452812956 123.9067742129555 473.42862822960274 128.8965273883514 353.69279725256297 210.72531000005256 357.10144900000074 Oyster-Closed 0
47.40936186950421 321.7588084265495 13.442185950480052 220.5256674709327 130.63026186224306 181.20674001513325 164.59802064440737 282.4387287961842 Oyster-Closed 0
58.57538864038361 369.85497770425917 11.450511697912589 388.0935998345803 0 279.07333876304574 16.377578579995316 260.8349821232175 Oyster-SemiOpen 0
475.46820099996694 0 475.4682888098614 67.24636114098371 291.7129028515046 67.24631124729265 291.7129647159163 8.525166838852315e-7 Oyster-Closed 0
440.8484733709338 93.91299677684381 508.826352426986 104.65065429596808 480.9884852246614 280.8824527923227 413.01063899998553 270.1449279999958 Oyster-Closed 0
487.0567194391333 111.30425859658672 592.6841507592326 139.78602155551624 548.6129886833805 303.2234748770799 442.98566349374596 274.74207602050524 Oyster-Closed 0
366.6082209999877 474.20289899997186 341.00899565950385 364.00366542515417 430.85100649972446 343.13603574807576 456.45129491138505 453.3337329337988 Oyster-Closed 0
544.23601929906 376.61010835759373 506.44512564009347 445.56209745103297 397.901171764679 386.07718514016744 435.6921316419175 317.12642804848167 Oyster-Closed 0
558.379378154641 397.67825980693635 565.825537796336 483.05617061469155 446.12439325901505 493.4921552251378 438.6800609999773 408.1159419999956 Oyster-Closed 0
380.94085718395945 380.49919799863966 350.4800634383719 305.6800792553612 482.14949480643554 252.0778712277472 512.6107226078602 326.89569977409343 Oyster-Closed 0
0 465.4631121802245 1.0611170502670575 368.3220130570537 143.0246672846988 392.14144558400847 126.72624584651203 489.28024587166556 Oyster-Closed 0
88.27966829987417 572.0109159204706 145.11521572661877 431.4470056245605 345.23725007413304 512.3493845617317 288.40917727851775 652.9068477225053 Oyster-SemiOpen 0
124.64428999999654 639.9999999999696 124.64690000473638 579.7072917488587 255.31159377249423 579.7121446184213 255.31076695988304 640.0030546767566 Oyster-Closed 0
0 453.033869 102.083334 453.033869 102.083334 523.45002 0 523.45002 Oyster-Closed 0
157.9427503921761 264.7845455656366 207.65525499999058 352.46376800001934 99.0632574960182 414.0262418697503 49.35229067094042 326.3483444339952 Oyster-Closed 0
0 585.507246 124.799384 585.507246 124.799384 640 0 640 Oyster-Closed 0
314.44837499999267 640.0000000000153 314.4531887152698 571.2068739859767 527.1407641608675 571.2192379763844 527.1392428105901 640.0090043619248 Oyster-Closed 0
