265.25028099997144 640.0000000000009 265.25101674502366 599.9991661417987 320.83273071140866 600.0000522691853 320.8325082450756 640.0003744394517 Oyster-SemiOpen 0
341.23946452215023 639.9999923017479 341.2440759391757 539.3907092423021 474.73674454537104 539.396271307662 474.73508622773807 640.0026095129016 Oyster-Closed 0
37.01343968583387 146.7647751400856 113.80497005651705 74.04776385893746 205.53859956948145 170.92027901479665 128.7476256933587 243.6367240726762 Oyster-Closed 0
1.122197 0 118.540669 0 118.540669 167.27272800000003 1.122197 167.27272800000003 Oyster-Closed 0
355.30370382461115 360.1681122368132 425.9454401783296 385.7407947124955 368.2571133708552 545.0749124169079 297.61574532727536 519.5029611516932 Oyster-Closed 0
640.0005047745071 431.515152 586.9743519077747 431.515152 586.9748973426613 364.848485 639.9999972215301 364.848485 Oyster-SemiOpen 0
160.21858202075236 515.1502779458064 160.22076129542256 640.0008356690257 41.085827627102844 639.9999902560161 41.08685959188733 515.1526758560816 Oyster-Closed 0
640.0020528865571 583.030304 552.1124189584953 583.030304 552.11518066797 438.78788 639.9998777204746 438.78788 Oyster-Closed 0
505.13722614785365 533.3695147882014 436.6994515444094 428.63922940122785 556.2614121405204 350.52153932736525 624.6988001382852 455.2493925770151 Oyster-Closed 0
354.65793821735133 396.7774569737 291.55002607898496 420.3477905251668 239.70605576236267 281.54865232172284 302.81196429590636 257.97871943643145 Oyster-Closed 0
403.7991830815736 205.75433450568732 524.7607409063494 199.77925129807778 542.5803625342814 560.495237069208 421.6188388656883 566.4700245487702 Oyster-Closed 0
552.3525891206373 318.78798883710476 492.1411716500734 262.8347905174986 566.2890990830783 183.04841014365752 626.4998241770081 239.00102704756796 Oyster-Closed 0
520.2540460036835 243.19663105246465 473.7754856436368 233.88138845890114 487.52662325801793 165.27342793176962 534.0047204769508 174.5886236885164 Oyster-Closed 0
466.24926277763734 180.33061811259157 414.8023396950157 168.9340432161005 435.0158980937704 77.68733183885354 486.46239471039735 89.0838590981698 Oyster-Closed 0
123.80297265226545 253.72114627137648 240.81186614603212 298.7490228789748 138.39663498183654 564.8527159254362 21.388770378762274 519.8267739521252 Oyster-Closed 0
401.7579651095002 516.9831441681323 417.403941808152 563.3121732578597 343.62208973936504 588.222603071873 327.9769831540034 541.8943114638367 Oyster-Closed 0
598.9336016181915 371.85284502704997 558.0594053417735 370.3438633029455 560.9984068071208 290.75413715830047 601.8718088697642 292.2631042909303 Oyster-SemiOpen 0
417.7661152581277 204.84845790243224 417.7662419260014 178.18170071485952 476.43639478163095 178.18191281547368 476.4363799023704 204.8485581722926 Oyster-Closed 0
