0 366.868687 134.986953 366.868687 134.986953 640 0 640 Oyster-Closed 0
305.34415191323205 425.71535491987163 411.4159258927248 502.6077881725768 256.04376118652 716.8881991939496 149.97564100005548 640.0000000000192 Oyster-Closed 0
519.5589418461168 0 608.3310765273927 132.5268434720617 361.7827045136801 285.6158972549092 273.0129729818873 142.6559188134363 Oyster-Closed 0
640.00468786071 640 432.80842280546494 640 432.81567971454933 446.06060600000006 639.9957696288038 446.06060600000006 Oyster-Closed 0
401.9301355386415 219.19616445952892 528.4999479926046 194.47621756765446 586.6467417613603 492.1748784598592 460.0772143832728 516.8938570701802 Oyster-Closed 0
379.35078375921876 417.6354429573663 156.8178886068199 504.96870077408937 7.273187539467472 123.9206956192292 229.79006544759613 36.59090052831746 Oyster-SemiOpen 0
492.2006822271942 0 492.2007174020837 49.83165592635849 340.16663695307216 49.83162963700673 340.1666668206599 3.433650103226322e-8 Oyster-Closed 0
470.79077953239903 531.7438722820173 373.7620981604414 552.7124269832809 327.09643500282255 336.7918304161316 424.1187294742849 315.82396934300886 Oyster-Closed 0
640.0030298217462 515.5855710000001 549.0675290000218 515.5855709999998 549.070416880495 206.060606 639.9991151151335 206.060606 Oyster-Closed 0
640.0006951366959 230.45215699999997 539.8265357704076 230.45215699999994 539.827407423436 44.444444000000004 639.9997918548615 44.444444000000004 Oyster-Closed 0
640 0 640.0000278269727 76.7676796677847 579.7799398026837 76.76764397145601 579.7799780000059 0 Oyster-Closed 0
157.30112466633727 21.530674582072052 235.9741673852841 0 358.0566419359093 54.13583566905128 279.38389243958227 137.18279248817632 Oyster-Closed 0
76.91291453789745 368.31671853683554 1.1748217089188984 353.6000108286813 67.65476523047255 11.499490868610092 143.38811319968954 26.215654266728933 Oyster-Closed 0
0 39.216491 76.283803 39.216491 76.283803 253.19865200000004 0 253.19865200000004 Oyster-Closed 0
140.97074854944367 0 140.97075390222017 36.36363895587746 98.53873196385393 36.36363386592079 98.53873699998076 5.6057276260794485e-12 Oyster-Closed 0
0 0 106.850162 0 106.850162 125.252525 0 125.252525 Oyster-Closed 0
0 53.872055 15.861931 53.872055 15.861931 171.043772 0 171.043772 Oyster-Closed 0
274.5947940934275 142.28345464425058 373.7253054580651 130.02145709332476 407.1244620498328 400.0202435374681 307.99402305929107 412.2818932057785 Oyster-Closed 0
428.55191942944657 650.1590562877168 364.8370422526932 639.9188439815873 383.3412996178231 524.825668343463 447.0530069860979 535.0656216783717 Oyster-Closed 0
103.56597776415583 407.49855277945636 274.39128781879845 379.67617543576125 307.4709989700932 582.7491397289847 136.6460292013653 610.5704559745348 Oyster-Closed 0
