247.9418459032604 528.1495862951424 163.33865553235228 341.21783755807513 438.9468705818581 216.4934804633574 523.5519825287338 403.4170429598969 Oyster-Closed 0
96.06598986676545 175.72157462173436 286.54505491540476 217.4379286573179 239.66219373505737 431.4939688256999 49.183391498663696 389.77864116968976 Oyster-Closed 0
155.24635989997478 639.9972467557542 155.26748866395792 483.6323837179161 640.0041401547787 483.68440912112806 639.9990670521947 640.0326644940451 Oyster-Closed 0
415.9308510000119 258.18181799998393 478.02780574762437 223.31876657019484 567.8631924652291 383.3204111861256 505.76677548167936 418.1827120707388 Oyster-SemiOpen 0
456.71692431889824 248.53196279352605 341.5181176336773 242.51594471507138 346.9048058371118 139.3863986458609 462.1019241099566 145.40237298453104 Oyster-Open 0
229.51570372817514 151.15841663261432 276.5231890187715 93.63410148890986 378.40314255117846 176.88664211311192 331.3961731011659 234.4104779376774 Oyster-Closed 0
531.5663857261825 388.5570785142085 527.9994089999673 293.9393949999734 637.8106518533605 289.7998738460094 641.3788975268835 384.4162361432665 Oyster-Closed 0
194.65584439669328 185.83640359408636 209.9232721066801 154.20106232345466 296.97906829787826 196.21361831671706 281.71189752960345 227.84873993241132 Oyster-Closed 0
10.808812102986849 232.4377487368102 5.728349101118511 181.0883592938277 79.56177417989238 173.78354768855178 84.64249369091704 225.13263912136892 Oyster-Closed 0
3.720476509333821 455.83607329812776 0 424.5516072917602 27.863792493008077 207.10883928212567 99.15008576426771 238.39247133548784 Oyster-Closed 0
138.1859023857396 631.4571698989083 0 507.49531630321826 75.39426392475434 341.2835889655901 253.73165751661872 465.2407994381108 Oyster-Closed 0
267.86548399999447 225.25252500000417 298.4638563070621 221.27568038114302 304.5126834583061 267.814176478896 273.91431453965197 271.79100399023 Oyster-Closed 0
