640.0023068345035 640 475.6133486183535 640 475.61620177111763 564.1379310000001 639.9995657310501 564.1379310000001 Oyster-Closed 0
193.01341978745768 339.54265603822944 189.83369282228523 124.79236694580001 639.723133605512 118.12610534060163 642.9106580898952 332.8688475815582 Oyster-Closed 0
639.9999999996362 0 640.0005661717296 134.00365199913102 340.7520263436163 134.00329348405035 340.752429008935 0.000022044058598261695 Oyster-Closed 0
0 0 356.046624 0 356.046624 164.13793099999998 0 164.13793099999998 Oyster-Closed 0
249.62060524747358 322.70750522345963 161.47343034921505 450.36695795882423 0 282.0398633025258 5.831427576486021 154.38425753496057 Oyster-Closed 0
213.89884133182932 168.6351810522466 211.6826847336779 268.4836658137085 15.455436296397238 264.12640854616683 17.673118753664312 164.27956834475316 Oyster-Closed 0
162.9582092547207 208.168706231035 129.60430067178095 59.33118725696052 523.0063682227046 0 556.3613950890431 120.00559575430623 Oyster-Closed 0
616.9338827707543 284.2203925909434 665.0661637802114 562.0743505002463 27.56043028079148 672.4330719267232 0 394.6089185044714 Oyster-Closed 0
639.9999932837818 333.7927800806776 640.0013443831267 508.96556275027854 559.4654627003911 508.9646702922347 559.4663279693486 333.79413699257657 Oyster-Closed 0
581.4156320533948 543.8521908318272 596.2895092766848 612.9352555546182 178.3632450526784 702.8693351299366 163.4971950000181 633.7931030000291 Oyster-Closed 0
0 639.9999998124965 0.00006150723493192345 567.5861758518504 196.88423000079638 567.5973687885036 196.88278085064667 640.0078824175209 Oyster-Closed 0
0 289.505988 68.775298 289.505988 68.775298 439.03829799999994 0 439.03829799999994 Oyster-Closed 0
0.341223800132866 551.145670738764 0 478.09645835378257 246.37957220635144 264.89759847686565 298.6005679021764 337.9425161935962 Oyster-Closed 0
