625.5556178068946 326.01922791600805 680.443741574345 382.1022394105299 601.2337800500245 459.614489621749 546.3465330401232 403.5323668586056 Oyster-Closed 0
628.8894782546413 526.0000468571067 590.633694490607 522.9579724805482 598.1899528702343 427.95797733125397 636.4444450000155 431.00000000000034 Oyster-Closed 0
42.562353730754694 640.4802667706905 0 523.0502826116442 157.84349563073192 428.24288629261366 220.44513863802422 545.6679670576033 Oyster-Closed 0
81.77777800003241 638.3333340000091 80.8499613294407 517.9502297741838 629.7253227692272 513.6949721822225 630.6671673243545 634.0640352310859 Oyster-Closed 0
0 20.25470234198465 50.962526845760294 0 203.8546068200958 104.97666612714119 142.48652892427344 168.33761624535813 Oyster-Closed 0
331.59039456579194 144.27770583870287 282.34253447299125 177.87302361131978 181.07742537278682 29.427768360715554 230.3249765424698 0 Oyster-Closed 0
1.7786080000223592 101.33333399999891 82.32394744540215 96.23678158237772 89.48727897972276 209.4435850279076 8.941941564771696 214.540104042295 Oyster-Closed 0
635.5302539785771 231.10882285343266 642.1847140809405 425.956557695645 172.98715193974203 441.95849636063065 166.34454673316213 247.12175912019748 Oyster-Closed 0
125.16614000000001 0 429.326018 0 429.326018 235.897435 125.16614000000001 235.897435 Oyster-Open 0
639.9999999989814 0 640.0017072452465 287.9122999552415 446.50100204191403 287.91089007767584 446.5023460330849 0.001142920823103048 Oyster-Closed 0
550.992228751129 456.6954900339943 540.7839353755116 499.3652351467897 416.55732801009435 469.64843929426354 426.76625383210194 426.9796384170618 Oyster-SemiOpen 0
