640.0148124670523 515.5654625657313 491.32641190815775 523.0481649297285 476.1642767002195 221.65264296199445 624.8394812653714 214.17028845852428 Oyster-SemiOpen 0
227.58521165684215 319.87353271316726 199.24003406151314 446.86784448514624 65.4434381241299 417.00573997260625 93.79025800000818 290.01398600002665 Oyster-Open 0
458.0272076313122 142.41008394273354 395.039726943578 371.0432105122634 0 256.9365186968223 43.871318067394895 28.308525510482383 Oyster-Closed 0
596.6142184659111 35.803321502864364 707.9469541522849 153.46110748732463 490.7900598246488 358.93525312650587 379.45986026832543 241.28001506971262 Oyster-Closed 0
311.87794590659905 523.6681170755218 355.2383496341645 354.91832413965653 682.5209569760773 438.9990528852014 639.1725410641811 607.7383727918335 Oyster-Closed 0
425.1189613609313 610.9464641008045 284.8270061754738 680.3742393774801 198.63380063827208 506.23603100598564 338.91592899999523 436.81118899999996 Oyster-Closed 0
5.780658000003314 639.9999999999865 5.791447851806879 510.2022066651424 240.07068887680362 510.2191946000212 240.0664506778412 640.0104164611737 Oyster-Closed 0
0 284.32953298047545 20.20801698890864 218.79134749328443 189.6589809458237 360.5355562113531 134.83511442704184 426.0720307909426 Oyster-Closed 0
0 340.13986 122.098266 340.13986 122.098266 495.888112 0 495.888112 Oyster-Closed 0
0 0 116.436665 0 116.436665 136.055945 0 136.055945 Oyster-Closed 0
97.50631242284726 52.725291704130626 120.98487280898553 0 308.34740156024054 22.463139196649596 284.86914409259043 105.622992980256 Oyster-Closed 0
601.9190155695833 0 601.9193185465701 128.89521633542535 427.8246013883472 128.8949847363593 427.8248277511011 0.000020989126750959824 Oyster-Closed 0
481.3907693423971 300.9007702662969 472.4001865107857 374.3546431176228 371.1314309258887 361.95947410862635 380.12280672955967 288.50650924636557 Oyster-Closed 0
377.3280404481193 228.54363040127112 467.4763518551481 336.76163325522305 186.581305530417 570.7184368916047 96.43906186502136 462.5062054400576 Oyster-Closed 0
352.6460049663001 123.61890754456147 377.8191266657086 61.06845131891021 459.9845035817998 94.13529865783487 434.81165266748576 156.68552310713255 Oyster-Closed 0
