639.9999994641985 0 640.0001475903264 105.14291715261953 507.38440052984515 105.14279513611262 507.38451888893906 0.00005565581791032617 Oyster-Closed 0
576.437646 181.94368300000002 640 181.94368300000002 640 260.156431 576.437646 260.156431 Oyster-Closed 0
640.0010566222772 393.142857 561.9689513793128 393.142857 561.9701800609619 276.29956200000004 640 276.29956200000004 Oyster-Closed 0
605.1922703567107 382.3373700688452 635.075208332928 485.4935558638582 532.7160314321372 515.1390646800264 502.8352194772742 411.9846826100961 Oyster-Closed 0
505.92894569235796 404.9974420323136 527.8565194265684 500.4959636036003 384.43708297461853 533.4181042795974 362.5123410120432 437.9220417501662 Oyster-Closed 0
354.77480760149774 366.55153886108025 371.93101327349723 276.89411858837593 510.7507264365995 303.45520708236916 493.59630442057096 393.1110711068326 Oyster-SemiOpen 0
196.13838164514164 193.04135103268692 279.41598308229004 107.29102712118731 386.58343698283716 211.3659082913352 303.3068196612294 297.11525709563824 Oyster-Closed 0
390.9046579999995 0 390.90466064124485 21.14285652804689 328.6161926975183 21.142854382283474 328.61619499999506 0 Oyster-Closed 0
546.9469577117707 0.5713009301003684 546.4235137284413 94.770195932002 417.0170149392652 94.05083547484853 417.54070124465215 0 Oyster-Closed 0
152.3943630890426 176.13049386030792 27.700929119964712 129.35787958009914 64.90992651844863 30.162603205677655 189.60246395028662 76.93503522395575 Oyster-Closed 0
92.92994065690436 410.43840833160226 184.6796289007034 377.38865034698085 225.9773985247739 492.0201395311509 134.22804708141484 525.0692242485745 Oyster-Closed 0
0 508 25.796703 508 25.796703 585.831014 0 585.831014 Oyster-Closed 0
0 546.2246995892984 45.24107667792123 430.11427230845635 154.84024692879757 474.7571041164259 107.54002601919638 590.8649379330426 Oyster-Closed 0
107.3444588095299 639.9999737793679 107.34875436995935 550.8527568718813 246.11006659979466 550.8583475042245 246.10851468016335 640.0028525265795 Oyster-Closed 0
517.2951315926184 516.9834682244258 514.4496623354644 621.8362974498541 394.34806239303725 618.5747910453734 397.1961082540656 513.7245867012153 Oyster-Closed 0
312.6651366891747 639.9998605181939 312.6701549530844 519.425613888367 450.11598617988057 519.4322082176918 450.1145749573334 640.0027059829636 Oyster-Closed 0
337.6424603949272 512.2070171814256 275.5077735885425 467.41214314856956 343.81009875098243 372.6862935547513 405.9431377497822 417.4803113863913 Oyster-Closed 0
377.8640016535064 447.0216462319851 351.622979111271 381.2965718070174 444.22174383151287 344.3303059478916 470.4631268615776 410.0544092511532 Oyster-Closed 0
243.20849572242878 389.2012996477513 231.71983308231574 314.6260092281491 331.0945704655751 299.3179943288339 342.5840126352705 373.89233018789065 Oyster-Closed 0
269.18914600406424 482.30683572581756 209.477179397727 418.68255032369393 307.37652713927673 326.8154894334788 367.0873684583785 390.43846474106687 Oyster-Closed 0
65.9130853581155 452.9010247681274 50.105250619672006 325.5565697461824 158.0485982947721 312.1586084888499 173.85810128820594 439.5010974375366 Oyster-Closed 0
123.34072472061962 592.9938428975042 104.19296913685685 524.5950748539758 215.54981371577014 493.42742844903313 234.6985477394628 561.8246409226622 Oyster-Closed 0
236.44552301942895 561.3458563680091 198.1585581660329 459.2409305144864 321.99390376656083 412.81403837856635 360.2819114009617 514.9164548648802 Oyster-Closed 0
275.28259144106414 47.081419774116085 319.4070469586586 151.81793715423294 179.92667574682855 210.57795992757573 135.80307399191952 105.84215005441294 Oyster-Closed 0
332.9900450952118 0 332.9901097482798 64.00001094965619 196.85667956793623 63.99997384341432 196.85672148683807 0.000014763709726366308 Oyster-SemiOpen 0
