542.7312577900739 296.6492092510284 416.4951833781379 400.16565596055494 292.1904743792402 248.58435042398162 418.42309167630447 145.07015157882262 Oyster-Closed 0
570.3728208840766 247.11155006882132 656.9481615523546 319.27060475068737 514.2299940041266 490.4831109158664 427.6566550139978 418.32621683349834 Oyster-Closed 0
568.1384205490031 641.5891099239503 447.8527002166811 627.8460889996599 472.7566017031495 409.97907006908486 593.0317586854653 423.72146800426685 Oyster-Closed 0
500.55087517896027 631.67197965016 381.6100045495841 695.1970725655322 282.9914533207193 510.5857691026393 401.92393361896393 447.0633915138535 Oyster-Closed 0
174.13839200002258 640.0000000000275 174.1426433443121 533.9347784644281 307.47954005862994 533.9407174851927 307.4783819735603 640.0027339966722 Oyster-Closed 0
337.79151041097066 208.80183221911724 295.58080533213797 185.79645561503014 335.0493255778565 113.38072439657708 377.2596973445616 136.3859891772451 Oyster-Closed 0
248.25389788325992 492.1196253224497 220.13853869117156 351.58898851651094 409.9625967184693 313.6151635124217 438.08100562491745 454.14178427597835 Oyster-Closed 0
203.74400246801088 489.7158844749508 93.72068113036221 447.000139614974 150.07995494132047 301.8591617289932 260.0989501357253 344.57398855778183 Oyster-Closed 0
536.631102 138.461538 640 138.461538 640 237.5 536.631102 237.5 Oyster-Closed 0
72.69808140474197 314.66115319981446 32.9394390964444 207.02397842293783 134.98849152332696 169.3310906282569 174.74761321522237 276.96723145802406 Oyster-Closed 0
162.9184911291668 191.80850391127996 276.6321077883913 200.55199082156122 266.64150711352704 330.47910138749495 152.92790162930032 321.7357242617758 Oyster-Closed 0
151.34376289403008 662.1812458645821 49.05312062044686 630.8536898929511 100.53844848633162 462.7994495415462 202.82208075128437 494.12585477944157 Oyster-Closed 0
221.33582075963204 197.4227391980441 168.93780895799864 201.91222579397538 163.39984006699524 137.27589389884253 215.79742340887606 132.78642597003497 Oyster-Closed 0
93.62826744087215 173.1642589402634 132.93958321693935 127.82352595625376 196.80249627126614 183.1928791372694 157.49145525995118 228.53335414412615 Oyster-Closed 0
530.8065608127799 296.51283082626486 477.9865273251926 217.31609110501236 520.3497591007181 189.0635220528604 573.1697139270545 268.259888346455 Oyster-Closed 0
0 471.66189700000007 68.536737 471.66189700000007 68.536737 594.230769 0 594.230769 Oyster-Closed 0
334.4333594967611 616.218833867046 262.5721769023221 599.5058348938362 300.70496138272574 435.5910180743235 372.5617016563774 452.3034868123569 Oyster-SemiOpen 0
49.3424431225867 237.36652710014621 0 205.00483464589672 50.38293241785141 95.90503353543059 109.28444014047273 128.26647413013038 Oyster-Closed 0
94.75238306316896 274.0647689705867 159.16949622740503 302.1877454255181 103.42377357694204 429.86468143113507 39.006964540094486 401.7422154885339 Oyster-SemiOpen 0
0 319.02834 79.536069 319.02834 79.536069 400 0 400 Oyster-Closed 0
0 182.186235 45.540672 182.186235 45.540672 283.400809 0 283.400809 Oyster-Closed 0
183.3672713847045 59.9693774130733 204.27934477040253 71.07470578148533 186.24604238990287 105.03244131268048 165.33397799998056 93.92712599999017 Oyster-Closed 0
209.28025938650535 94.58794298062156 212.11736456920335 124.8381207945552 148.2041813464457 130.83222934340145 145.36716419526783 100.58213315410812 Oyster-Closed 0
47.87461421561602 102.00995979085408 33.59452129690908 61.56483302568135 101.92922646761872 37.43773151962464 116.20935695624212 77.88278492502147 Oyster-Closed 0
421.76566367197665 176.02901602865072 443.8246430516301 144.27711444783117 503.97186709531525 186.06223212874724 481.91306407534285 217.81397648490008 Oyster-Closed 0
308.28278141292685 213.68142704331194 268.6196859720076 225.1919155946351 251.26086692835088 165.3777111053309 290.9236330987187 153.86727364531845 Oyster-Closed 0
256.89601369820593 168.42104848649848 256.8961020610732 140.08093090885802 295.02786045035464 140.08104635077288 295.02783399999316 168.4211011775164 Oyster-Closed 0
400.028884548301 95.65120654195576 410.734347887701 78.26152458130102 456.48517064066255 106.42651130584069 445.77974798296054 123.81615758003963 Oyster-Closed 0
539.6241073583951 46.07183082662122 562.2084665458533 38.546552656904154 582.2007834108808 98.54596405900251 559.6164309078449 106.0712291348745 Oyster-Closed 0
568.709868971564 87.84755337585302 599.8451599831606 73.10487504316518 614.8796663284156 104.85630008928814 583.7443874427845 119.5989597529247 Oyster-Open 0
615.4867175318213 51.04894354541793 615.4867257823207 69.9300689932121 591.7193757004134 69.93006864431172 591.7193775485066 51.04895345064829 Oyster-Open 0
