542.7312582152808 296.649210126331 416.49518195699784 400.1656557668947 292.1904746078508 248.5843484596291 418.42309375126206 145.07015068342366 Oyster-Closed 0
570.3728208840766 247.1115500687921 656.9481615523546 319.2706047506967 514.2299949879089 490.4831097357846 427.6566559976345 418.3262156533498 Oyster-Closed 0
240.86117683982593 489.4629049797143 220.82041837653378 349.6761930444058 403.5763675226917 323.4773684097323 423.6203346772527 463.2602240045103 Oyster-Closed 0
568.1384205490031 641.5891099239508 447.8526993423293 627.8460888997613 472.7566007160931 409.9790709563002 593.031758572688 423.72146899137977 Oyster-Closed 0
500.5508751788875 631.6719796501287 381.6100065550563 695.1970735801239 282.99145248580317 510.5857708618232 401.9239307787211 447.0633922584692 Oyster-Closed 0
174.13839200002258 640.000000000026 174.1426433443121 533.9347774642902 307.47954005862994 533.9407164850828 307.4783819735603 640.00273399665 Oyster-Closed 0
337.79150957059755 208.80183376108852 295.58080449176487 185.7964571570021 335.04932557792927 113.380724396587 377.2596973445616 136.38598917724755 Oyster-Closed 0
94.88317444171116 177.67633642050683 135.77045013240422 130.5180531162589 199.9655408268154 186.17552284072903 159.0785491035058 233.33354033395887 Oyster-Closed 0
73.19571277672367 102.21759932663034 127.98844005512365 162.20495897980987 43.0964149999636 239.74358899998043 0 179.756634087348 Oyster-Closed 0
38.2699445491744 193.34810093410962 144.66223724193696 173.89435373917996 167.21031894237967 297.2050037683173 60.818086550716544 316.65853086673224 Oyster-Closed 0
215.5223953093082 198.38098347029342 173.65801145744626 202.019937285083 167.28623705545033 128.7151343308952 209.15024557085417 125.076196996148 Oyster-Closed 0
318.0970505660662 227.16376529920376 281.20300810362096 242.96913034533634 250.08013735015993 170.32166996090461 286.97380335208436 154.51639698740055 Oyster-Closed 0
170.79865888495988 186.82307782831867 290.6760822119395 209.16375201630171 265.6927678627835 343.21484498221105 145.81542570493184 320.87446723292044 Oyster-Closed 0
250.41821843427897 527.3837744179589 174.26522179295716 686.7427385289835 45.64662291275454 625.2902756643387 121.80079522026062 465.9359043436701 Oyster-Closed 0
0 471.153846 71.931797 471.153846 71.931797 598.717949 0 598.717949 Oyster-Closed 0
194.39025341132947 494.67044721323083 96.72276353870984 462.1307082101171 149.39697466768848 304.0580237454262 247.05997229684726 336.5969466255609 Oyster-Closed 0
0 181.87649999999996 43.09641499999999 181.87649999999996 43.09641499999999 276.923077 0 276.923077 Oyster-Closed 0
211.15854260642664 97.00401436591257 212.15146833856124 126.77863557133625 145.49826739013952 129.00123937618076 144.50542770588072 99.22670260484027 Oyster-Closed 0
43.56502955255564 96.35042719169483 45.40284410089953 50.42394154890889 102.36722242239921 52.703443215049425 100.52948379663576 98.6298536905919 Oyster-Closed 0
383.09259449204546 72.78142592590643 408.75953305752773 74.91952566178354 403.95579966832884 132.58580538830452 378.2888616746641 130.4477104025651 Oyster-Closed 0
455.9503211678384 105.26744940314592 444.99446409427037 125.22973158892079 395.6847675577592 98.16736418592642 406.640625 78.20512799998554 Oyster-Closed 0
439.3130158142594 88.0636498107158 421.75543149147416 95.1515454248832 402.39612658828264 47.196317426688864 419.95367192619597 40.10843051254903 Oyster-Closed 0
258.13441722886637 167.92065524489928 260.4453489668231 138.35363548015016 301.8146487834747 141.58696831849647 299.50379250796686 171.15391626960974 Oyster-Closed 0
219.48094930536172 60.46206076123917 236.1423999361432 64.06317356727766 228.56402913748752 99.1262478688665 211.90257961330644 95.52513890586906 Oyster-Closed 0
185.87322407911415 105.27757956262153 165.03896332345903 93.9167280242677 183.8951210504456 59.33732436414619 204.7293412550789 70.6981622340317 Oyster-Closed 0
632.9727265779366 127.79754578380873 656.8472952652519 215.30151588463045 549.9841131626454 244.45643728550803 526.1103018106223 156.9530966374062 Oyster-Closed 0
478.4148472345987 221.72778250255362 531.9270564912586 194.2602967292208 573.8090213041869 275.85152194541905 520.2969733910868 303.318771397097 Oyster-Closed 0
420.0858478649752 178.48597375706703 432.38030371125205 151.56627787023734 496.9715641491348 181.06496040429425 484.6772596632218 207.98452743100535 Oyster-Closed 0
618.1893334253255 61.0039691292402 609.7202277737233 76.87759006713081 588.2620458655583 65.42895906599433 596.7311525977129 49.55534679652359 Oyster-Open 0
576.7340041780699 101.5756391307071 560.5144150864362 102.71342446110583 557.7941606714012 63.935034639922854 574.0137102221343 62.79725072181118 Oyster-Closed 0
600.6353441278043 106.5466043289102 577.7140626717301 100.2328043253331 584.7557927342859 74.6691332849806 607.6770355200279 80.98292764876392 Oyster-Open 0
334.3597660087107 614.7226891259937 259.6921336158266 593.075366236538 305.65309942328895 434.5866246598721 380.31616545064026 456.2332390251615 Oyster-SemiOpen 0
