542.7312577900739 296.6492092510284 416.4951833781379 400.16565596055494 292.1904743792402 248.58435042398162 418.42309167630447 145.07015157882262 Oyster-Closed 0
570.3728208840766 247.11155006882132 656.9481615523546 319.27060475068737 514.2299940041266 490.4831109158664 427.6566550139978 418.32621683349834 Oyster-Closed 0
240.86117725935765 489.46290524730756 220.8204182208283 349.6761934539325 403.5763671180757 323.4773680764358 423.62033484780113 463.26022352929533 Oyster-Closed 0
568.1384205490031 641.5891099239503 447.8527002166811 627.8460889996599 472.7566017031495 409.97907006908486 593.0317586854653 423.72146800426685 Oyster-Closed 0
500.55087517896027 631.67197965016 381.6100045495841 695.1970725655322 282.9914533207193 510.5857691026393 401.92393361896393 447.0633915138535 Oyster-Closed 0
174.13839200002258 640.0000000000275 174.1426433443121 533.9347784644281 307.47954005862994 533.9407174851927 307.4783819735603 640.0027339966722 Oyster-Closed 0
337.79151041097066 208.80183221911724 295.58080533213797 185.79645561503014 335.0493255778565 113.38072439657708 377.2596973445616 136.3859891772451 Oyster-Closed 0
73.40981100001954 325.55555499997587 88.69181931535422 276.06621949202884 155.11937838171434 296.5771284572134 139.83783125098853 346.0660750545415 Oyster-SemiOpen 0
332.41315538674826 616.34372376565 255.5385758385819 589.9757417174378 310.2671180920879 430.46038494546406 387.1369679217605 456.827472284824 Oyster-SemiOpen 0
65.60509055379953 654.7750366253492 44.64996835391503 501.79045832485065 276.04030354217684 470.10130093292935 297.00168783048866 623.0783156203864 Oyster-Closed 0
0 448.705008 74.007878 448.705008 74.007878 604.615385 0 604.615385 Oyster-Closed 0
184.42576979730802 509.511100195858 88.28643610970175 474.1999603920608 150.67005074874032 304.38089103325586 246.80465573866968 339.6910792229647 Oyster-Closed 0
53.31582563252596 324.57633566296755 7.4095175977709005 220.1804612964763 126.9952210849442 167.596675080924 172.9019724871614 271.9914314151821 Oyster-Closed 0
219.81710471918632 200.32970409520115 167.85485461659846 198.0185175504351 171.05432754651702 126.09194127282657 223.0161249228695 128.4031177430817 Oyster-Closed 0
39.40547797072213 243.07696511786733 0 203.60265716692527 60.80395408294862 99.37094858323479 115.1353588001075 138.84494894455466 Oyster-Closed 0
0.1514087523537455 328.66035162636734 0 278.3789684652181 65.63564443116775 266.907399562129 73.50030456436798 317.1883740194193 Oyster-Closed 0
95.94771132644382 175.000060184464 134.88313244037272 131.05867487763604 195.21985028171912 184.52056446119573 156.28467619928415 228.46171608897424 Oyster-Closed 0
148.9394884446665 316.75334773271015 169.81963666563388 187.6263876830757 289.11996451854066 206.91668502187483 268.24151338914817 336.04215228808533 Oyster-Closed 0
640.0006425536412 236.153846 535.4989180606935 236.153846 535.4996075852978 136.15384600000002 639.9998880021303 136.15384600000002 Oyster-Closed 0
574.7226450555172 273.0909898585718 519.6572979509801 300.612063742363 483.05374444003974 227.37689434536253 538.1183708520257 199.85603804575453 Oyster-Closed 0
640.0012931144738 489.23076900000007 572.4082272427768 489.23076900000007 572.4095709900575 357.6923080000001 639.99981873465 357.6923080000001 Oyster-Closed 0
311.3835713728622 213.3249735645536 272.64124850284134 228.3004994218865 248.9861825427215 167.10512887190689 287.7281778573524 152.12967407810942 Oyster-Closed 0
90.78634033816343 35.947094904426194 116.77457883182797 74.04878271734502 62.402097336307634 111.1347070884355 36.413936156604905 73.03308796477222 Oyster-Closed 0
453.5415736253344 111.15450729906071 442.45034855128324 125.01328478079053 395.28014402596455 87.26306854707074 406.37135047458287 73.40432459323242 Oyster-Closed 0
381.99903631604684 72.70911335741407 414.0296769930137 75.37731821124544 409.0506897403975 135.14747318708754 377.02004980856145 132.47927448295331 Oyster-Closed 0
167.43334006518126 95.18053041057398 165.98790549447585 61.94719496922797 199.00381292711245 60.511221726997 200.44927797294804 93.7445256172051 Oyster-Closed 0
203.08170810181764 91.61741352484088 209.43796481151367 121.43742157137606 155.7938139140606 132.8716897926567 149.43763563263929 103.0517504393889 Oyster-Closed 0
420.59357099999033 176.0683750000074 436.0705840774608 146.09397726802982 502.82057218377304 180.55894065774464 487.3437341405952 210.53318828866256 Oyster-Closed 0
585.932041890992 118.89092682780232 567.3031586941943 92.07551695294241 596.241159331621 71.972198999454 614.8700334468595 98.78757550087188 Oyster-Open 0
616.4048871424166 52.643995089324065 615.7981985487277 72.0511207504397 588.6411785626115 71.20214951517153 589.247878860333 51.7950358842069 Oyster-Open 0
539.3526991729595 45.19447004108273 560.9502434769092 38.122089981400336 581.2058025045553 99.97806136474559 559.6082643807313 107.05042868842035 Oyster-Closed 0
