458.5243429631373 142.3825040984065 461.11255476520455 222.65518243760593 335.27709089699783 226.71139046595417 332.6895905588026 146.43937891099858 Oyster-Closed 0
86.41824288279167 271.5478345689353 26.55242860375438 214.24093262100823 106.10606302179804 131.1380320380478 165.97133499999472 188.44444499999378 Oyster-Closed 0
613.175054528765 464.187795867116 357.4744790218392 374.70165314066594 425.1021710797795 181.49724543912302 680.7905908398243 270.980985459994 Oyster-Closed 0
485.190354497754 564.803557486615 404.08699006373354 702.6629919196571 0 442.90881661388096 43.6109769486211 305.0628486962352 Oyster-Closed 0
640.0039496355021 640 421.87121812734404 640 421.87970240476716 476.4444449999999 639.9981608292001 476.44444500000014 Oyster-Closed 0
468.67233793433115 28.353188978572717 536.9586441580032 28.674641288628404 536.4895632366824 128.3214513976464 468.2032569999865 127.99999999999984 Oyster-Closed 0
620.4293930588028 32.93636566068313 656.565198094977 87.38644717278858 581.8446395965293 136.97432416407688 545.7090119847999 82.52439814778484 Oyster-Closed 0
208.60145731094235 218.08696582490995 160.6299869799841 140.70062696341182 274.5569365082338 70.07893111186034 322.5283503790706 147.46471335056793 Oyster-Closed 0
652.5301596479403 460.5473956953049 620.0092017440329 558.0826477514222 235.70690274253138 429.9466854976276 268.2314170074096 332.4172377875275 Oyster-Closed 0
217.67910599999595 366.1538460000336 223.38337989334832 237.55522109758346 396.5090227302426 245.23336456710177 390.80736728974443 373.8295495536678 Oyster-Closed 0
143.67363090867002 313.4040951003122 203.08106528886128 219.38524028712044 281.4558099943679 268.9052160307083 222.04946147365263 362.92311907332356 Oyster-Closed 0
110.07732054982625 290.40542127004363 93.1229015266581 195.64365861993758 271.1286142595054 163.79628579731826 288.0841574649821 258.55652954345237 Oyster-Closed 0
253.2937074010988 71.73719411097237 279.1662479619117 0 404.6387449348549 40.01928687205314 378.7664462104294 115.02018529678591 Oyster-Closed 0
272.6941073205671 100.95346005557728 224.52270192938158 85.6679119595074 255.95630279138277 0 304.12755044410005 1.8930104946757742 Oyster-Closed 0
464.2741201989702 207.19454448939885 463.3094887610787 158.15580920445558 590.2305002315552 155.6589988021386 591.1955464672064 204.6972925158313 Oyster-Closed 0
429.05994322420156 86.26935772638294 492.5871230322082 111.21685491470929 468.8090326417296 171.7654377158199 405.28189056196425 146.8180181279086 Oyster-Closed 0
0 249.773755 73.509315 249.773755 73.509315 493.979006 0 493.979006 Oyster-Closed 0
