208.60145368285885 218.08696352712224 160.6299862423475 140.7006239314354 274.5569385714043 70.07893126865059 322.528349551867 147.4647142415394 Oyster-SemiOpen 0
458.52434352287673 142.3825051100234 461.11255372699816 222.65518339736798 335.2770896622678 226.71138892982384 332.6895909220184 146.43937742673444 Oyster-Closed 0
86.41817052055558 271.547776920495 34.779319464432774 222.1161962349048 114.33299326774431 139.01333004358452 165.971373712091 188.44448205723677 Oyster-Closed 0
103.76959892972081 289.86319573210847 91.69722011894919 195.03573968046152 263.98883422916697 173.1020370958271 276.06242777859734 267.9279747893911 Oyster-Closed 0
257.8905458160443 350.2393839615836 247.67237495725567 253.19418973166478 388.354146316924 238.38175966014975 398.5736411466496 335.42549582615914 Oyster-Closed 0
216.22330833692104 361.6559862849095 145.06802977237385 318.9815969540478 200.19946329819504 227.06315804131884 271.3534739118768 269.7370564758925 Oyster-Closed 0
362.1466477755166 372.65381494741183 418.8972159363766 184.2752175526964 677.7408843107696 262.24885079193757 620.997377621461 450.6214076255929 Oyster-Closed 0
648.513826796916 465.35319993034295 603.5465343333635 602.3644346753085 187.7859028322564 465.91301347694304 232.75849775578536 328.91184002829834 Oyster-Closed 0
485.33695005622576 564.9876270739811 405.0071556014882 702.8776844670379 0 445.00435942197703 42.64012807951076 307.1268921352866 Oyster-Closed 0
640.0039496354293 640 421.8712181272713 640 421.87970240476716 476.44444499999986 639.9981608291273 476.4444449999999 Oyster-SemiOpen 0
468.6723379344039 28.35318897857302 536.9586441580032 28.674641288628354 536.4895632366824 128.32145139764637 468.20325700005924 128.00000000000017 Oyster-Closed 0
620.4293922707438 32.93636600699097 656.5651980063558 87.38644638520773 581.8446391983889 136.9743255742532 545.709010887731 82.52440069186478 Oyster-Closed 0
591.9482791504561 161.99068874414104 591.9485783484561 209.04974662174442 478.86849573988 209.04980952974083 478.86856167511723 161.99111024057595 Oyster-Closed 0
489.42259130788443 200.353203044047 436.8888927083026 220.41450035106834 392.86384815546626 105.12903345989267 445.39688900003966 85.06787399999091 Oyster-Closed 0
268.7613069690997 98.50626461922775 222.70049272468896 83.49205285097474 254.3007142602437 0 300.36137498660537 1.563131240639005 Oyster-SemiOpen 0
259.9192310142098 75.46550741669651 287.51154027093435 0 403.79976585936674 40.73010970250615 376.20770616515074 117.34532590225037 Oyster-Closed 0
0 251.583711 78.113282 251.583711 78.113282 520.361991 0 520.361991 Oyster-Closed 0
