208.60145731094235 218.08696582490995 160.6299869799841 140.70062696341182 274.5569365082338 70.07893111186034 322.5283503790706 147.46471335056793 Oyster-Closed 0
458.5243429631373 142.3825040984065 461.11255476520455 222.65518243760593 335.27709089699783 226.71139046595417 332.6895905588026 146.43937891099858 Oyster-Closed 0
86.41817052055558 271.5477769204918 34.779319464360015 222.11619623489116 114.33299326781707 139.01333004357764 165.971373712091 188.44448205722117 Oyster-Closed 0
111.84691310416383 282.16183658361456 100.49934424670937 188.56953425801007 265.4632504774054 168.56897980479263 276.81193411721324 262.15990635486924 Oyster-Closed 0
224.52886648119602 352.1106654461132 153.9148726232088 327.4065540748261 188.00713321565127 229.96614683060932 258.61970214791654 254.66998764704124 Oyster-Closed 0
277.52322008498595 368.3225217702187 240.86230865497782 279.32654157584574 365.1360555284191 228.1365621949517 401.79744679728174 317.1312212118593 Oyster-Closed 0
362.1466474826593 372.65381468667124 418.8972164714505 184.27521740723276 677.7408845940954 262.24885175590236 620.9973770769284 450.6214084742854 Oyster-Closed 0
651.8344894894835 456.3144615973739 604.8218554745836 608.0245958084645 187.82769842495327 478.80026908047955 234.84740005034837 327.09952847169626 Oyster-Closed 0
484.90968638987397 566.9779902896823 402.4709485517815 704.7523058155705 0 441.60714930224844 45.08793699576927 303.84532657319704 Oyster-Closed 0
640.0039496355021 640 421.87121812734404 640 421.87970240476716 476.4444449999999 639.9981608292001 476.44444500000014 Oyster-Closed 0
468.67233793433115 28.353188978572717 536.9586441580032 28.674641288628404 536.4895632366824 128.3214513976464 468.2032569999865 127.99999999999984 Oyster-Closed 0
620.4293930588028 32.93636566068313 656.565198094977 87.38644717278858 581.8446395965293 136.97432416407688 545.7090119847999 82.52439814778484 Oyster-Closed 0
490.91539740242297 171.38168158020972 449.2445713237248 194.10248463996766 401.909866835922 107.28980799461092 443.58037192665506 84.56911016956268 Oyster-Closed 0
271.8556767849077 100.17554037272285 220.9757779010397 83.99971928922214 252.11101473978488 0 302.99072884430643 2.2424074864825623 Oyster-SemiOpen 0
258.31183256093937 66.13851488524907 284.34063961874926 0 398.12875430368877 43.2636957818121 372.1001565250481 110.31189568161581 Oyster-Closed 0
472.5594833592186 220.4311956171725 465.8336433812656 169.3324168753648 589.6536879065388 153.03471275997808 596.3799012841628 204.13306203804865 Oyster-Closed 0
0 247.179488 77.215694 247.179488 77.215694 482.051282 0 482.051282 Oyster-Closed 0
