605.5437129356142 113.0013369516985 584.7518434520316 216.7974710160468 385.5718961307866 176.89798263672537 406.36460726120276 73.1030728098631 Oyster-Closed 0
95.06194596775458 172.36355546702467 178.4578612835321 262.37241022364844 31.565935894614086 398.46215870036025 0 308.4551986518453 Oyster-Closed 0
422.1981228607183 228.57735113143977 524.3087450701569 272.295247667874 465.7464280466229 409.06724893085794 363.6362270213431 365.35011079237916 Oyster-Closed 0
12.081775919214124 387.80097952452707 66.26489848451456 260.366875256055 281.9724496426352 352.07378622369777 227.79418732403428 479.5037594586058 Oyster-Closed 0
640.0027901876456 508.92857100000003 512.7472441372083 508.92857100000003 512.7514072789199 333.9285709999999 639.9997114997677 333.92857100000003 Oyster-Closed 0
532.6620211174304 383.68473844207017 525.198504769578 494.52618775428164 250.22540540143382 476.0043837698916 257.6934195378999 365.1676448366803 Oyster-Closed 0
0 640.0015815520596 0.000033341566449962556 385.4545273381059 214.37809972907417 385.46334188781896 214.38034062979568 639.9996183028632 Oyster-Closed 0
61.308295 0 169.24343499999998 0 169.24343499999998 145.454545 61.308295 145.454545 Oyster-Closed 0
241.18857742352702 95.08282634719714 215.82747132029908 36.57870527214226 372.42016909520316 0 397.78130736754974 27.20084542613787 Oyster-Closed 0
383.0053586619033 115.1761682832735 377.46722991214483 7.2038670858408995 583.5537981742527 0 589.0923534681497 104.60488285342096 Oyster-Closed 0
432.43744810555654 261.2176648612586 373.3436242090829 313.6212764443095 295.3560666259 225.68045849403364 354.449144078244 173.27741296737258 Oyster-Closed 0
163.81581567773537 235.67548211516512 89.57132223600638 209.4817430399648 157.5102898424666 16.918541309238243 231.75348434437183 43.11202857468501 Oyster-Closed 0
