605.5437127430196 113.00133691315588 584.7518434520316 216.7974700160227 385.571896323454 176.89798167530694 406.36460726120276 73.1030728098972 Oyster-Closed 0
95.0619464663032 172.36355500514773 178.45786178200797 262.3724097617285 31.56593539606547 398.46215916224037 0 308.4551991137822 Oyster-Closed 0
422.19812291281414 228.5773510100179 524.30874512218 272.2952475464226 465.74642840845627 409.06724808577854 363.6362273832492 365.3501099473197 Oyster-Closed 0
12.081776250197436 387.80097847504203 66.26490028662374 260.36687434044734 281.97245022834977 352.07378737734734 227.79418643855024 479.5037604783926 Oyster-Closed 0
640.00198683294 508.9285710000001 532.3826178226591 508.9285710000001 532.3862034321792 325 639.9992471009318 325 Oyster-Closed 0
532.6620211174304 383.6847384420201 525.198504769578 494.52618775430017 250.22540540143382 476.00438376991013 257.6934195378999 365.16764483662905 Oyster-Closed 0
0 640.0015815520702 0.000033341566449962556 385.45452833812584 214.37809972907417 385.4633428877887 214.38034062979568 639.9996183028888 Oyster-Closed 0
61.308295 0 169.24343499999998 0 169.24343499999998 145.454546 61.308295 145.454546 Oyster-Closed 0
382.42732973769307 120.77212887091196 372.03798522437864 13.447113944244261 592.8579804299807 0 603.2477708183433 99.3953941064318 Oyster-Closed 0
342.7909890283627 170.5647321253673 432.93514222496015 246.8089251153739 381.18273909822165 307.9930607950266 291.03909819990804 231.74942101392446 Oyster-Closed 0
164.45827704075782 235.96747109131377 99.27699701787787 213.16299433257154 168.32888845885464 15.799600083651683 233.50895798263082 38.60384116964041 Oyster-Closed 0
252.14331736933673 99.92899148674232 221.24386644005426 52.10228618684105 360.7536727630213 0 391.6530754192354 9.795687703554533 Oyster-Closed 0
