439.9810508054361 90.28527065475218 548.4776619473269 94.91568190642423 540.6155041416787 279.1325323065207 432.11889751073613 274.50217949609225 Oyster-Closed 0
112.35923500003992 302.7522940000336 87.70345775483293 210.29017099984657 288.86979390779743 156.64871309912354 313.5266250170389 249.10916551212492 Oyster-Closed 0
482.7985771094973 282.21214317950836 426.8431656451139 337.13720655208795 309.66583336768963 217.76652921363652 365.62030352266447 162.84235897155605 Oyster-Closed 0
0 299.8526701350681 0 189.82154899997863 137.6363956316345 198.60829878171432 130.6131861544418 308.63796291746735 Oyster-Closed 0
270.61275100000785 302.75229399998557 388.2085825717513 238.82659288023734 470.25523786782287 389.7461431691784 352.6603632901242 453.67043618884975 Oyster-Closed 0
313.92292523072683 486.8008483333347 170.86252349537972 474.93482291687366 186.75179855941678 283.4425715635904 329.8041389618447 295.3082546351918 Oyster-Closed 0
640.2046693169541 369.2061965537231 639.977916483258 477.1294584004278 449.1599937596038 476.72447370255145 449.38998895682744 368.8045302528034 Oyster-Closed 0
36.83523278326902 403.1467087620097 177.576022297726 347.76326249760194 286.31763216180843 624.0536395173099 145.57861797518854 679.4339404259638 Oyster-Closed 0
238.45056962898525 200.08641005707824 129.8351292010193 133.91010269196673 177.56293011974776 55.57603810998379 286.17770632255997 121.75208400742818 Oyster-Open 0
221.6557291920617 141.59230380775628 146.70702683848504 262.8852260781549 0 161.37660344969962 57.37892565601214 40.0848686240814 Oyster-Closed 0
