439.98105078251683 90.28527292357538 548.477661463694 94.91568329863722 540.6155051869428 279.1325319683465 432.1188990166411 274.5021800345173 Oyster-Closed 0
112.3592340000323 302.752294000016 87.70345690427348 210.29017097600553 288.8697940239945 156.64871315651195 313.52662498378777 249.10916559333103 Oyster-Closed 0
482.7985771583917 282.21214492148033 426.84316565784684 337.1372068693876 309.6658342732553 217.7665272670356 365.6203044644644 162.8423584496233 Oyster-Closed 0
0 299.85267014321204 0 189.8215509999997 137.63639544093166 198.60830076952584 130.61318609084992 308.6379629134457 Oyster-Closed 0
270.61275100000785 302.75229399998557 388.2085825717513 238.82659288023734 470.2552380959969 389.74614358877426 352.6603635182255 453.6704366084428 Oyster-Closed 0
313.923354836661 486.80088168492546 161.98297460934555 474.19831378295754 177.87222161008685 282.706043543243 329.80402369314106 295.3082466641548 Oyster-Closed 0
640.2046693169541 369.20619655373264 639.977916483258 477.1294584004506 449.1599937596038 476.72447370256486 449.38998895682744 368.80453025281275 Oyster-Closed 0
36.83523184939986 403.146709698398 177.57601904340845 347.7632613424214 286.3176345510874 624.0536377119811 145.57862268506142 679.4339407120785 Oyster-Closed 0
238.45056962898525 200.08641005707443 129.8351292010193 133.9101026919656 177.56293100836047 55.57603665143123 286.17770721124543 121.75208254886047 Oyster-Open 0
221.65572939062258 141.59230528584683 146.70702690847975 262.88522666021805 0 161.37660300975148 57.37892569566611 40.08486908014981 Oyster-Closed 0
84.91767277533654 47.626373759911246 124.83340632512409 5.005226037537626 185.51361998193897 61.83367609075641 145.59796998888487 104.4547487359877 Oyster-Closed 0
138.15329919190845 16.58937426239427 166.83455679478357 3.771995369142708 202.79698204118176 84.244473689961 174.11573843899532 97.06183042124499 Oyster-Closed 0
