665.9864042351546 145.84507918163507 631.0829491070763 240.1948101087243 461.47846354746434 177.45174615297518 496.38237663762993 83.10299647394663 Oyster-Closed 0
580.843155441471 248.95481698885482 517.3392844596674 298.41168643275955 408.860291953024 159.12513553223388 472.3630287889682 109.66892826231279 Oyster-Closed 0
339.32536230386177 280.8144968883506 365.74640871811425 190.63885772185586 581.8356836977182 253.94805595619746 555.4169835773791 344.12169939162715 Oyster-Closed 0
300.01221463469847 343.78741475162855 336.55040438708966 216.81362764948628 419.51173276240297 240.6857331019308 382.9749512475246 367.65830339539974 Oyster-Closed 0
640.0008601253649 370.704538 574.0744750618614 370.704538 574.0755461601657 228.12586900000002 639.9998611635965 228.125869 Oyster-Closed 0
625.5808501104184 457.2323451319125 433.30251937128196 501.63003999632616 393.8078194278205 330.58569449782163 586.0766241853707 286.1891447002052 Oyster-Closed 0
420.6985825511947 367.13652026896625 399.03167209944513 465.22355828795895 225.60018966752978 426.91453685557605 247.2689193959377 328.83003139648645 Oyster-Closed 0
207.09969157855085 629.3765822022582 32.9040631576936 638.2453793860332 19.19675252676825 368.90535546548324 193.3754785095516 360.03698090307137 Oyster-Closed 0
189.15611519834783 639.9998154995601 189.1619191816426 548.9203842683561 375.5360655396362 548.9307389188666 375.53403486504976 640.0063540271613 Oyster-Closed 0
453.8354444367724 205.0333236766056 321.5213927711011 193.5083850216307 329.5894324981782 100.89266128806797 461.90208374850044 112.41753822918247 Oyster-Closed 0
183.9311142051156 157.26495581942896 207.7222986891138 160.86825036599384 203.0016793404502 192.036015372041 179.210496418018 188.43272822310442 Oyster-SemiOpen 0
59.97512995476427 350.8424250995189 169.20936679882288 253.22651866321826 331.71395481345826 435.05649663246544 222.4831884377636 532.6688605902139 Oyster-Closed 0
349.52476890117396 232.36694903699276 245.4295043064485 138.35684087542776 384.23940028529614 0 488.33365677826805 78.66762824985426 Oyster-Closed 0
286.1112512620457 0 335.2851955661754 13.82866524403197 259.62571878430026 129.72749144902053 210.4518482775893 97.62660871205739 Oyster-Closed 0
96.71185089027858 0.0779332617405774 166.08792513281514 0 169.99646434029273 139.9025953589453 100.62039070820902 141.81568772030252 Oyster-Closed 0
93.75106621904706 189.12491405521368 178.303873288678 229.44452352901567 112.52021063548455 367.38925302829057 27.967822279752 327.0702772958588 Oyster-Closed 0
245.40996387593623 230.7170614522762 269.8839836991101 283.0407360989326 166.74910737398022 331.2776639441147 142.27581310798996 278.95460278727813 Oyster-Closed 0
160.23407718996168 50.313734975440426 205.83816269456293 53.82038420083624 193.45480718904582 214.8645506666759 147.85072417194897 211.35792966614082 Oyster-Closed 0
211.1149457781721 74.7702536866203 153.98255598185642 50.29410611069588 181.7855839341064 0 238.91789369256003 9.87238499770581 Oyster-Closed 0
