665.9864042351546 145.84507918163507 631.0829491070763 240.1948101087243 461.47846354746434 177.45174615297518 496.38237663762993 83.10299647394663 Oyster-Closed 0
580.843155441471 248.95481698885482 517.3392844596674 298.41168643275955 408.860291953024 159.12513553223388 472.3630287889682 109.66892826231279 Oyster-Closed 0
339.32536230386177 280.8144968883506 365.74640871811425 190.63885772185586 581.8356836977182 253.94805595619746 555.4169835773791 344.12169939162715 Oyster-Closed 0
300.01221463469847 343.78741475162855 336.55040438708966 216.81362764948628 419.51173276240297 240.6857331019308 382.9749512475246 367.65830339539974 Oyster-Closed 0
640.0008601253649 370.704538 574.0744750618614 370.704538 574.0755461601657 228.12586900000002 639.9998611635965 228.125869 Oyster-Closed 0
625.5808501104184 457.2323451319125 433.30251937128196 501.63003999632616 393.8078194278205 330.58569449782163 586.0766241853707 286.1891447002052 Oyster-Closed 0
420.6985825511947 367.13652026896625 399.03167209944513 465.22355828795895 225.60018966752978 426.91453685557605 247.2689193959377 328.83003139648645 Oyster-Closed 0
207.09969157855085 629.3765822022582 32.9040631576936 638.2453793860332 19.19675252676825 368.90535546548324 193.3754785095516 360.03698090307137 Oyster-Closed 0
189.15611519834783 639.9998154995601 189.1619191816426 548.9203842683561 375.5360655396362 548.9307389188666 375.53403486504976 640.0063540271613 Oyster-Closed 0
453.8354444367724 205.0333236766056 321.5213927711011 193.5083850216307 329.5894324981782 100.89266128806797 461.90208374850044 112.41753822918247 Oyster-Closed 0
62.32044426506036 350.5903033874063 169.99025183846243 256.2715513357807 322.32818750169827 430.15862059511994 214.66151979853748 524.4741847170601 Oyster-Closed 0
49.532059924531495 352.0039731494121 0 285.23823544607353 123.51178035954945 184.2600428633936 176.57986426005664 251.02470418423934 Oyster-Closed 0
164.0225567275047 0 164.02281096379738 153.84623257789463 59.98888688132865 153.8460132900974 59.989098232545075 0.000016553172524336335 Oyster-Closed 0
352.04358873917954 236.22280193266425 246.0924414008332 144.75405466464042 379.1716248751618 0 485.1217694763909 82.07488045015678 Oyster-Closed 0
296.27718637617363 0 339.7115633037902 13.624335053678697 254.35041730721423 127.48146845067872 210.91610730116372 94.91794937508931 Oyster-Closed 0
153.90950189081195 54.73412895431801 207.06965079582005 58.21868834243409 196.56555506473524 218.46648854042297 143.4054082033981 214.98195735362805 Oyster-Closed 0
189.80151059251511 157.016870279844 209.71125034469878 176.9187295971725 189.80846133461455 196.8289027076369 169.89875874431164 176.9270803716826 Oyster-SemiOpen 0
