665.9864032516634 145.84507836229238 631.08294931415 240.19480960054295 461.478463767271 177.4517479965159 496.3823756669444 83.10299800631708 Oyster-Closed 0
580.8431544718769 248.95481774396572 517.3392844596674 298.41168643276876 408.86029195295123 159.12513553223872 472.3630278193741 109.66892901741201 Oyster-Closed 0
339.3253629827086 280.8144985168162 365.7464075016469 190.63885949467735 581.8356833595317 253.9480535462012 555.4169851345068 344.1216968372728 Oyster-Closed 0
300.01221252183313 343.78741414369665 336.5504028058058 216.813625194496 419.5117332939117 240.6857312549123 382.9749512475246 367.65830339538513 Oyster-Closed 0
640.0008601253649 370.704538 574.0744750618614 370.704538 574.0755461601657 228.12586900000002 639.9998611635965 228.125869 Oyster-Closed 0
625.5808501104184 457.2323451319102 433.3025193713547 501.63003999631195 393.8078189895168 330.58569259905187 586.0766237468488 286.189142801461 Oyster-Closed 0
420.69858255126746 367.136520268925 399.03167209944513 465.22355828800266 225.60018966745702 426.91453685559895 247.2689193959377 328.83003139643347 Oyster-Closed 0
207.09969150171673 629.3765822347989 32.9040630403324 638.2453793440784 19.19675252836896 368.9053554347797 193.37547855160665 360.0369809468601 Oyster-Closed 0
189.1561151985661 639.9998154995271 189.1619191817881 548.9203842683439 375.5360655396362 548.9307389188925 375.53403486504976 640.0063540271498 Oyster-Closed 0
453.83544442294806 205.03332370284707 321.5213927093282 193.50838487352786 329.58943255463964 100.89266115114802 461.9020838528377 112.41753826660513 Oyster-Closed 0
