542.4271050821699 468.6766886874792 376.76219157438027 690.239121919616 179.83460511823068 543.0127425588985 345.495857154674 321.4600563834472 Oyster-SemiOpen 0
640.0041189717012 564.270634 523.0252845742507 564.270634 523.0302118066174 308.880311 639.9999059412949 308.880311 Oyster-SemiOpen 0
0 509.0926220237563 7.091467005666345 366.4362482394241 169.49423478421522 387.12688565107044 151.32061740092468 529.7794611072325 Oyster-Closed 0
269.4778826452239 377.8065964609632 310.87733147833205 210.41546842003342 527.2314055715833 263.9208334770741 485.8371071534202 431.3075124266712 Oyster-Closed 0
566.5490055277041 350.3623917218338 474.45451616142236 358.86809843402943 453.5356201671675 132.36554029529492 545.6264071382611 123.8600047350262 Oyster-Closed 0
459.8773114261712 108.37866409978828 560.1365739887842 46.760995382374446 670.7082480032841 226.6720476978548 570.4496022201783 288.2889362426156 Oyster-Closed 0
420.641304067758 0 420.64144835821935 102.96013178481101 254.83473884472915 102.95995019865865 254.83491553888598 0.000017242362807395738 Oyster-Closed 0
153.1977262300643 9.1511604953041 219.2828217708302 0 271.7933009826811 158.49834134579788 205.70825209542818 178.93663531898895 Oyster-Closed 0
322.56482400000095 255.341054000004 319.93394816556247 168.54024828420106 469.7591535198444 163.99870773774765 472.39100064340164 250.79856362881625 Oyster-Closed 0
252.51013099994452 286.2290849999739 177.15932700077246 177.77370877330418 389.27125714952126 30.408602074593176 464.6218664047774 138.86256522007469 Oyster-Closed 0
288.4953220275929 172.22981156699547 333.07257949483756 178.89561257250446 314.94839477396454 300.09573278604216 270.37115314611583 293.43000357825167 Oyster-Closed 0
476.76059199999145 639.9999999999764 476.7660524701205 518.9158380755644 604.9411958622659 518.9216342082343 604.9390948415385 640.0024223628534 Oyster-Closed 0
