254.24068237756728 275.6181075753757 238.40850733031402 165.47359791608937 393.9165337117447 143.1213597381721 409.74982144827663 253.2644830441683 Oyster-Closed 0
415.18657672655536 249.55740309327894 456.7591715182789 143.08653086476315 533.8680200993258 173.1937450400571 492.29625574349484 279.6639066345288 Oyster-Closed 0
546.9951739071985 168.20978601326578 661.0682398454082 177.23682047561857 634.9391578014911 507.40201159311 520.8661420000135 498.37535099999934 Oyster-Closed 0
483.49417650206306 476.7066498043098 624.4669757135853 479.6776309411231 621.0248397349642 642.9708795053759 480.0520430000324 640.0000000000002 Oyster-Closed 0
313.20086324769363 142.13080702040574 287.0867030246882 103.14720453496322 396.79653036735544 29.655832987117883 422.9106095635507 68.63921307901595 Oyster-SemiOpen 0
480.63789218242164 267.44694162733447 480.6551975134789 640.0076864891683 54.7716144718288 639.9961757768971 54.780446770455455 267.45882265738237 Oyster-SemiOpen 0
277.846486092385 274.8105928983865 397.268470483541 173.76601869780046 605.2068863032764 419.50573784576034 485.7888449103484 520.5460105840759 Oyster-Closed 0
481.95665014645783 254.57279356968354 575.6099196127616 224.2126780892177 621.6557786171325 366.24392275243406 528.002755505513 396.6035136405739 Oyster-Closed 0
497.32523519269307 150.2766180775162 567.2097309532546 141.96038663846014 577.4796822106873 228.26080499275974 507.595197343544 236.57698609645138 Oyster-Closed 0
78.30202543082123 275.5765334710467 75.66435313288821 213.3312129736058 212.21331126696896 207.54486494021342 214.85171395506768 269.78938644567233 Oyster-Closed 0
175.42680970254878 76.90573236362157 161.66401101771044 116.65019074712312 82.05287484663131 89.08228123344807 95.8157229651988 49.33792890732847 Oyster-Closed 0
25.332644863447058 51.05087016150749 33.02773104434891 4.897924373648896 107.39650035560771 17.297421290724994 99.70146541418217 63.4503210377213 Oyster-Closed 0
36.375571037933696 267.60145621886835 0 247.36757525199818 28.70779928009142 88.13657792255106 89.43245889815444 108.37023405095088 Oyster-Closed 0
187.8040746753686 158.8626412600215 177.89173395212856 224.26027559396294 84.0420486855146 210.035326550738 93.95473367672821 144.63811857334852 Oyster-Closed 0
