254.24068235741288 275.6181075225422 238.40850757056614 165.47359771210833 393.916533683514 143.12135997115655 409.74982115956664 253.26448342830486 Oyster-Closed 0
415.1865768784046 249.5574020535255 456.75917419677717 143.08653077793582 533.8680226259021 173.19374699313457 492.2962557434221 279.66390763467916 Oyster-Closed 0
289.3204840753606 292.46080505781237 389.45142164840945 187.82078584061676 604.6621985243837 393.7446135709669 504.5354220557783 498.3806596447169 Oyster-SemiOpen 0
63.723292731519905 639.994836805193 63.758647565337014 276.0692664139658 490.262274421475 276.1100714827036 490.2526554599899 640.0091998527706 Oyster-SemiOpen 0
483.4941765222902 476.7066488468846 624.4669737345976 479.6776299415655 621.0248377357493 642.9708794632451 480.0520430000324 640.0000000000005 Oyster-Closed 0
374.2042079566454 56.052907779435415 392.302906880941 93.52871320472599 300.1646808935766 138.02576462765853 282.06614335547783 100.55009590869813 Oyster-SemiOpen 0
209.79320946680673 231.58143720294396 198.96429535234347 290.7035957695526 74.58799788641045 267.9224731677771 85.41745457034267 208.8009644512181 Oyster-Closed 0
179.5437889452296 223.41336883691667 82.40150876430562 209.54146983838984 91.0685677750007 148.8524074740295 188.21003073353495 162.72424693224934 Oyster-Closed 0
170.40058639613562 80.12726908617061 156.26003396500892 111.42679620873653 80.53716460031865 77.2166530180028 94.67773538286565 45.91720704850455 Oyster-Closed 0
503.11541332965135 152.92317983987036 559.5396241708659 144.94477802184352 572.4782867377508 236.44630270514523 516.0540867866075 244.4246512307498 Oyster-Closed 0
491.9367135861103 247.14817270617775 581.7949278559536 226.42112568752316 616.9724004028831 378.9170657059828 527.1143274335918 399.6437344723619 Oyster-Closed 0
551.3856000508531 166.30268381181654 665.0226075985847 180.18184393765168 624.11181734009 515.1190502005816 510.4749282765988 501.2404720390125 Oyster-Closed 0
109.89008644370188 10.72031136461689 115.88385935036058 54.65795173014592 27.944219049677486 66.65418400238913 21.950510920214583 22.716606525584755 Oyster-Closed 0
