254.24068235741288 275.6181075225422 238.40850757056614 165.47359771210833 393.916533683514 143.12135997115655 409.74982115956664 253.26448342830486 Oyster-Closed 0
415.1865768784046 249.5574020535255 456.75917419677717 143.08653077793582 533.8680226259021 173.19374699313457 492.2962557434221 279.66390763467916 Oyster-Closed 0
546.9951739071985 168.20978601326578 661.0682398454082 177.23682047561857 634.9391578014911 507.40201159311 520.8661420000135 498.37535099999934 Oyster-Closed 0
289.3204840753606 292.46080505781237 389.45142164840945 187.82078584061676 604.6621985243837 393.7446135709669 504.5354220557783 498.3806596447169 Oyster-SemiOpen 0
63.723292731519905 639.994836805193 63.758647565337014 276.0692664139658 490.262274421475 276.1100714827036 490.2526554599899 640.0091998527706 Oyster-SemiOpen 0
483.4941765222902 476.7066488468846 624.4669737345976 479.6776299415655 621.0248377357493 642.9708794632451 480.0520430000324 640.0000000000005 Oyster-Closed 0
481.24930080215563 253.63809016958956 581.4799466847035 226.12266198327325 622.6005928247469 375.90400459258655 522.3701610504213 403.4189336556185 Oyster-Closed 0
499.3804680548783 155.93836784110263 557.7830344731774 144.5336247682443 573.1394565923983 223.1705219439586 514.7369088794949 234.575200481336 Oyster-Closed 0
378.9324545463751 63.27646587286235 390.71656948952295 108.68604340528847 289.36462409394153 134.98716031591573 277.5807164651633 89.57776501448723 Oyster-SemiOpen 0
174.51366591121769 71.3255326085116 164.2271827723016 113.74161804565128 80.05872091671336 93.3295579042553 90.34527970514318 50.91358499228157 Oyster-Closed 0
73.9040660696628 277.0424854208468 71.46591231743514 211.22575408231623 208.98969859917997 206.13111948918217 211.42863648106868 271.94701388382606 Oyster-Closed 0
31.457725884683896 269.6826983787371 0 246.67245388176897 32.57476215672796 92.10277999325379 91.65689790497709 115.11279435877732 Oyster-Closed 0
100.285570807755 10.811093285713065 107.7033362469956 55.3008599921037 27.758671062547364 68.62992088996505 20.3409663488128 24.140209189431033 Oyster-Closed 0
