351.52158628996403 273.1459540263823 338.30243367818184 341.01175551402343 168.8135132752359 307.99808538827057 182.03360394785705 240.13355343773526 Oyster-Closed 0
559.3654337269982 261.8257502716092 602.5829318873002 225.7661086447956 683.2166718470398 322.400405288398 639.9996430752799 358.4595498072647 Oyster-Closed 0
506.86967245826963 277.8456231625456 509.1328099830571 375.84638711234606 349.2691572066542 379.5354438390959 347.0079683748918 281.5366130592835 Oyster-Closed 0
560.4481316639431 282.25523806881495 639.8580513305205 307.4328927138223 608.1067917447945 407.5672557989108 528.6970219999785 382.3899370000007 Oyster-Closed 0
134.55777856441273 317.4012651369476 202.38159362132137 284.8191767826852 233.90684343459725 350.43813823760115 166.08321879568393 383.01993047203985 Oyster-Closed 0
169.2746482846269 541.360797320433 133.2136219820677 374.2461014788372 287.00183699322224 341.0659508301473 323.0659134959569 508.17621550284065 Oyster-Closed 0
66.02689886953158 639.9999221773982 66.03033215462347 590.3504641304241 271.27934622825705 590.3615995661887 271.2782448132202 640.0086948030959 Oyster-Closed 0
640.0002005466376 136.289526 565.9232328293729 136.289526 565.9234971013211 35.22012500000001 639.9999834030314 35.22012500000004 Oyster-Closed 0
479.4114746811101 67.24276130077504 605.355534101036 81.01338763985996 586.6437631400913 252.14579622351923 460.6997235504241 238.37530763330875 Oyster-Closed 0
637.1719617894269 369.13606949615325 659.1553072226088 519.9878524993658 541.468363360691 537.1326376925136 519.4883903598384 386.2838857521956 Oyster-Closed 0
473.86300590864266 543.8126870194857 467.5646938828868 650.9029192476305 160.33492493203084 632.8242634805634 166.63995435272227 525.7411529688152 Oyster-Closed 0
447.257935000016 82.69230799998758 449.2199851436453 24.83822465568041 520.6222336036444 27.25971967166478 518.6602720936935 85.11372185356586 Oyster-Closed 0
475.89698766758374 63.80797816954625 498.10943415781367 88.12658942419431 434.0012434122764 146.68198256151996 411.78888090507826 122.36345259263462 Oyster-Closed 0
450.47225322974555 138.20293737091117 461.20120698105893 191.82572359749625 394.8426524196839 205.10230180221083 384.11396083960426 151.4797431962504 Oyster-Closed 0
133.91631113445328 589.4215401746088 72.71667399916623 622.3169852449096 0 473.9134869824071 54.12879070288909 441.0191602618145 Oyster-Closed 0
0 569.267548 63.167022 569.267548 63.167022 640 0 640 Oyster-Closed 0
281.31103447201895 447.75547016157816 276.05694771686103 332.1723240321126 415.6616035011393 325.8269299086422 420.9179118474276 441.4076987828263 Oyster-Closed 0
