54.680781144707 254.0988618555685 0 248.13853498334532 2.840233199603972 140.3846438232883 65.01089744131605 146.34492282707544 Oyster-Closed 0
245.43654950837663 105.70597016358455 378.18551969008695 163.47969175121196 291.2295184326649 363.27358540168376 158.4812075998343 305.5009714710876 Oyster-Closed 0
346.7020279999997 515.509854000007 288.35347307605844 421.78760573335774 448.11526770106866 322.3378257535393 506.4635522412573 416.0573542336212 Oyster-Closed 0
354.22602157523215 396.5905635167073 494.1271562723705 399.3577269279963 490.79428916811594 567.8328061127319 350.8931566563115 565.0657260918945 Oyster-Closed 0
193.14586411397613 627.845690647042 71.83189732219034 659.1218624910192 2.4773676176846493 390.1417882760774 123.77870747077395 358.8673619743431 Oyster-Closed 0
291.7438590437814 345.926913262823 208.9390969825763 527.229821312763 62.82248559495201 460.50027069054863 145.62828223941324 279.2018371351891 Oyster-Closed 0
162.6536230000056 639.9999999999635 162.66167323323316 544.1211454904509 409.065678182742 544.1378921527145 409.0628136729356 640.0115482183319 Oyster-Closed 0
446.86771730557666 590.1487857071179 499.99101911569596 517.7562312017212 608.4933362052107 597.3581323746514 555.3724138908001 669.7485340135444 Oyster-Closed 0
453.59972208185354 590.283330415619 457.8891177440528 609.5727684835814 430.97739711338363 615.555370385824 426.6881386338355 596.2660516332069 Oyster-SemiOpen 0
4.230085879898979 376.86045866383273 24.672519023224595 284.91793782697613 134.7716406037216 309.3953575588319 114.33074642773136 401.336525217451 Oyster-Closed 0
127.79834407687304 216.6038469753612 151.29809148071217 172.5603030947946 207.88537671272934 202.751986659251 184.38588936529413 246.79530687156014 Oyster-Closed 0
239.8502303184796 352.18493796987894 334.5358090661466 354.09674028120463 330.6674925542029 545.6558546345443 235.98191575234523 543.7441141131781 Oyster-Closed 0
288.1376451806136 299.9139488746325 362.10306906708865 290.2707040382432 375.4121028726513 392.34511008903775 301.44670599933306 401.98822709467026 Oyster-Closed 0
622.7875819777546 553.6527377326781 597.1103874130495 592.8216098481917 521.9950975907705 543.5901746526409 547.6721533189993 504.42203415791084 Oyster-Closed 0
470.5871607759764 408.373500550881 541.6187061809615 385.9541541539719 574.2459381777735 489.3132143921246 503.2145772178046 511.73215347520306 Oyster-Closed 0
513.1276709999656 402.5641030000053 573.7575174545054 354.00229684701003 642.6508842518524 440.00594514712367 582.0217934609536 488.5669093090644 Oyster-Closed 0
640.0015345483553 546.153846 581.6940562527452 546.1538459999999 581.6956869410933 396.56766 640 396.56766 Oyster-Closed 0
395.69333278152044 197.9638145652586 441.9496415104368 339.612441654314 358.3624082228198 366.9055560107444 312.10759696317837 225.25817801982026 Oyster-Closed 0
475.52554472531483 353.7709540314996 418.02286891404947 351.60200027227944 421.4956367926061 259.5564222840778 478.9971013167815 261.7253531159304 Oyster-Closed 0
511.3685939577408 371.1229768453148 458.5831620673707 327.61743960677023 525.0634327551961 246.96318134485236 577.8480920898437 290.46820852204945 Oyster-Closed 0
540.3035363285017 261.5315358146634 555.4030270296789 228.32744117196773 614.7863099660754 255.3305580422311 599.6870655429666 288.5344429217501 Oyster-Closed 0
564.4866360630112 225.68582431718784 606.9587624519772 193.52352027878825 647.4573919780232 247.0022684741354 604.9854324806802 279.164381903017 Oyster-Closed 0
126.73270764578774 342.10610641576136 73.56783856688708 307.9835600478696 138.36071967423777 207.03958817244114 191.52464950049762 241.1617323711203 Oyster-Closed 0
