245.43637485163345 105.70589415088477 378.18552042183 163.4796920696721 291.229519164408 363.27358572014066 158.4810329444008 305.5008954598435 Oyster-Closed 0
346.7020279999997 515.5098540000255 288.353473296811 421.78760537839247 448.11526722791314 322.3378265830946 506.4635515453847 416.0573554181789 Oyster-Closed 0
354.22602157523215 396.59056351670733 494.12715727194154 399.3577269477678 490.79429016775975 567.8328061325028 350.8931566563115 565.0657260918946 Oyster-Closed 0
193.1458570757968 627.8456934299891 71.83188852381136 659.1218611518901 2.477369599000667 390.1417893855378 123.77871121221688 358.8673672056119 Oyster-Closed 0
159.71085121163924 639.9999906137813 159.71867910280707 545.7422179775012 410.8198063243617 545.7601257671053 410.8172154786007 640.01252127901 Oyster-Closed 0
615.4901434060594 607.7478046888768 561.9376710488723 679.1090426482793 436.57743759278674 585.0556378745373 490.1289546066255 513.696836960902 Oyster-Closed 0
189.98122563374636 530.2676714832121 50.73016395115701 434.8306371654385 160.61222473050293 274.5289062329422 299.8577634192043 369.9633151699797 Oyster-Closed 0
320.0810503942921 407.7418746302984 252.03224710770883 354.2998538147361 315.2509443095187 273.8104147357843 383.29860275480314 327.2517442546959 Oyster-Closed 0
323.5215450025862 552.5113948133081 230.79375899294973 544.6953277332709 245.8446137903229 366.19782302854924 338.56653095841466 374.013635310699 Oyster-Closed 0
505.41732565565326 522.686948962454 534.4452917331364 484.7966235942554 623.4983537110384 553.0064294097788 594.471321825913 590.8959011547896 Oyster-Closed 0
0.8226002227456775 374.23054147450614 25.031072167257662 277.4498618163743 136.90036419895478 305.4304707689856 112.69354444280907 402.2097099308737 Oyster-Closed 0
0 147.368422 73.913108 147.368422 73.913108 262.348178 0 262.348178 Oyster-Closed 0
640.0013174871128 546.558705 587.1696707755473 546.558705 587.1710719265684 403.611886 640 403.611886 Oyster-Closed 0
567.8348464258306 502.1127014262423 495.28226013811945 516.3565596487961 473.31429134057544 404.47197671719323 545.8641185670422 390.22840038194965 Oyster-Closed 0
499.3149827393063 389.2384174035718 586.2519270476332 342.9899871140222 655.7596145853313 473.63386016074827 568.8234757939063 519.881187156259 Oyster-Closed 0
458.6080444262916 354.6558775481715 526.6978614270192 246.89749027169424 581.621603997919 281.60041684341076 513.5327273388975 389.3579808635507 Oyster-Closed 0
357.6425655388448 196.10730576332475 445.08428511901 221.48280068547493 404.02979948121356 362.94507065262803 316.58824096455646 337.56996516791986 Oyster-Closed 0
447.9545313325798 376.23045697785705 392.4505873639282 342.2029320973115 461.4697175794572 229.63208863723463 516.972386741254 263.6591014517845 Oyster-Closed 0
531.890072860042 252.9588868181858 569.9416041125369 219.31254847098802 616.3982652450795 271.8491707244566 578.3469515026809 305.49527842199586 Oyster-Closed 0
648.7973804288049 237.12821669417676 617.3114996912773 279.0922503250038 564.4634384352685 239.441446052534 595.9492195393977 197.47765757557738 Oyster-Closed 0
187.34683129565383 291.04072873742183 113.18287550646346 342.5218656227703 52.44627593507175 255.02823790586348 126.60915939683036 203.54761567221757 Oyster-Closed 0
126.0038271745725 207.74024711820852 178.72892922154278 175.0004496841606 215.6559546029166 234.4669520842695 162.930997175863 267.2065629608114 Oyster-Closed 0
434.9144220457674 615.2952819692907 425.78442611426 602.1792520951861 449.64912916577305 585.5716328534241 458.7791018300777 598.6875775747327 Oyster-SemiOpen 0
