99.33103188923269 249.81833118505622 31.2561930945958 281.6703098972689 0 165.482314571124 44.96464342002582 133.63065773288446 Oyster-Closed 0
245.43654950837663 105.70597016358455 378.18551969008695 163.47969175121196 291.2295184326649 363.27358540168376 158.4812075998343 305.5009714710876 Oyster-Closed 0
346.7020279999997 515.509854000007 288.35347307605844 421.78760573335774 448.11526770106866 322.3378257535393 506.4635522412573 416.0573542336212 Oyster-Closed 0
354.22602157523215 396.5905635167073 494.1271562723705 399.3577269279963 490.79428916811594 567.8328061127319 350.8931566563115 565.0657260918945 Oyster-Closed 0
193.14586411397613 627.845690647042 71.83189732219034 659.1218624910192 2.4773676176846493 390.1417882760774 123.77870747077395 358.8673619743431 Oyster-Closed 0
298.66570510050224 344.7391662403604 209.28409958425618 526.7972553168116 59.015109210595256 453.0282766673395 148.39751182873442 270.9748474625636 Oyster-Closed 0
404.4348331789661 640 162.49515199997404 640.0000000000001 162.50103137310361 543.5897430000001 404.4304643796204 543.5897430000001 Oyster-Closed 0
469.92235394209274 403.8467532409029 532.2543724674324 382.33879682884185 570.3655493779661 492.77317246587586 508.03373308350274 514.2807081258325 Oyster-Closed 0
510.5171882781724 372.58998318533236 460.7462187373312 327.8158958866542 532.6299772336642 247.9161784157344 582.4002409702371 292.68971077487555 Oyster-Closed 0
535.7306639891613 251.21341915754488 575.3700256195589 223.02072803782232 615.7277921588684 279.7616947649746 576.088595135152 307.9541911978176 Oyster-Closed 0
568.4706458984147 233.196296436947 599.5860184133926 199.71217081955547 651.2277657286177 247.69880114190383 620.1126128611213 281.1827145906833 Oyster-Closed 0
321.3571903867705 529.384187263263 225.2808916916547 504.95081685939164 282.52441079624987 279.9034021627623 378.59437827792135 304.3359334102349 Oyster-Closed 0
452.36839590070304 369.9471715859531 394.41894488532853 346.3486756099044 438.5437218239531 238.00349477324312 496.49182261840906 261.6016824562073 Oyster-Closed 0
362.13502645776316 192.82234515871937 444.2013490408135 222.31674324132425 398.671016303997 348.9953568273877 316.6048975794547 319.5013572946605 Oyster-Closed 0
485.24259055251605 397.1514891265659 545.3836262052209 336.3182228415582 636.8668862579943 426.7502185022233 576.7270534712588 487.58228615805194 Oyster-Closed 0
445.63368510796863 602.8366605324683 484.43488958531816 522.5176653242763 605.2686464082217 580.8767364880523 566.4702486125316 661.193333371323 Oyster-Closed 0
0 365.858089273128 28.765070831068442 264.12455664236484 143.68035503590363 301.6140263775114 110.49076261791924 403.3459932780121 Oyster-Closed 0
58.2399304224964 252.77133651726564 125.90933529681934 204.64315555813525 184.00414454699785 286.32216452718586 116.33514280358213 334.449864221616 Oyster-Closed 0
110.94355527122389 215.55507015739747 167.18117063646787 167.37173070634626 219.10632312508824 227.9747937503784 162.86900689163303 276.157813488662 Oyster-Closed 0
453.697933190997 586.1750002498318 461.71464447455946 603.800232982509 429.0306199047336 618.6621181939041 421.0140755917382 601.0370273739262 Oyster-SemiOpen 0
