410.58385146185174 247.9483052194689 333.73692732486234 227.92177020704446 361.3778959390038 121.86159393339594 438.22373158705886 141.8879807710756 Oyster-Closed 0
571.393588 138.753388 640 138.753388 640 318.137091 571.393588 318.137091 Oyster-Closed 0
229.56871639064047 189.18222180752494 368.61209152841184 177.52659928003305 382.9060461971676 348.0357893756217 243.8626969562756 359.6912114167741 Oyster-Closed 0
449.8562723791838 338.8184706486146 605.6839708457846 255.929245356561 709.6245149148308 451.3147931513795 553.7986702608032 534.2013333436612 Oyster-Closed 0
321.16058134233754 401.37959046158244 406.96297238413536 416.21268936766364 383.7612733054266 550.4019937252413 297.9589688759006 535.5692501931882 Oyster-Closed 0
321.92093947269314 383.3606180037123 446.5744131211977 312.8387059615035 610.5713564213511 602.6741252931338 485.9210672270274 673.191690145539 Oyster-Closed 0
512.7685599846882 270.908537682267 488.19383310881676 400.287825167403 349.17698208497313 373.882558111635 373.7533819999953 244.50549399997843 Oyster-Closed 0
507.9491550251987 207.33231218492068 523.2720779369265 159.46802404274453 586.6985435274546 179.77237651937347 571.3758913774655 227.63643346087798 Oyster-Closed 0
503.7959525461338 322.3358761041022 452.7775518220733 279.13820013640327 530.3057340295345 187.5789439757993 581.3234675016429 230.77615601009427 Oyster-Closed 0
474.1238912110566 316.3351003954266 422.55089660910016 298.1446235088692 459.6673939273023 192.9204658295634 511.2394161697739 211.11075663315034 Oyster-Closed 0
0 489.5604400000001 79.108303 489.5604400000001 79.108303 640 0 640 Oyster-Closed 0
67.05902332912956 607.6616248105687 50.96889416279737 473.6358813268577 179.73987465768005 458.17976242422515 195.83294964802917 592.2020712920859 Oyster-Closed 0
315.97309065014997 426.0713123578958 263.14187275682343 540.6227916762463 99.4063042691414 465.1157873987022 152.23837491583254 350.56776069510397 Oyster-Closed 0
226.44482499999867 182.41758300003346 224.17570098339638 121.16646736298884 289.65017412177986 118.74086789116141 291.91951422159036 179.99177057478536 Oyster-Closed 0
215.4354674059141 251.3145540638176 185.85955117850972 223.65798244501678 240.90188532616594 164.79785492889317 270.4776012176444 192.45425484743777 Oyster-Closed 0
215.2091843556991 309.15261288767636 172.09818232928228 318.2683130924652 158.83965221590188 255.56712314898448 201.95009232622397 246.4514844021086 Oyster-Closed 0
202.39544712923816 247.8019548335069 184.65232248519897 271.1074290106311 127.04623904559412 227.25193198614812 144.78930299868807 203.94660406987666 Oyster-Closed 0
216.8404393698438 198.3041105203881 193.28401888677035 240.1655810825843 141.6722424972977 211.12316626796644 165.2286707067833 169.26188176880265 Oyster-Closed 0
47.44626280174998 352.61354987826786 40.979786547104595 311.9842011013776 89.30286020491621 304.2937879774895 95.76953152041824 344.92289439228875 Oyster-Closed 0
102.31537100000423 335.16483500001135 107.13452557924029 297.6649069600073 173.40097225416685 306.1800711138961 168.5821458954888 343.67970567680317 Oyster-Closed 0
419.1654250519059 639.8088276081857 310.9502578090178 653.2628170569315 294.08137893507956 517.591944508616 402.2902744900057 504.13834863122867 Oyster-Closed 0
640.0017819065397 640 550.4132674043649 640 550.4149184524431 554.2745029999999 640 554.2745029999999 Oyster-Closed 0
