456.15627128761844 226.15905037661176 637.1588402360794 200.46538389169382 672.275268215817 447.8317109653596 491.2728436476027 473.52459004314545 Oyster-Closed 0
241.3593876122468 50.026693743889794 228.77128445710696 147.87035272365804 11.435563294144231 119.90802678549849 24.02421500381024 22.06497160806975 Oyster-Closed 0
522.0078430000285 10.350402999996579 629.4733680145146 0 668.3424446815479 207.8368075081991 560.8769525197567 227.10734915098203 Oyster-Closed 0
470.0986733298487 49.30674440171694 579.8257136746543 47.18264681433263 583.24586771123 223.85975097225247 473.51882888178807 225.98382915715104 Oyster-Closed 0
361.6819497618417 386.8946517099939 410.45437814966135 395.7153876712417 379.9055209081416 564.6023666282683 331.1331654402602 555.7818987103051 Oyster-SemiOpen 0
404.9203329797456 559.9518455793544 350.0955263184005 712.6116895056477 0 578.3218721026399 30.968788695754483 425.67398904050384 Oyster-Closed 0
3.077934642715263 186.47281953652254 166.55841807019897 174.11454298221184 188.995084282069 470.8963646852007 25.514633837519796 483.2541830558551 Oyster-Closed 0
0 94.167789 118.156498 94.167789 118.156498 259.317809 0 259.317809 Oyster-Closed 0
163.6187970701576 337.93148413914594 139.32602426481026 152.21340262259227 313.63038048344606 129.41450883413674 337.925548570056 315.1297449016614 Oyster-Closed 0
565.9126332167216 640.0002000835414 565.915138836499 505.9818970745845 640.0003919202572 505.98381989702546 640 640.0000000000332 Oyster-Closed 0
640.000200830691 523.8499309999999 612.0501590797357 523.8499309999999 612.0504779229668 473.651848 640 473.651848 Oyster-Closed 0
211.7513361753663 122.19464865270665 316.8446532150847 0 497.6737873956881 110.24598550673714 392.5820500757982 254.20284209445296 Oyster-Closed 0
