161.94717111386126 220.05581582835444 94.4380338848714 131.9828997601461 267.2732722753426 0 334.7820703280013 87.5758086842066 Oyster-Closed 0
358.9848585267464 261.27470999052184 282.7273944555782 104.18863311426529 428.4342518881749 33.456776440551245 504.69194610981504 190.54133503981927 Oyster-Closed 0
299.8020687276585 336.9150470040578 175.95844453688187 332.4976165199129 184.744265983245 86.26903341105654 308.58294396653946 90.68637380680312 Oyster-Closed 0
495.8422827843606 100.95592020021316 563.3126214959339 129.03338559158877 485.2647255650663 316.57717591790106 417.79461985686794 288.5001511932102 Oyster-Closed 0
380.26379499999166 284.8072550000106 425.3036324804998 251.37541372373693 484.438430353257 331.03755080257116 439.39891800248006 364.46901278422297 Oyster-Closed 0
528.3722761803801 415.7375882656285 468.25783340245835 414.4477548764062 471.7260250189429 252.8838145981436 531.8379818679387 254.1736207967437 Oyster-Closed 0
539.4734352630621 447.89977005241667 448.97918049726286 539.6646886431245 258.3368381825858 351.6799036467768 348.82770259275276 259.9184903265661 Oyster-Closed 0
483.21539390512044 488.81613334843485 375.33662563153484 699.0404481522085 0 472.1490402960951 41.04992303320614 261.94160713240126 Oyster-Closed 0
532.5258287659381 309.10867620832846 609.8095757560804 315.54587611182035 598.2431644971803 454.3960353680444 520.9594308350643 447.95896222334466 Oyster-Closed 0
514.4201720342244 242.10782085467 535.6124238267512 193.78446837169977 627.5508423191059 234.1025212227207 606.3590997449501 282.4254406355169 Oyster-Closed 0
603.7060401095368 264.3464685295835 642.1881602102076 266.17813468712865 638.2426657357428 349.0650272716481 599.7605466593814 347.2333783080259 Oyster-Closed 0
621.7441586488712 258.8854561328942 580.3461295948364 242.333019832567 615.8617495962972 153.51153534108747 657.2592281944526 170.06384683514364 Oyster-Closed 0
81.46464799450769 61.54720465789852 180.80354411911685 74.2778527593873 150.10771076122182 313.79626736087977 50.76883907451702 301.06583076903127 Oyster-Closed 0
32.159431974505424 264.42422292903257 0 243.04131915379344 21.427807168656727 68.23158484845241 88.16724611780955 89.61425810721855 Oyster-Closed 0
177.04295095114503 107.39590659554398 98.91737819794798 93.12675165492051 118.40155221412715 0 196.5268950083555 0.7182261735153643 Oyster-Closed 0
