370.605943 133.55894 427.694574 133.55894 427.694574 212.97236300000003 370.605943 212.97236300000003 Oyster-Closed 0
580.5469674364576 248.41028058787737 534.6634866406384 211.62640308703908 597.0369717325957 133.8255152563693 642.9200569523528 170.6091441001412 Oyster-Closed 0
289.5769139999902 229.21601799999547 331.92980556734256 180.0436647867868 400.458991855121 239.06680938307795 358.1065147728077 288.2387709377388 Oyster-Closed 0
245.85496844469162 260.507642404023 320.5454211619508 228.26728884262135 358.9563532448665 317.2481974391691 284.2661000965745 349.48821477047943 Oyster-Closed 0
0 201.809955 84.342683 201.809955 84.342683 304.472352 0 304.472352 Oyster-Closed 0
212.0729586888774 396.24051793359536 196.2027414991462 324.85623323596286 269.39610650166287 308.58540281446074 285.2668199465552 379.9689684501989 Oyster-Closed 0
461.7988410932594 397.86251050050043 446.350273143471 447.27564497462623 333.80146784271346 412.0914689121752 349.2505127836921 362.6792273515782 Oyster-Closed 0
327.26161499515 392.00428465531155 310.55239896217245 337.9684430641504 396.0791924971272 311.52375921131966 412.7887578817172 365.5589613194293 Oyster-Closed 0
245.3087564008456 308.7556713632123 176.58800881981733 325.1818958836674 152.6064019684418 224.8557636992899 221.32577409451187 208.4297130017507 Oyster-Closed 0
0 375.565611 51.77566499999999 375.565611 51.77566499999999 527.590966 0 527.590966 Oyster-SemiOpen 0
284.89193091678317 106.57462837031639 248.51581651069864 115.8586465588285 228.0760364809248 35.77272236073612 264.4519944646163 26.48872544031111 Oyster-Closed 0
402.4121651417954 158.56793355957026 267.86917484503647 306.6802103660245 13.65760730659531 75.7583525237722 148.19867536542006 0 Oyster-Closed 0
662.7777860801143 243.4837323751084 636.4726093938225 430.6176690738661 344.11238491127733 389.5159260627451 370.42295156017644 202.3883591528978 Oyster-Closed 0
426.7400392139825 136.08789551995238 457.9683206808113 137.13407706488553 455.7423513676622 203.5774461665434 424.514070140649 202.53126902170453 Oyster-Closed 0
