640.0011869348236 371.4940289999999 551.8791371402767 371.4940289999999 551.8810373770248 202.625338 640 202.625338 Oyster-Closed 0
225.10605364899675 401.04678040508304 254.42824255573214 160.13335274375638 535.7773469248059 194.37530876340531 506.46344596199924 435.28107794920635 Oyster-SemiOpen 0
0 150 161.737026 150 161.737026 391.346154 0 391.346154 Oyster-SemiOpen 0
248.572216210232 81.69989176286688 264.0870478883153 53.783940001048435 338.11182001001725 94.92440835876707 322.5970785267418 122.84028199977799 Oyster-SemiOpen 0
411.37842505879235 413.6032896566496 493.4953356094047 384.37204678870705 537.8969248155045 509.0877478062371 455.78033168276306 538.3183276283438 Oyster-Closed 0
518.334582 333.653846 640 333.653846 640 504.807692 518.334582 504.807692 Oyster-Closed 0
163.29677512403578 527.7491078831536 245.46262717893114 450.28269997211686 334.96093699992343 545.1923080000117 252.7970817338064 622.6566803303574 Oyster-Closed 0
251.2219118187204 665.6945344388413 226.13400449881738 588.2755207415057 400.4154337280488 531.8121960049735 425.5049988866085 609.2280543055001 Oyster-Closed 0
510.1542289974168 610.5761052634285 510.1549449999584 639.9999999999852 342.124184988279 640.0007806542231 342.1246181913011 610.578052441644 Oyster-Closed 0
24.287025631347205 596.3077253056424 0 524.9078201719292 74.42603699055326 473.3385485992262 115.01730908996251 544.7369358794462 Oyster-Closed 0
125.49976534573943 428.0973394867599 124.72094880853547 323.35941315724887 291.7330480939563 322.1172520196759 292.5142876913742 426.8526809904969 Oyster-SemiOpen 0
493.83929259958677 278.24639370463154 533.9429529793415 268.0790182420648 559.1202441284258 367.37991455760925 519.0166293192306 377.5471645309134 Oyster-Closed 0
550.6701809479273 313.1195679639472 494.659546057228 281.19782513532635 550.133356702936 183.86803412573553 606.1430471728818 215.78943504320662 Oyster-Closed 0
275.1563702815474 202.88461499999997 217.48524580674712 202.88461499999997 217.48558841332851 96.153846 275.1560614530172 96.15384600000004 Oyster-Closed 0
20.443076472729445 639.9999881217603 20.44496321308543 597.1130389474295 144.43617124445154 597.1172623255569 144.43550925738236 640.0029902087942 Oyster-Closed 0
177.39557818240428 562.4275259319276 143.59075402673625 555.140481140683 161.984622572636 469.83128630923625 195.78835018772224 477.11820854483915 Oyster-Closed 0
447.61085106591054 505.0063171419626 409.3281777383527 581.5328551700352 262.06975537083053 507.8783579405891 300.35280503187096 431.3542697984937 Oyster-Closed 0
18.3263141419593 494.4400443581031 39.98193324514432 426.3086737145272 156.08131943481567 463.2045605502075 134.42743687752227 531.3344529170979 Oyster-Closed 0
28.11373284785077 449.9282168450637 32.07178041426232 395.8784975816543 126.51049908294226 402.7929963066163 122.55331627617124 456.84190532712415 Oyster-SemiOpen 0
146.358155 553.846154 240.553737 553.846154 240.553737 640 146.358155 640 Oyster-Closed 0
303.48092175358033 98.1815439278013 315.5786485772114 66.29988029621181 379.3004478506191 90.47941304260274 367.2028113361739 122.36099990819426 Oyster-SemiOpen 0
211.54500116907002 127.94046127989927 199.60123891185503 90.86567519877957 265.1344303887163 69.75408052856213 277.0782408573723 106.82876809196284 Oyster-Closed 0
150.93249760117033 135.10126920221742 170.6052566591825 101.67067572242088 215.7968339118088 128.26407050225194 196.12417467673367 161.69457713321583 Oyster-Closed 0
439.120129504372 207.44809550794915 478.8649184840324 176.23293901037042 542.970440373756 257.85265541462206 503.22591198906593 289.06752650937534 Oyster-Closed 0
543.325246 0 624.064314 0 624.064314 62.5 543.325246 62.5 Oyster-SemiOpen 0
