353.0815986412199 93.267494951461 583.2589005768386 49.18325289121378 694.4245606633194 629.5771129663449 464.2485611387383 673.6579942078959 Oyster-Closed 0
0 524.20704 131.41906 524.20704 131.41906 640 0 640 Oyster-Closed 0
224.4108773397602 639.9999859189134 224.41691144413198 542.882739055384 407.30496708296414 542.8925749660193 407.3028518354113 640.0058825178705 Oyster-Closed 0
178.27547626577143 59.14982873909925 305.64353511537774 79.7387294487573 256.34208038667566 384.7200119460207 128.97415431027184 364.13164683089155 Oyster-Closed 0
640.0006557469897 347.5923850000001 590.1956302687904 347.5923849999999 590.1966872045159 164.83762800000005 639.9999962186848 164.83762800000005 Oyster-SemiOpen 0
79.36440275138011 270.32967099999996 20.045550589857157 270.32967099999996 20.046185243918444 126.37362600000002 79.36373745891615 126.37362600000003 Oyster-Closed 0
157.35745399739244 295.60439201378273 118.47660495448508 295.90518850724465 117.32010286861623 146.36160924327814 156.2000063205778 146.0608163820553 Oyster-Closed 0
78.69737352826633 118.87992606590004 112.82141284042154 117.77958920034706 117.41061519118375 260.0982762067073 83.28657668840606 261.19860190280434 Oyster-Closed 0
120.2076598554413 68.4686154869253 164.7738040400145 73.24171170249714 151.46737521950854 197.48177077786664 106.90123393113026 192.7087034507614 Oyster-Closed 0
176.55948228872148 2.5141934147717757 249.1593644963723 0 258.35552710617776 97.11241886091096 185.75564841121377 103.70991609225516 Oyster-Closed 0
67.28082998350146 153.84615593066005 27.14365169093071 134.39308339724184 69.55237059817591 46.89287945092054 109.68932890194992 66.34589239603383 Oyster-Closed 0
44.21254185195721 129.67033413218147 14.138930216868175 121.89561839675622 35.152388489223085 40.61366426325718 65.22585378887015 48.38836059734598 Oyster-Closed 0
90.5182886995317 45.08736770627259 63.92272781675274 56.134557513087714 51.3765310778399 25.930215266741268 77.97207093564793 14.883030458164136 Oyster-SemiOpen 0
