396.87525558503694 317.4931217226156 315.6286247484968 305.9801374531013 346.73101861029863 86.508720405909 427.9751760033105 98.02153579783092 Oyster-Closed 0
302.45861533330753 391.5931304974782 217.14633477728057 411.09730749851974 175.06340977255604 227.03123939758217 260.37215906515485 207.5274793682792 Oyster-Closed 0
25.073987810319522 272.1532715139166 137.33312895674317 250.45658437182078 171.7566853533208 428.55100918664397 59.49769690880203 450.24718239499464 Oyster-Closed 0
396.9370329515368 601.3538191536348 305.7143202776206 575.530881153799 378.4706062114856 318.5714006931538 469.6854161471856 344.3931479512713 Oyster-SemiOpen 0
300.02035270736087 506.51965209612865 150.3679575258866 524.1337727255774 138.95311201777076 427.14492053989943 288.60049561655615 409.5310973480113 Oyster-Closed 0
199.19852369988803 458.4457905123705 324.9875695970695 506.941491669054 256.88043482216017 683.5562703853898 131.09239500001422 635.0625170000061 Oyster-Closed 0
130.85983647528337 549.3820811372951 89.41967523103813 563.4341390371101 63.908134643425 488.21293768930553 105.34711633983534 474.161098385936 Oyster-Closed 0
85.48522742181376 263.1583955351638 31.545415346190566 239.932154739448 73.83171158042387 141.73236233276737 127.77074802441348 164.9584099247868 Oyster-Closed 0
296.28195471930667 212.307692 237.8417939544306 212.30769199999997 237.84216346532048 106.15384599999999 296.28164480534906 106.15384599999999 Oyster-Closed 0
333.64345875161234 254.1066187330494 285.0769958924502 249.93458549036478 297.0782222763228 110.23890246494709 345.643783826672 114.4108972156716 Oyster-Closed 0
