637.7547164221323 260.8945803514741 630.0420645730628 432.84417090542 307.7005533038755 418.3783668944412 315.41983648254245 246.436334496437 Oyster-Closed 0
308.5148578231747 296.25008458629384 294.6744716732792 422.1819022520294 61.25208296260098 396.5248397643055 75.09571352900821 270.59673603965507 Oyster-Closed 0
489.77778032691276 2.3330002006425405 489.2183977316745 82.59233000644352 154.5513246673363 80.25877489030964 155.11111100000562 0 Oyster-Closed 0
165.27263515323284 327.2141801120538 162.4887980884523 531.6536700771092 0 529.428828819843 2.2531172147137113 324.9943695126524 Oyster-Closed 0
235.03440284861426 706.0086156298911 52.552739501043106 573.0220033990222 270.7294352574536 273.71940974173367 453.19454574986594 406.6972264837892 Oyster-SemiOpen 0
292.000829000026 637.6666660000166 292.4049057240336 547.5074928389797 621.0691922717524 548.9719616170886 620.6716853156831 639.1245502524631 Oyster-Closed 0
639.5559544896969 144.33333400000006 502.2220014526829 144.33333399999998 502.2225185123534 3.6666659999999904 639.5555412920658 3.6666659999999984 Oyster-Closed 0
331.93281314495835 108.33456688967246 393.1070276800165 13.895077990789131 622.8699908663111 162.72504340560474 561.6972885592259 257.16317872739455 Oyster-Closed 0
367.38043750803627 52.28008779855938 387.2358477849775 242.2419279820972 4.107354147854494 282.2805657414188 0 92.32353682719364 Oyster-Closed 0
438.13279999514634 269.9995273155817 448.26402251164836 301.504135105443 372.25358284515096 325.9454332410702 362.1226878958987 294.441104294158 Oyster-Open 0
