632.0140585042827 429.93314495173075 367.54516813620285 435.09309483713696 364.2920365131431 268.03525316592754 628.7496739337803 262.8754116424202 Oyster-Closed 0
114.67218314297497 404.8424700427805 121.32460262226232 281.9978947630219 351.6779909282923 294.4684969113839 345.02934959695267 417.3097152767778 Oyster-Closed 0
5.0135000063164625 335.37359412913537 211.18581881964928 314.71399432230663 229.6371930339228 498.82915051520007 23.464973796435515 519.4881588972725 Oyster-Closed 0
291.57349656976294 697.198603723348 119.20052961395413 572.098989760452 331.74177709159267 279.3131294843546 504.09957975345606 404.40476115797776 Oyster-SemiOpen 0
174.66557669795293 496.2933580726352 200.24914167333918 635.8754498084174 48.69074512505904 663.6417191900432 23.11243162046594 524.0642363550855 Oyster-Closed 0
352.55867725347343 638.6636490780778 349.1212115369126 518.3910130571917 628.5556262749742 510.40270798256194 632.000039314953 630.668038574622 Oyster-Closed 0
636.4449513885484 170.66663617264174 553.3590579305746 175.56057024138877 543.5816502728994 9.560575045283624 626.6666660000192 4.6666659999984885 Oyster-Closed 0
375.924137258844 146.84368121282873 404.3003853035043 56.73376318156767 593.5488357672875 116.32842702146291 565.173568671089 206.43754146981905 Oyster-Closed 0
373.05824628267146 74.88644050994299 387.6429511416791 260.52624188741214 6.110096328047803 290.49321841943953 0 104.85797379564605 Oyster-Closed 0
519.3036906910856 294.39876815354273 525.6005195533362 249.8730532427577 638.2960869957606 265.80924176279433 631.9998455968744 310.33442589119994 Oyster-Closed 0
511.90955564357864 259.9995532316097 522.2529794966977 287.7778568068446 412.79173730108596 328.53297587802535 402.4487305054936 300.75502498831617 Oyster-Open 0
