640.5409042113752 40.5192457756893 639.9509701373609 218.07407957599938 195.4068528227799 216.59093275788456 196.0004524456599 39.04040042653862 Oyster-Open 0
0 436.507937 103.511284 436.507937 103.511284 624.603175 0 624.603175 Oyster-Closed 0
0 591.269841 373.556436 591.269841 373.556436 640 0 640 Oyster-Closed 0
0 573.3548248233498 15.155407798083615 287.3878576308724 580.0924545241287 381.5747680556237 532.4333586452121 667.5142254454648 Oyster-Closed 0
640.0172279154503 640.0000000000001 339.91503105185984 639.9999999999999 339.9346469021111 265.8730159999999 639.9999720248161 265.8730159999999 Oyster-Closed 0
5.067194100483903 369.57087937290447 0 269.7763119687057 458.5767959460645 219.4582997845438 469.39421537710587 319.24800752628164 Oyster-Closed 0
501.80285769129114 216.61585653555503 493.6701568622084 268.8482050602078 274.0953495597205 234.6588935667565 282.22882564747124 182.42755999766234 Oyster-SemiOpen 0
0 3.174603 236.794827 3.174603 236.794827 352.28698399999996 0 352.28698399999996 Oyster-Closed 0
13.473721854170435 223.60517604643405 12.803248226846335 175.31166412547793 198.39005869842367 172.73429616782195 199.06118281061936 221.02713839575324 Oyster-SemiOpen 0
39.363783086810145 0.6980118484076915 120.23212873195007 0 266.45311831605795 59.85264213934494 185.58495162942563 142.96704449439923 Oyster-Closed 0
