640 0 640.0000313161581 59.33350698461926 495.2315369178541 59.33343969261144 495.231608000031 0 Oyster-Closed 0
456.7963462602347 143.88249054116392 417.51199475169415 10.65846023082422 568.3019391239941 0 607.5864942596672 99.41803954697468 Oyster-Closed 0
640.0011004972475 228.51415800000007 501.81933249070426 228.5141580000001 501.82039918108785 85.79303399999993 639.999993135425 85.793034 Oyster-SemiOpen 0
484.59128191047057 114.72751448269976 572.3124735744204 139.17742019274957 505.0827651693544 380.3735553024268 417.36178343897336 355.92421854519904 Oyster-SemiOpen 0
357.3483236299944 404.8081914186168 489.08048532633984 383.5329140409184 530.1627269763412 637.8615744510823 398.43084645552153 659.1357921906181 Oyster-SemiOpen 0
373.8282986095146 528.6302790911552 148.24188244252582 487.67575898359144 176.23308451125922 333.54730074840944 401.8081923294085 374.50075522483826 Oyster-SemiOpen 0
434.46414916281356 144.95004530784718 505.28708736579574 195.85750267666884 354.6401277825498 405.4270540347337 283.8182891876204 354.5208912136344 Oyster-Closed 0
379.9792955997691 232.04765418805508 327.32521563521004 303.7509910710292 178.0933572880167 194.16781605476655 230.74701476551127 122.4655699679056 Oyster-Closed 0
349.4285791725997 21.24668066183791 463.5055771169573 57.01794763309796 407.38459887346835 235.98959549573232 293.3077717432752 200.21863567935088 Oyster-Closed 0
0 10.933718 173.815387 10.933718 173.815387 218.892508 0 218.892508 Oyster-SemiOpen 0
0 336.757706 117.496036 336.757706 117.496036 542.019544 0 542.019544 Oyster-SemiOpen 0
0 534.001503 98.408493 534.001503 98.408493 640 0 640 Oyster-Closed 0
301.52208292398427 584.0925187064934 297.4002409174136 635.8963746883951 181.6010331846337 626.6832874295515 185.72411378016113 574.8808064459151 Oyster-Closed 0
288.0570136696042 507.6887771078362 275.43747661897214 595.1179376575326 162.2619100803422 578.783338535042 174.8831146126031 491.3561616097512 Oyster-Closed 0
99.39292220500647 639.9999368229627 99.39475272694835 575.693865820317 187.22509098268347 575.6960833053281 187.22453922884597 640.0008790122095 Oyster-Closed 0
399.18645712670696 639.1931751022025 307.939792262041 660.9872790297886 279.85895816593256 543.4404069773472 371.10104672712623 521.6468673175467 Oyster-SemiOpen 0
640.003781882333 455.424705 450.90685637849674 455.424705 450.91273058686056 275.018792 639.9999735185702 275.01879199999996 Oyster-Closed 0
640.0043670320156 606.766987 489.7917792487715 606.7669869999999 489.7966048006492 445.0012520000001 639.9999687349919 445.001252 Oyster-Closed 0
498.51147500005027 504.3347529999959 567.4694183121028 495.91482342010244 585.0621569311625 639.9639913217587 516.1042599449138 648.3836611907008 Oyster-Closed 0
328.9660314937646 313.7904142259573 211.99409368331544 430.8457955359013 57.542532481238595 276.51087205572753 174.51166838356585 159.45824329595072 Oyster-Closed 0
217.22751111912658 333.5213703681595 259.0451948255941 426.27899561560326 124.23715644174081 487.0438412572915 82.42189738528396 394.2882596942656 Oyster-Closed 0
0 304.59705612827713 6.451689807363437 257.2735906136231 73.83286273194244 299.3163851523541 44.303741825715406 346.6394356688296 Oyster-SemiOpen 0
77.05399804654007 0.924969779223195 150.56440257729264 0 270.3483723325917 88.67357699238305 196.83821354330576 148.38633037937262 Oyster-SemiOpen 0
266.37080096705176 85.79303717560006 266.37088891475287 0 361.08782201627037 1.5078361706802185e-7 361.08786756354675 85.79299916199346 Oyster-SemiOpen 0
110.30575867451262 57.77155041367407 77.9084906243952 79.78264452932005 26.795552596377092 4.551548372411128 59.19277027947828 0 Oyster-SemiOpen 0
506.6831248901144 389.4582705738703 431.8597774072259 324.99943634833215 523.9672340000106 218.09070500002264 598.7891650434176 282.5485146931718 Oyster-Closed 0
396.7591174946574 414.28175895082353 436.3407411386288 345.44796733773586 507.8989308605378 386.59187075797706 468.3182948119065 455.4248079303618 Oyster-Closed 0
