634.5462369125016 201.48197476372138 640.5882260978251 403.1596772547795 325.678884126537 412.5837091646812 319.64421017655695 210.9128847994823 Oyster-SemiOpen 0
24.338385694500175 318.32764223637645 409.49686550658953 402.1868332457086 352.75729513661645 662.7428713270643 0 578.8877481747379 Oyster-Closed 0
0 528.104575 132.078972 528.104575 132.078972 640 0 640 Oyster-Closed 0
159.6853659118642 365.5650395097768 0 253.27293623069355 225.49321416307066 0 385.99055510552716 42.103099410358055 Oyster-Closed 0
0 0 108.42866 0 108.42866 155.567255 0 155.567255 Oyster-Closed 0
646.868568725622 113.27395706976336 630.6615931622946 256.1745561512139 290.0868482720398 217.543951169728 306.29643896267226 74.64604421811475 Oyster-Closed 0
638.6275263570133 361.1847871041523 617.9373795309948 572.9960454700434 237.34303520148387 535.8075106241831 258.04508350483957 324.0103959801754 Oyster-Closed 0
640.0017073348135 427.88670999999994 558.8120352219994 427.88670999999994 558.814694296525 189.97821299999998 639.9999717713217 189.978213 Oyster-Closed 0
351.5666349951789 340.0530387133791 255.55195389191795 354.3502400831082 231.52102824977192 192.96825801084924 327.53255055351474 178.67130115888742 Oyster-SemiOpen 0
0 219.150829 115.098558 219.150829 115.098558 539.433551 0 539.433551 Oyster-Closed 0
234.85991326720978 265.72650720148295 263.07296679930005 340.4038805085261 115.05495246841747 396.3183211572157 86.843605589238 321.6423891231347 Oyster-SemiOpen 0
