347.34219484074856 15.369426836169389 584.1764504439925 0 616.7350311282644 495.7925580141762 379.90088688027754 511.33862779116 Oyster-Closed 0
98.73291847608925 9.850698794822431 338.9227311520517 0 398.4642968373373 313.1129034222546 158.27467689341574 354.5950908596935 Oyster-Closed 0
296.11081472350634 445.8588069039404 266.8929115548963 277.25759536443303 368.1557044627698 259.7114470598208 397.37540951464325 428.3102829789492 Oyster-Closed 0
352.3737692314171 522.6015661852834 158.6255781440559 688.3719602099262 0 370.12960134319064 80.0416475932434 204.37052503587523 Oyster-Closed 0
601.0133128894086 333.7859002463465 733.399412005092 509.0998823327208 402.29109013940615 759.0574102672696 269.9209064168099 583.7580279006139 Oyster-Closed 0
0 0 69.863446 0 69.863446 235.939643 0 235.939643 Oyster-Closed 0
152.73656599994865 0 152.73673000025155 126.20034239215398 55.614774949572165 126.200217086269 55.61488603489124 1.677266544950057e-7 Oyster-Closed 0
329.02932240700466 448.7395462215019 222.3869375744107 499.58742809055184 31.157385016267654 98.54457361370171 137.79249389626784 47.69861413724715 Oyster-Closed 0
310.03881090320647 637.4181100031719 225.3901013333234 594.8845363686964 321.88318526750663 402.89515716636964 406.5263501147274 445.42709352451993 Oyster-Closed 0
306.5481374019146 640 181.4772809999704 640 181.47814118325186 613.4430729999999 306.54744363433565 613.4430729999999 Oyster-Closed 0
639.9999999997817 0 640.0002743043297 161.31693075956733 529.262277828675 161.31666477558633 529.2625589999807 0 Oyster-Closed 0
431.56230376509484 9.570493271776346 462.4422859709739 0 572.6119304549502 26.22775937400342 541.7320050793933 76.81769648528508 Oyster-Closed 0
593.6648256859189 136.79641808527458 644.8321717087674 138.89700528461054 635.3842043672921 369.02679814097735 584.2168617331481 366.9262569279244 Oyster-Closed 0
640.0002919114922 310.1020239999999 619.3075211247196 310.1020239999999 619.307869627155 122.53653399999997 640 122.53653399999996 Oyster-Closed 0
327.6627774584631 1.7081968769965796 424.2644837359694 0 450.0401695453911 62.0443414230313 353.4384968336235 90.18652465213208 Oyster-Closed 0
640.0010621953697 640 547.3142454953631 640 547.3159285988368 572.8395059999999 639.999903678181 572.8395059999999 Oyster-Closed 0
