540.5520086256729 141.54594617353496 650.9414409573219 241.7810471174728 515.2986368512938 391.1554841023211 404.91110872237186 290.92236801311424 Oyster-SemiOpen 0
640 0 640.0000636621553 79.49685581580707 526.1255030270695 79.4967854273134 526.1255743692891 0.00000428801666530108 Oyster-Closed 0
581.424061 79.496855 640 79.496855 640 226.415094 581.424061 226.415094 Oyster-Closed 0
621.409256464176 80.50294605457768 555.4949206030142 178.75644111977323 464.860753729954 117.95370319380933 530.7750318230683 19.700550321367217 Oyster-SemiOpen 0
279.4656026594748 460.0971298379213 256.295465654257 321.1971142158045 394.1405549337651 298.20539396272045 417.31283874469227 437.1026493019429 Oyster-SemiOpen 0
529.2360045880196 353.7381514979217 673.2124278564879 380.9600667623858 625.7726468270994 631.8266201230715 481.7965148946678 604.6059719417317 Oyster-Closed 0
286.1196512884635 443.7077213786833 366.7497006598569 411.6356717140212 432.2101055478561 576.1768543258042 351.5806712858466 608.2478266333295 Oyster-Closed 0
424.0217549623776 340.5322842135125 541.2652779786004 385.36621842388615 434.22808267045184 665.2261375864805 316.9858909258619 620.3946727419807 Oyster-Closed 0
447.88680100529746 0 447.88700476739905 121.52888437341295 337.28976091966615 121.52875828923193 337.2898728171276 0.000032223288786079746 Oyster-SemiOpen 0
171.1074611928052 143.3255960429001 247.85336123008165 69.79308146971171 372.7696313002525 200.16658400930157 296.02464345793123 273.6982288669841 Oyster-Closed 0
224.556246054417 394.11075482902925 161.75477350567235 407.3832370919172 132.4186843980715 268.58040382262095 195.21804262141814 255.30815167227135 Oyster-Closed 0
122.57321907462028 387.2660051005049 234.97461778708384 403.1013684852718 209.75235092482762 582.1028693416915 97.35105365296477 566.2680216260308 Oyster-Closed 0
354.57609232158575 597.0740095122638 281.5202888144995 630.7563471370693 218.85630758362822 494.8670882931252 291.9082900963258 461.1857784126504 Oyster-Closed 0
93.44201854066341 305.15461959396765 150.70506628027942 322.5507165611456 103.62201223346347 477.5181813701321 46.359141273933346 460.12249324233335 Oyster-Closed 0
96.47170313161041 490.59050149265613 3.8844710362900514 496.7670372938526 0 339.7999831290491 85.99631800003408 333.6236099999982 Oyster-SemiOpen 0
0 489.985485 121.297261 489.985485 121.297261 640 0 640 Oyster-SemiOpen 0
400.7354172736814 339.04230966665637 298.46230205730535 311.15515963515827 334.28220409245114 179.80041013074597 436.5529480847181 207.68723424017335 Oyster-SemiOpen 0
424.6968459220807 369.42338227772666 379.3308284732484 347.09816774824276 477.7231262654095 147.17326376124583 523.0875555684906 169.49801779641535 Oyster-SemiOpen 0
539.6121850663621 188.48570558344719 445.8895879999909 210.5466870000035 413.3526889648783 72.31845483155251 507.0740874155308 50.25761753658908 Oyster-SemiOpen 0
439.7425142487191 192.71224873734764 364.1137035567226 182.4821723506234 379.06843027070863 71.92964178089973 454.6964225351985 82.15966214049718 Oyster-SemiOpen 0
159.29725100002543 639.999999999998 159.29991968878312 563.5199724291645 255.55540138586366 563.5229902934154 255.55438084840716 640.0013802922347 Oyster-Closed 0
81.03648363372486 271.8091072943676 2.0807072827301454 165.307679278482 143.6631757293071 60.346867535444474 222.61848006637592 166.84711392409727 Oyster-Closed 0
0 0 67.63482 0 67.63482 208.980778 0 208.980778 Oyster-Closed 0
106.33029199852899 264.4292396014347 125.38190250954358 347.79298458773036 2.067843913609977 375.9708805408948 0 292.60838955436816 Oyster-Closed 0
76.22309259350004 519.098287486584 143.3414491808071 492.8856964740071 194.40765738741902 623.613172915861 127.2897388117417 649.8249737310067 Oyster-Closed 0
344.8625336711848 639.549610550912 262.92261104383215 682.4521804976589 162.935197406332 491.52563939838416 244.86903171979066 448.62500156650515 Oyster-Closed 0
330.4737021012261 482.28217374062274 287.59425323420146 516.3965468539175 228.7796977324615 442.48149382713075 271.65828090146533 408.3676541116682 Oyster-Closed 0
315.61853587292717 272.0974590375348 284.74865919168224 309.9495544491442 195.05313562302035 236.80238697714742 225.92277793824906 198.95070863910306 Oyster-Closed 0
126.16234345230623 294.5863720217362 93.90939610377245 236.78098451077386 201.26595315006853 176.88302933400908 233.5189234704012 234.68778807699755 Oyster-Closed 0
407.58348970244697 190.24411724401514 337.07509277657664 226.1530332020054 301.25791956539615 155.82566305560118 371.7657204501302 119.91692873540441 Oyster-Closed 0
528.6373630000162 0 528.6373880057363 56.507021280692776 444.7524261997023 56.50699613000285 444.75245400004496 2.0971782430900066e-11 Oyster-Closed 0
219.49827049473242 136.03880207318656 134.01691707287682 88.51993272175329 208.17921375601145 0 293.6601003303804 2.629624564244213 Oyster-SemiOpen 0
193.12384899996687 0 193.1238961188501 56.5070121973164 58.47292267411831 56.506980927578915 58.472957865014905 0.000010152446204102537 Oyster-Closed 0
197.21224229084328 270.48748483874533 234.63418497362 264.1433873312111 256.4877753178007 393.0414560253738 219.0658577299473 399.3854499012178 Oyster-SemiOpen 0
432.873796 554.233187 617.42024 554.233187 617.42024 640 432.873796 640 Oyster-SemiOpen 0
417.3139094738144 657.7861625764489 371.5702252959454 622.4900140523483 484.32630963048723 476.39698593803354 530.0675445944216 511.69170222536025 Oyster-Closed 0
