639.9999999969441 0 640.0010957907216 174.49587649348646 271.07854974769 174.49485627260987 271.07963800001016 3.434999055980598e-11 Oyster-Closed 0
0 32.717978 121.164377 32.717978 121.164377 530.758308 0 530.758308 Oyster-Closed 0
438.7957192234171 362.9949607451354 305.6640370142122 482.9665533512075 0 113.98747697437838 106.27333998709219 0 Oyster-Closed 0
640.0066000094375 461.68702199999996 454.7010133053118 461.68702199999996 454.70890610595234 177.416568 640 177.41656799999998 Oyster-Closed 0
640.001954852778 594.3765970000002 576.8226284685807 594.376597 576.8246977614763 425.33371200000005 639.9999849376763 425.33371200000005 Oyster-Closed 0
509.84504019710585 372.6023551640376 509.862728529406 639.9975687772975 106.5588909915823 640.0004928316062 106.5613803800079 372.62613316123435 Oyster-Closed 0
270.8621282225067 639.99999239249 270.8820062188897 461.6724511249331 628.7349771825393 461.70972143932033 628.7281612231163 640.0234295754649 Oyster-Closed 0
569.2742869830545 181.76296170841124 527.6520853476541 349.4375170117904 359.2389641988848 307.6318614764488 400.86284500001057 139.96023799999537 Oyster-Open 0
58.96846795170859 116.84449736340338 38.60173093919002 9.43018678857515 273.4971745871735 0 293.8642294334568 72.30544401314978 Oyster-Closed 0
177.22395324220997 102.70263547993568 255.08459712080366 13.272745744357227 523.365144733325 246.8434927159334 445.50675090868026 336.2713188541701 Oyster-Closed 0
88.98577897904033 654.1087926389212 0 637.7398951997272 67.66860360912688 121.19064651651416 170.89200382142735 137.558071751448 Oyster-Closed 0
