221.0785315634712 379.30056653430626 202.31215421190427 247.95419234546497 277.13705922520603 237.26447672823736 295.90438624793023 368.6096832273605 Oyster-Open 0
220.62192500000003 0 308.992069 0 308.992069 82.198328 220.62192500000003 82.198328 Oyster-Closed 0
440.88011734631436 221.56499855177432 348.2601254110341 177.79687802913588 405.05595558002824 57.61167493023143 497.67487950171926 101.37950002908309 Oyster-Closed 0
592.7148112029681 194.35729803634334 489.1890693577443 154.61856383012278 524.5339854616759 62.54180911308766 628.0588259221258 102.28034988244183 Oyster-Closed 0
640.0003119747271 213.326798 594.5789044482808 213.32679800000008 594.5791757246479 106.67379399999994 640 106.67379399999993 Oyster-Closed 0
499.8784245594288 0 499.87847965014225 77.41939857561184 402.28279337759886 77.41934467928195 402.2828473143454 0.000004976112058314163 Oyster-Closed 0
5.14950418175431 111.12376532071326 50.647676262960886 23.361625024133957 141.2942865025252 70.35500413090645 95.79646145517472 158.11684546972276 Oyster-SemiOpen 0
294.7551948369073 362.7509090349223 321.1765564241796 470.1100614452884 213.88242892979179 496.50973487978695 187.46326541535382 389.1524826928851 Oyster-Closed 0
181.9560543087573 292.70616104191197 238.19021616189275 338.89560209415924 165.83169532190368 426.98069405192564 109.5981702091376 380.79195487392496 Oyster-Closed 0
164.23110676259967 281.4490683958175 105.73735579149798 265.0551154170399 129.9645881057222 178.61759875879883 188.45749212006922 195.01142583789064 Oyster-Closed 0
106.45052860512806 162.3287505282105 138.77930646543973 219.17629106902172 42.52799601192237 273.91110745962214 10.199806849268498 217.06407511272204 Oyster-Closed 0
0 116.606929 79.769546 116.606929 79.769546 211.24643700000001 0 211.24643700000001 Oyster-Closed 0
200.18579309013148 389.0074505758495 214.57936140497623 450.6903398094565 143.98413367911417 467.16041070345995 129.59138654325216 405.4782302032471 Oyster-Closed 0
135.9422712741798 425.45637724020247 45.56996543324203 420.86588059742246 49.86129531447659 336.4127457049068 140.23142795602325 341.00318684849196 Oyster-Closed 0
0 434.0448805869721 2.6753357283450896 369.5300142688274 88.72011438223126 406.6883456282199 60.85692728534923 471.20227618798083 Oyster-Closed 0
91.16179293880123 482.4213265157544 70.41320853197249 530.1981092823662 0 491.77887891417635 2.6822982429439435 444.0029443629595 Oyster-Closed 0
0 487.933094 53.064283 487.933094 53.064283 602.671414 0 602.671414 Oyster-Closed 0
83.70438767509768 617.6131493550771 0.4522087531222496 631.0665216870394 0 533.7926840825983 67.97989174738177 520.339606338283 Oyster-Closed 0
172.02376666384225 597.3702147291339 172.02484863337304 639.9998608857014 59.55626799921447 640.0009320877547 59.55628830335627 597.3723985072995 Oyster-Closed 0
165.41619499999797 640.0000000000196 165.41764620393224 588.2904370161439 245.21783224699902 588.2924048009521 245.2173229901382 640.0010268317162 Oyster-Closed 0
313.619789509612 504.18513857995504 373.2924076994095 521.5536947933327 337.2280086598039 645.4294503187508 277.55559335397265 628.0613738072373 Oyster-Closed 0
296.8513142781012 623.0158467301047 214.63462863845052 618.6742433393051 221.06471897030133 496.97971132686666 303.2772774006298 501.32120615160534 Oyster-Closed 0
187.89851675617683 608.0343811969849 147.528172828097 550.4295106762253 275.5725663456542 460.7133605914615 315.9423936600797 518.3164352350532 Oyster-Closed 0
305.1595774052839 388.0339211083648 387.6001531349175 377.08221405432505 401.4815739689948 481.5630691455626 319.0410354911728 492.5145899304782 Oyster-Closed 0
342.6586836115166 309.0781014767257 227.15776560056838 258.40597050421997 288.3267417267052 118.98701807059714 403.8252675019612 169.65855193295658 Oyster-Closed 0
334.18242753847153 259.3565971889824 350.07145043717173 311.0112211851055 284.27445015870035 331.2486626434104 268.3858846505609 279.59442818556107 Oyster-Closed 0
312.23910412933037 365.6289100203219 319.45446286983497 288.85827180722276 440.07086049234204 300.1933324670934 432.8567481848586 376.96281613307883 Oyster-Closed 0
499.66001177985163 501.9389645888175 482.1786130296823 590.733245125574 389.17049553339893 572.4246185649943 406.6531489999761 483.63201800001025 Oyster-Closed 0
490.0422203555354 452.80965879566287 582.5730381444009 456.35663507696836 578.0475841517909 574.3912627902934 485.51677052877494 570.844366535631 Oyster-Closed 0
640.001584079364 640 558.2299801829504 640 558.231341746723 558.843108 640 558.843108 Oyster-Closed 0
572.2508011175523 589.2307457095195 547.7596282424929 534.4975121071915 636.0712673352828 494.98969297124034 660.5627338787599 549.7218512806998 Oyster-Closed 0
651.5250126107276 506.53213770838477 575.8316896046745 523.1171517387164 549.1902121846942 401.53870800920373 624.8804687954544 384.95404167389034 Oyster-Closed 0
615.6583175480046 438.39219501069465 527.3127907435992 457.61546879417824 501.8511435329856 340.6077634021452 590.1937725389143 321.38481237804507 Oyster-Closed 0
106.4297707744845 43.30455819889395 187.80800426662609 16.15558030843481 218.3806271362846 107.79588371632828 137.00243495666655 134.94478474727651 Oyster-Closed 0
251.07410614094988 196.24250369307347 206.04700893316476 164.76481848897666 257.3316632786009 91.40645164849622 302.3584493853559 122.88398337438765 Oyster-Closed 0
113.63766869115352 309.41108344850386 86.09835264353023 347.6487417834991 14.242273787240265 295.9001656987345 41.78146178848692 257.66289331327454 Oyster-Closed 0
154.4064134483051 338.51440068470373 110.29087005284964 355.6672990204386 77.97494269456365 272.55891561804754 122.08967604448844 255.40619399522015 Oyster-Closed 0
0 306.49236 48.709385 306.49236 48.709385 378.494623 0 378.494623 Oyster-Closed 0
48.223835000026156 390.919952000016 21.37154598836787 377.25578299025005 48.635231562075205 323.68385266755627 75.4871719951916 337.3479156530442 Oyster-Closed 0
