0 404.7340716529852 3.6256879094435135 287.30146135947484 156.49480702457367 320.6858371062884 130.8495179170859 438.11600531091926 Oyster-Closed 0
513.1326504956087 334.5598939615753 539.0983304897236 427.7519663479311 328.8178172350308 486.3286854456174 302.85572147804487 393.13964925213315 Oyster-Closed 0
258.30767401152116 1.5157127128605912 257.5938755691459 99.57418497624622 44.335274722543545 98.02117106333031 45.049482971880934 0 Oyster-Closed 0
615.285154948433 446.3996768026783 632.6965944375843 479.4202054629957 509.2950123110495 544.4750721116252 491.8845545654767 511.4553845483622 Oyster-Closed 0
341.62428424191603 597.278898701966 332.6523546729004 499.72862596710996 576.7149708343641 477.2843541095939 585.691177501285 574.8296188666645 Oyster-Closed 0
232.52319500003068 639.9999999999958 232.52650151844136 589.3094738497394 413.8504921747517 589.3183838159666 413.8492878416582 640.0068192083858 Oyster-Closed 0
0.926438 129.86972 82.452954 129.86972 82.452954 240.536912 0.926438 240.536912 Oyster-Closed 0
430.1207031359081 249.12713748069837 296.84780758121633 302.3050306476297 232.5215374543768 141.0948558620372 365.791568537461 87.91760152226387 Oyster-Closed 0
288.4656420400279 254.0984227335768 207.81620115034457 321.23689906601817 76.99887721173582 164.09775520294542 157.64687971604872 96.96024842806183 Oyster-Closed 0
555.2706755844702 196.53440748239873 582.879142934471 268.31126038239233 456.7413528428733 316.82564560806003 429.1339771378989 245.0497172020901 Oyster-Closed 0
638.6968893825542 222.88754262584715 704.7062800768617 279.23901749064487 591.8794089117728 411.391929500222 525.8710325665015 355.0415823423559 Oyster-Closed 0
268.2286677566299 390.785778341805 250.01345107957604 277.0639422560273 504.95541981254064 236.2297938622008 523.1733851107856 349.94817155565454 Oyster-Closed 0
