675.9787657282868 592.0561512053081 398.92608238405955 647.3242488579033 292.3779791587003 113.17188758487552 569.388770052683 57.90830298140217 Oyster-Closed 0
161.3356322049367 570.8858158275011 60.15414218425576 170.67167221041518 282.34593131892325 114.50679254898418 383.53528430714505 514.7079828394054 Oyster-Closed 0
57.392314691169304 507.9498962598576 0 472.6739699688329 85.28533089309349 17.536560162955872 198.8123440065101 52.811243441535126 Oyster-SemiOpen 0
323.48014342023816 164.67303202933334 171.65519115354982 174.46446208325222 160.43702503062377 0.5055172933860773 312.26042163936654 0 Oyster-Closed 0
640.0018001066201 356.846595 552.9960570776166 356.846595 552.9979293249926 61.70551 640 61.705510000000004 Oyster-Closed 0
630.895617198621 0 630.8956996054621 90.64565260126174 520.4122590686165 90.6455658257646 520.4123483873991 0.000010813911027455167 Oyster-Closed 0
450.05735200000345 0 450.0574025530659 69.56524348969901 333.9108261507499 69.56518865704625 333.91088199998194 3.4572629387508425e-11 Oyster-Closed 0
527.4767479997536 0 527.4770016899129 113.83404110930417 295.45423555326124 113.83372498039034 295.4545450000296 0 Oyster-Closed 0
266.25934053445235 639.9999974978084 266.2600771606958 607.1139116719825 334.1726983846456 607.1152861783569 334.1724799945223 640.0008493796549 Oyster-Closed 0
399.24382539626095 630.3792630187886 349.0255487822287 662.6498372962715 292.8704573676805 575.2851337448535 343.0870103662892 543.0152964775075 Oyster-SemiOpen 0
640.0005054370558 640 591.0549229999742 640 591.0555587139243 588.142296 639.9999854360794 588.142296 Oyster-Closed 0
