504.87084866006626 515.1241763324773 314.8971061874181 473.4609192651043 414.929343193362 17.41859433965431 604.8863056430855 59.07995346511521 Oyster-Closed 0
364.10055302687397 432.54593 210.51012861484196 432.54592999999994 210.514160591556 184.77690500000006 364.0964497115783 184.77690499999997 Oyster-SemiOpen 0
0 335.8578060646089 61.684149561988306 151.07152760212392 214.50948753306875 237.63776361674394 109.83967027350445 422.4204576430088 Oyster-Closed 0
0 409.44881899999996 208.747278 409.44881899999996 208.747278 640 0 640 Oyster-Closed 0
244.5730855799775 513.052444328169 240.142331189345 417.98713173389694 435.5739047482348 408.87942802229406 440.00766869139625 503.94139645730104 Oyster-Closed 0
605.2102305243898 614.0504234266973 475.05124015253386 602.6533298527077 503.8952892502857 273.38415636102076 634.0401188882242 284.7806250476333 Oyster-Closed 0
294.4615630000044 640.0000000000093 294.4701737900323 503.92874115086795 491.2042252849642 503.9391046568235 491.201304243441 640.0047947999717 Oyster-Closed 0
243.64899553482246 697.383219560445 145.50672045181273 630.0383309913387 262.43075737700565 459.69211045194515 360.56694300001254 527.0341190000188 Oyster-Closed 0
365.66852175928943 205.67805320841896 252.09773611997662 137.47508171474163 364.5460693606583 0 478.1157195887499 18.432686447421077 Oyster-Closed 0
278.0203599228844 215.48784945425624 181.10024914894893 191.678885376341 233.51613660823205 0 330.4349892008031 2.1214756505157837 Oyster-Closed 0
215.6603755777178 201.6135051063219 159.01110769329534 201.4882594400645 159.45718471557484 0 216.10562848516565 0.05529891380041503 Oyster-Closed 0
34.515592218667734 146.4338673370995 44.75550694296544 0 173.7030909999885 1.224513552363454e-11 163.46375580440508 154.95461089466644 Oyster-Closed 0
0 0 78.111754 0 78.111754 226.771654 0 226.771654 Oyster-Closed 0
507.24626622999494 8.020094505515411 614.0206992065214 0 695.9775164134044 301.8876884661106 589.2033361991344 329.1381718082797 Oyster-SemiOpen 0
