226.73656580853276 187.65058270273826 294.66449446903425 241.59914308202542 209.0266298831557 349.42142207616416 141.09935645923542 295.47360080080176 Oyster-Closed 0
446.62916524153843 353.98623480236256 416.9661623167485 305.7321134468858 508.36187417175097 249.55262027586207 538.0248425152968 297.80617795237083 Oyster-Open 0
303.1447306206974 451.3157771696041 303.1457632916863 378.94691849267826 423.53545212921745 378.9483020650607 423.5357719338208 451.31579597799237 Oyster-SemiOpen 0
436.4750568641466 319.7793353260237 581.0039561422309 285.5517446791939 646.127517203131 560.5112201441136 501.59916895056085 594.7373010035794 Oyster-Closed 0
0 403.947368 63.30556 403.947368 63.30556 640 0 640 Oyster-Closed 0
395.255821581959 425.2280530594556 503.74118337000255 399.16672176575133 556.823202930027 620.0919784537391 448.33825889531 646.1521639543714 Oyster-Closed 0
178.48158564993355 543.4991507477225 230.46763132362685 530.9598304349653 254.26037370751146 629.5768822315814 202.2744248881645 642.1159253586615 Oyster-Open 0
0 122.422052 52.01898 122.422052 52.01898 190.18182 0 190.18182 Oyster-Closed 0
88.49896853447717 270.8095665585561 3.7170404219796183 213.57495091123894 56.460448932266445 135.44924078397852 141.24151142968913 192.68345403196173 Oyster-Closed 0
136.2412881716591 138.73308224871687 212.14318968857697 140.3288076853336 209.11841860412096 284.2003685476316 133.21651753387414 282.60466077769183 Oyster-Closed 0
526.9336674328952 289.7657862634798 474.37231711250206 244.6815765254587 538.1242251766525 170.3599681875056 590.6850563133048 215.44380704777777 Oyster-SemiOpen 0
385.39694835031696 144.97934211583592 464.0116888497869 167.97925988953324 422.7468339953339 309.01937802198415 344.1322055886121 286.0197403840822 Oyster-Closed 0
356.76522236826713 292.39193123579685 400.0208929044311 334.3923445911719 337.38629558924004 398.89273465898384 294.1311094820412 356.8928086084111 Oyster-Closed 0
156.33075184647168 410.9855049887562 186.76701515665627 382.96684823601834 243.91228981810855 445.03485509678745 213.47638702296535 473.0531363291949 Oyster-Closed 0
128.33970414096257 418.19000856170203 139.8242669163301 363.0933803851557 189.73066596212448 373.49493795821667 178.24657676792413 428.59115238804094 Oyster-Closed 0
113.64974290161626 166.02313517994173 93.02195643467712 106.15800253119625 191.56229166386765 72.20417511335076 212.19021488985163 132.06902016458898 Oyster-Open 0
