543.2498758837028 122.45439715834127 523.3775514453009 160.73566411439634 430.19994701142423 112.36618430662207 450.0722918489919 74.08509799894921 Oyster-Closed 0
292.35755506088026 134.41610051012708 317.9479675424227 89.22856074493515 399.32052788484725 135.31058299765147 373.73036279204825 180.49790927706638 Oyster-Closed 0
628.4159391285357 109.3093433807809 635.8434999798192 146.86738569406995 536.6733824458788 166.47890800242425 529.246046053886 128.92106765578572 Oyster-Closed 0
490.341186513906 196.43165341197644 548.8370821387798 153.61329565167858 591.9594059365045 212.52295169588635 533.4637188078341 255.34106904838947 Oyster-Closed 0
338.29738271888345 173.12968008305208 410.90594864181185 162.20269624787048 429.3817769117595 284.96826455504464 356.77323383220937 295.89513133661876 Oyster-Closed 0
434.71393611653184 190.0720199746145 499.8412096282118 199.4719602990398 488.35639501266996 279.0411561090416 423.22913674979645 269.64128185228896 Oyster-Closed 0
156.58438761078287 279.8760328000889 86.21373194808257 327.9361433157101 19.19341991597321 229.80740543215248 89.56293800096319 181.74783330192696 Oyster-Closed 0
600.105509 237.220077 640 237.220077 640 316.01532 600.105509 316.01532 Oyster-Closed 0
415.25392899999997 266.048906 463.648549 266.048906 463.648549 341.827542 415.25392899999997 341.827542 Oyster-Closed 0
545.986438761829 276.06190061065166 583.3120209538902 262.9899591779543 631.4201883180795 400.3475662159173 594.0947255960782 413.4192701942229 Oyster-Closed 0
418.15810333398986 390.41014864092483 433.1897897093586 316.918345845019 531.4643701654859 337.0169867467519 516.4338228444831 410.50779470770317 Oyster-Closed 0
0 307.232946 82.762258 307.232946 82.762258 426.66666599999996 0 426.66666599999996 Oyster-Closed 0
434.9617259627121 339.6912931600168 426.5247962785361 406.32602588965494 325.5015654035378 393.53514205189725 333.93927272743895 326.9013234494711 Oyster-Closed 0
110.43821865314385 285.15703371725573 215.92242444014119 313.54216525465966 161.9358963225386 514.1431691701457 56.45201460385579 485.75891347558587 Oyster-Closed 0
511.36642213481537 367.6544622949024 566.1397606832907 405.7517396845876 510.9986338683666 485.0183758889782 456.22577122368966 446.9216758967543 Oyster-SemiOpen 0
354.26735543689574 412.68209355530894 334.23168942965276 487.2953414480976 242.922492171856 462.7786688548156 262.95887898777437 388.1665578673759 Oyster-SemiOpen 0
296.09120246910607 529.8114239284328 280.1352381694596 476.88305315818434 377.65054361087095 447.4905222007805 393.6070662230486 500.41791933306206 Oyster-SemiOpen 0
205.58879086929664 442.7768257967051 283.6704665081197 479.2337448958971 234.83205281001574 583.8127801165833 156.7508664901834 547.3566618477195 Oyster-Closed 0
159.92080008232733 642.4791104325734 33.93489347756258 639.8607039306605 36.91913693619426 496.5322550204127 162.89727999996103 499.15057999999937 Oyster-SemiOpen 0
543.7101828362211 538.7026996260082 629.9479067589709 514.6125100413595 659.366523009594 619.9004563575746 573.1290246920253 643.9900806536797 Oyster-Closed 0
269.68759399998817 640.0000000000075 269.7008629186166 518.9011688618904 573.0662712005142 518.9266625580173 573.0609176726284 640.0178123384303 Oyster-Closed 0
