313.0333950000204 153.32381400001492 323.1703056942206 107.16383334741222 411.02538912629825 126.456825482329 400.8887267127284 172.6165897145949 Oyster-Closed 0
392.5855451422831 108.1347755821404 444.38315200590296 103.2831899075569 453.23756241261435 197.81523781218414 401.43995913575054 202.6667969048785 Oyster-SemiOpen 0
113.28679637997993 313.15949045719134 0 269.15378369640536 67.46269541843503 27.37809107311492 196.03621501395537 71.38324021722443 Oyster-Closed 0
433.2356674987386 179.09233189936828 416.1842214756325 253.8390935588383 271.9299419184972 220.93122234978483 288.9819574433204 146.1852674330488 Oyster-Closed 0
409.3095036626619 240.46494088064466 405.47480288121733 188.1631415416719 510.57482197320496 180.45730886137022 514.4099223984813 232.75868422445814 Oyster-Closed 0
361.32426111864334 238.61626742052425 334.15734358975897 290.28282129171106 241.87106267971103 241.75898805967282 269.0380524554348 190.0928858746856 Oyster-Closed 0
314.8636765383708 216.00780978973572 404.2018921401177 253.84330305430953 370.5436438265315 333.3135021495684 281.2056280000252 295.4783450000024 Oyster-Closed 0
50.5557338026847 363.49603293866954 30.43210080017161 329.45119921361174 104.00846475778962 285.96428177538303 124.13208410886 320.00875675977807 Oyster-Closed 0
490.1462290722702 338.67868654197474 454.78043601702666 402.27585610587107 354.2121346460772 346.3548015542116 389.5779653424688 282.75857654551936 Oyster-Closed 0
635.111232947238 369.55087028007335 644.9260059945664 464.06113425380363 446.83265191219107 484.6258495538422 437.02116245098296 390.11866953427943 Oyster-Closed 0
0 491.57946884633884 108.07754221495998 291.3901068113993 323.98073787262547 431.3917730146807 194.1630345507292 631.5726969000727 Oyster-Closed 0
352.4807760169642 545.612513389366 369.64673305672477 445.3170822252764 510.1824388984096 469.3655214605503 493.0195279871259 569.6582513793402 Oyster-Closed 0
338.7724041594629 649.2275434708495 190.81342220320948 639.8700578068231 208.2481292886223 364.40519156814474 356.19183798567974 373.7621938826958 Oyster-Closed 0
491.51216530401143 528.1264143885471 530.3124349518475 460.1108804596429 630.936581870119 517.5023323363976 592.1381191320688 585.5162983280163 Oyster-SemiOpen 0
0 557.6116181555873 10.021360421305872 502.95802497282466 126.77780884994718 534.1249790875993 112.18690141155093 588.777210161744 Oyster-Closed 0
589.8097314582265 640.0003581443793 589.8119378253614 479.70539572037126 640.0005296287418 479.7067250143451 640 640.00000000002 Oyster-Closed 0
470.49842611304484 559.6783216621615 517.0786068159214 513.3655384030544 619.2606433068431 616.1126633018232 572.6819160208834 662.4239888786633 Oyster-Closed 0
115.50187112799904 586.3597878954561 156.61700502998428 546.3199246619745 217.97694474946184 609.3118253231123 176.86259490721568 649.350899446 Oyster-Closed 0
351.43017540445726 639.9994722676223 351.4354183503019 554.4009061454128 548.7678289225005 554.4110808616986 548.7663259042893 640.0058588174356 Oyster-Closed 0
0 639.9999998755836 0 563.9321170000003 166.7067660426983 563.9397674920452 166.7054219194688 640.0048114548013 Oyster-Closed 0
