393.39972097295686 282.9430984678236 348.0011049332097 291.56943990672363 327.3136425895791 182.69843057308316 372.7113828730944 174.07217630103847 Oyster-Closed 0
388.7078733625094 285.82315941377976 378.79585336915625 189.13211556672795 482.4747000414209 178.50421265229016 492.3874851860455 275.19436091689454 Oyster-Closed 0
620.4134391983098 265.1674212545945 575.1772784208879 358.7621649260591 513.7941191696154 329.0960424396622 559.0304206527071 235.50202167359132 Oyster-Closed 0
198.90919686229608 273.8881704058555 291.8476086458395 198.9721605785051 377.52388194152445 305.25423967211896 284.58648459331016 380.16913993494035 Oyster-Closed 0
46.0422569255752 349.03394205271763 86.8012350936624 260.3284826326004 178.89786046544032 302.64265246486684 138.14014799529104 391.3470405179447 Oyster-Closed 0
0 270.809917 90.5106 270.809917 90.5106 456.991735 0 456.991735 Oyster-Closed 0
563.8320998788549 487.32316071155566 413.7990581070335 507.1359301115927 383.92302359774476 280.8904354984679 533.9465590025793 261.0782956203535 Oyster-Closed 0
124.43148971651681 409.35219513428996 152.4825597180461 311.33924539751393 318.2151746938325 358.7665380236428 290.16695829581295 456.7770185410865 Oyster-Closed 0
235.17329362344753 356.434747299944 306.430997759162 479.17355543994245 14.349626958864974 648.7030509470271 0 525.971930619021 Oyster-Closed 0
491.1666657193564 418.5537796811162 524.1237299510249 515.9441847497347 296.45962230897567 592.9632155056983 263.50771080411505 495.5771668072515 Oyster-Closed 0
67.43162517035671 58.38570926274964 125.73601048432465 56.24318968782759 128.50833763703122 131.68612346113903 70.20395250976435 133.8286373802774 Oyster-Closed 0
147.72972531492996 130.35869671038506 128.62727818690473 185.41143500043654 66.45154902907962 163.83755984922738 85.55409396816685 108.78500831503088 Oyster-SemiOpen 0
279.54463571164524 137.80820368156353 332.83798811120505 106.30310580300528 377.94669418392004 182.6068739640209 324.65346556084114 214.11180598064016 Oyster-Open 0
222.1672417112859 233.72804109777496 170.86467907443875 250.4883319233396 135.7562251998752 143.02471380988638 187.05805352139578 126.2645508963858 Oyster-Open 0
73.69863421103219 252.86762779879433 129.8862485418067 153.22291446556764 200.3971880600875 192.98163790935845 144.2103863129887 292.62564374933083 Oyster-Closed 0
61.012384368732455 155.19349408185246 115.11148313198646 175.75272815600388 68.88481575850165 297.3881031636824 14.785835853253957 276.82909351455504 Oyster-Closed 0
484.5513012792071 200.84457576531267 543.068902168452 102.08422289109697 698.5155179001595 194.18784903456825 639.9994548193354 292.94688610901545 Oyster-Closed 0
