343.3791755888524 239.78730935998897 321.57363251273637 107.17120756925098 450.7761115762696 85.92740894723094 472.5825065405661 218.5424184326863 Oyster-Closed 0
461.1102832632605 221.37973804116544 482.3771503329772 191.27241139813205 541.8001775599987 233.2454588818135 520.5335178742098 263.3525998682999 Oyster-SemiOpen 0
0 178.571429 127.745432 178.571429 127.745432 362.5 0 362.5 Oyster-Closed 0
520.0635235544178 227.01170843154088 523.7776018073055 350.15987844664676 376.0221497628663 354.613513483406 372.310064139092 231.4672285619918 Oyster-SemiOpen 0
213.6323196898593 286.05253855657077 305.55307182163233 192.12527839210588 419.78193575960177 303.90809961277625 327.8627835505904 397.8337457814333 Oyster-Closed 0
589.8211722644191 417.2258083862049 552.8306977063039 384.7476159084342 625.0773284838942 302.47241858115325 662.0671553763532 334.95012458357616 Oyster-Closed 0
309.7684489700623 516.196241862207 222.0785402040201 515.1269241506556 224.92806857073447 281.72067588455184 312.61213357582164 282.78995889118244 Oyster-Closed 0
306.93728473263036 535.7148012959119 306.94319292182627 335.71211137588534 558.6939739342779 335.7183074902628 558.6962539434171 535.7128573990962 Oyster-Closed 0
19.791668000034406 530.3571430000203 51.69262544513913 432.9126694936281 182.10897306809784 475.5998408716521 150.21092863629747 573.0418553932225 Oyster-Open 0
640.0001899446943 170.22035100000005 555.6058545885026 170.22035099999997 555.6062387728161 82.85714300000002 639.999940342459 82.85714299999997 Oyster-SemiOpen 0
