534.8002598247695 624.5226864977276 488.6567664299946 622.3196620619293 499.9330293935782 386.23341316131615 546.0723171634163 388.43633521676105 Oyster-Closed 0
493.38081303947547 565.1827671668879 432.61809273106337 563.9297042682678 434.2734575529903 483.7234740305132 495.03428407864703 484.97651744317886 Oyster-Open 0
453.9387924267794 639.6992590066927 365.3179911249026 649.9726203899252 347.2743723945314 494.3345660014234 435.88936967076734 484.06154451391376 Oyster-Closed 0
293.5701454088121 509.5759459478868 363.8635525180871 517.6953034729642 348.7951645944122 648.119128988583 278.5017979999975 640.0000000000005 Oyster-SemiOpen 0
17.101227582606953 522.0198510848671 86.59586708083225 508.6551127722912 111.74727340607205 639.4078003852345 42.25273820986331 652.7721534545769 Oyster-Closed 0
116.3411888518749 639.9998717253794 116.34538681464619 521.5673098416579 233.06521281585447 521.5715551662661 233.06400426037726 640.0011170130394 Oyster-Closed 0
152.8398681822 7.870567867382326 183.4686345490627 2.3433710290745795 208.3295545054716 140.1088810871949 177.70079391520994 145.63605778930963 Oyster-SemiOpen 0
26.426075007766485 65.23170959545125 83.3139636121632 71.90527991203449 66.48456455055566 215.3632850876704 9.596682336195954 208.68976497720962 Oyster-Closed 0
468.2458557344944 98.69704220408481 511.70866379172367 93.66460638301669 536.9522346302256 311.6762189156198 493.48944067671255 316.70857227020366 Oyster-Closed 0
323.96865343784157 303.6981877826931 273.3624158689054 304.31497331292485 271.0221855216514 112.23149739362553 321.62696395003877 111.61472057484005 Oyster-SemiOpen 0
241.4378629260318 197.58630971508762 339.4295374061039 235.53851292193383 290.9190220000164 360.7843150000053 192.92760967015056 322.8326328383225 Oyster-Closed 0
455.52699292507896 198.41570924828662 494.987426934822 206.19427455056058 463.04135780279466 368.2470587430421 423.5809615463222 360.4686279862507 Oyster-Closed 0
640.0009652284643 441.1764709999999 591.8093208533537 441.1764709999999 591.8105264026963 258.391778 640 258.391778 Oyster-Closed 0
307.297551257725 262.3390232754031 421.7835546773131 249.98053499168466 447.3408794561692 486.7159849255217 332.8549427017424 499.074058593259 Oyster-SemiOpen 0
229.97678441643075 290.1957427909756 340.36743784054124 334.11414005128313 262.9887223712285 528.5844317146566 152.5988611298817 484.66745837008614 Oyster-SemiOpen 0
446.37095645375666 432.3554808904106 503.78576896393497 450.01195628974017 481.1907882855303 523.4734197763498 423.77608171744214 505.81718428402434 Oyster-SemiOpen 0
