159.14812499999243 140.4549950000005 139.93186845349555 126.62139029095188 170.9779134368 83.49581836466518 190.19410936562053 97.32939166101643 Oyster-SemiOpen 0
143.7095192452398 207.51281198236052 187.14291514872457 28.691675806750556 550.670468125827 116.98622989924988 507.2420011022041 295.8028573389616 Oyster-Closed 0
461.23701399999845 116.32047500000027 575.8963838445925 68.68999087057064 651.7372837572475 251.25630255805746 537.0782905192027 298.8861339964015 Oyster-Closed 0
613.8680793212552 167.5374722470552 648.5362505439844 170.906182337593 637.2605691962235 286.94272753370916 602.5924026971188 283.57405097726263 Oyster-SemiOpen 0
373.2550487854314 309.9868171140185 380.6405480036483 231.94969192339875 631.3368848570826 255.67189132047983 623.953635628277 333.7069784868615 Oyster-Closed 0
408.67542182641046 310.00980101163975 335.89123256686435 466.8277119685836 149.44216734984366 380.2949954831087 222.22737941294326 223.48127925859325 Oyster-SemiOpen 0
403.47327135321393 300.9509331302224 457.96062465262366 320.52992847348673 417.6978215468989 432.56830571384745 363.2106229018973 412.98962804705513 Oyster-Closed 0
10.356287882095785 478.71785755812834 0 393.5578777147315 82.33465293793415 261.4303402637198 158.36402648725198 346.58802028734533 Oyster-Closed 0
404.2269796814071 451.8035455048131 379.89869293734955 415.34801598100097 500.68290427472675 334.75316312813044 525.0110123379272 371.2078910550655 Oyster-SemiOpen 0
519.7393396970438 359.28258588522795 632.4088479206694 336.7955917530333 654.56552808384 447.7980870539904 541.8961397063686 470.28469907096644 Oyster-Closed 0
515.4256546030956 400.83703862728896 561.1766422490473 492.18345094308484 417.44371561428125 564.1561441358476 371.69578023320355 472.81233340096827 Oyster-Closed 0
400.3191604572203 447.25760083489695 402.579516133992 517.5536890164499 346.50905979651725 519.3556763035954 344.24943387290114 449.06029736976143 Oyster-SemiOpen 0
319.14307481376454 586.1274241854326 79.61256664180837 711.9053084340247 0 432.7707672058191 172.5288917429134 307.00097655665974 Oyster-Closed 0
531.2331940434524 503.75834570489616 533.5939833022712 465.44645465305933 608.8712752907304 470.0839878391737 606.5110391045164 508.395355987773 Oyster-SemiOpen 0
176.84138661519683 408.02059662006087 333.7311785865313 443.3903921003465 298.6002797380206 599.192042187068 141.71083440392977 563.8233030052829 Oyster-Closed 0
481.5350381613098 539.8550092938226 451.3247157411388 660.8901615984923 324.83864105364773 629.3244239246478 355.0512118057668 508.2927391402311 Oyster-Closed 0
435.5451204694691 89.39521754247336 478.42217641111347 0 652.657538435742 55.31317863176738 609.7810430755635 160.45070036218118 Oyster-SemiOpen 0
