36.520098090331885 220.6066234212132 140.4623146540689 175.3944075173993 180.63563850009814 267.74904946070666 76.69368741633662 312.9608449736514 Oyster-Closed 0
462.51216586635564 219.60890976123338 552.4127098683675 179.12837981925907 631.2549771808699 354.21524551891525 541.3549002484069 394.6949568322046 Oyster-Closed 0
664.5672641834972 308.340000045405 634.1455150844558 337.5159355537577 573.0615434575157 273.82736208668143 603.4829924914084 244.6516993965432 Oyster-SemiOpen 0
356.3267126362189 294.7885086748007 192.74147699587047 488.8507813805024 40.44498645052954 360.4772856700679 204.0274888525164 166.41935631302144 Oyster-Closed 0
556.277354743288 347.2566032143483 462.1272736200626 435.0117720632205 352.1820583272347 317.0615536849832 446.33019737964787 229.30801199689887 Oyster-SemiOpen 0
0 312.32 58.226495 312.32 58.226495 414.72 0 414.72 Oyster-SemiOpen 0
640.001238305631 512.6134429999998 602.7744791092118 512.6134429999998 602.7753871877212 329.8945510000001 640 329.8945510000001 Oyster-Closed 0
460.6548147117428 695.6649445757158 295.6020166410599 590.7503783345645 459.6309716165706 332.76596510544744 624.669775094444 437.67466355596343 Oyster-Closed 0
208.94513693368935 328.84981348561354 402.6995125573012 379.8838909814799 323.43553399361554 680.7634287216318 129.68243541261472 629.7322767984076 Oyster-Closed 0
172.93301475299813 640 0 640 0.006314179554465227 436.90666799999985 172.9259501710476 436.90666799999985 Oyster-Closed 0
580.503102 510.293332 640 510.293332 640 640 580.503102 640 Oyster-SemiOpen 0
238.6129905067355 88.71340860857995 270.72664840605285 11.521212255363292 407.629314995138 68.47556375397998 375.51605446104077 145.6674231210211 Oyster-Closed 0
128.31444995783386 7.80935609380962 247.41487848143151 24.293770130452764 226.8510646512732 172.86725745783824 107.75066836060432 156.3829261749159 Oyster-Closed 0
545.98162 64.853332 640 64.853332 640 175.78666800000002 545.98162 175.78666800000002 Oyster-Closed 0
418.15491699999257 83.62666799999548 524.5112457864889 47.740770449437015 572.4333567086433 189.7680356981199 466.0771786238911 225.65365396305447 Oyster-Closed 0
34.934725999992224 216.74666799997829 27.60355624537624 147.42731413378567 168.77036839541688 132.4975380570662 176.10209734979435 201.81626581891356 Oyster-Closed 0
219.69793999982357 174.08000000001408 280.4645706542942 106.53024096854074 349.9216387033084 169.011667120603 289.1554402152542 236.5610134599662 Oyster-Closed 0
334.2988711888029 271.5328612036175 323.64582129521295 151.0382931402803 428.858789035221 141.73661726822365 439.5127268676879 262.2302078931305 Oyster-Closed 0
