31.013795903199934 163.05315539658773 199.40754598959757 59.656833504261314 395.9971535441582 379.81795586918514 227.60649316020135 483.2105243903928 Oyster-Closed 0
534.476853283777 592.2730128339036 341.2153359068907 629.9909618847415 259.6030839566083 211.82436826483254 452.84365990097285 174.10833191206427 Oyster-SemiOpen 0
3.5744582836923655 277.45875483537935 129.21877437562216 276.02012051156237 132.22572342609055 538.6068722220906 6.581409000136773 540.0454497795489 Oyster-Closed 0
521.2965738944331 640.0029661842119 521.3040135044866 262.6543931739771 640.0001522181992 262.65825613278315 640 640.0000000000226 Oyster-Closed 0
163.48823400003312 639.9999999999852 163.51213842724974 409.0139148738011 473.35526075868984 409.04401656127385 473.34534738532966 640.0160037336307 Oyster-Closed 0
97.9443153590546 639.3678940398959 22.121380253956886 661.4463672455192 0 464.36386442628014 40.53945360421494 442.2864071031124 Oyster-Closed 0
563.0799293331802 634.0398786511217 521.4583974016568 678.4566209739489 454.6233158240648 615.8443916044465 496.24406900002214 571.4285709999984 Oyster-Closed 0
269.6400455917319 44.761553204258426 342.19964713782247 98.17656643163366 295.2589432967943 161.94073116463233 222.6994862803258 108.52588465071943 Oyster-Closed 0
370.0435210856813 233.15587424737566 296.0613322535937 154.79064824861834 412.4643810928683 44.89993386030872 486.446133158679 123.26462413915493 Oyster-Closed 0
354.6948429985787 112.2805790661453 380.576765250662 194.52441242328732 297.2872661057045 220.73430494215012 271.4058554483199 138.4908993576156 Oyster-Closed 0
70.74651436189015 306.8104231783032 3.8178188504389254 292.37355619648906 42.25509969459381 114.19115070545665 109.18207634189457 128.62783432951443 Oyster-Closed 0
384.6065445696149 205.9032785608834 470.2465811277216 124.33151588082906 555.2453805028199 213.5675248749925 469.60613933071727 295.1384936747874 Oyster-Closed 0
