218.35249439820473 70.82826366143146 259.36402534294757 121.6012704030009 149.29114470440254 210.51003575988145 108.28000112407608 159.7373955825658 Oyster-SemiOpen 0
200.2140554896323 227.79429737614254 159.96539019353804 277.1422677891393 69.23405808884127 203.1430783260368 109.48246239517175 153.79557576136895 Oyster-Closed 0
103.7228875177243 309.52926112831256 129.18398837151472 252.6236454230798 198.00262055083294 283.4130652081269 172.54207571568259 340.3182086988028 Oyster-Closed 0
565.5543242146814 267.8510614259543 565.5557529615908 379.2592972032083 443.3647932460008 379.25915626919027 443.36500113226066 267.85255910419846 Oyster-Closed 0
578.8368258330593 360.4723026478541 559.0947071194387 323.73788453284885 628.5183446780866 286.43039637627305 648.2605026884266 323.164478771474 Oyster-Closed 0
0 272.592592 60.89908 272.592592 60.89908 397.037037 0 397.037037 Oyster-Closed 0
310.8183956596622 257.2076810112932 388.9430192182044 331.4146376285547 269.27152513140754 457.3905046102502 191.14856382031576 383.1852479105493 Oyster-Closed 0
430.3609778139071 348.6999839520264 521.9976656058134 331.20126319134584 542.5789476865612 438.9692989545854 450.94234307565785 456.46773741633973 Oyster-Closed 0
132.52504748961655 393.7341140974446 134.88733015430626 461.99928001835144 6.110806183642126 466.4531127149113 3.7499848016159376 398.18938831595693 Oyster-Closed 0
100.74066788118216 432.06198494676414 145.8516603899625 356.45209239758793 283.3592226535984 438.482107379033 238.25047492086014 514.090049222424 Oyster-SemiOpen 0
600.4038346991729 426.8303054558865 614.202184348469 515.02170444901 410.67354444974626 546.854755802095 396.8788820000191 458.66666600001327 Oyster-Closed 0
316.1513879454287 466.81087245140105 407.8478315599932 436.5348430078112 453.1431144461385 573.6947013712482 361.44706606799446 603.9698831800744 Oyster-Closed 0
353.13257488815 583.586037985126 255.8628771333315 617.907133256354 208.46635818990762 483.6019783582441 305.7309550666105 449.2818756595806 Oyster-Closed 0
8.180045867702574 474.57396907541585 114.36938879945956 440.3470130971423 156.3136494626815 570.4557170216536 50.12474711111281 604.6817617085751 Oyster-Closed 0
640.0033861208794 640 476.1455466294865 640 476.1495781112899 501.3333339999999 639.9977872191812 501.333334 Oyster-Closed 0
409.58861640006944 639.9999091711011 409.59033548046136 589.0350043979852 512.6563020970934 589.0380729872171 512.6557849827077 640.0017648819287 Oyster-Closed 0
119.20999292793567 34.80428846896016 128.10446999625128 78.29319428044069 33.76785817548807 97.58697097825168 24.873497350345133 54.09816587746413 Oyster-Closed 0
212.1191128205828 36.616412349230416 302.2099604916002 38.97618725772543 298.01574939534476 199.1004996550273 207.9249020000134 196.74073999999948 Oyster-Closed 0
