364.1102695900918 120.00724586586583 387.96791246575594 165.58552924201558 286.2067282520002 218.85004493934252 262.34945271404285 173.2720739456275 Oyster-Closed 0
533.4462460000213 147.34111499999963 638.3828308127704 135.02223575472823 656.5735167732782 289.97269415175816 551.6369558829319 302.29142260520405 Oyster-Closed 0
69.55086615642358 195.56313406112685 120.72431084241543 100.63051794489674 356.258709399699 227.5919740841611 305.0876707067073 322.5225273628256 Oyster-Closed 0
415.57628497736005 52.85760992191578 623.1994013019721 191.94212977565837 423.1812671099033 490.5070262935768 215.56200458820967 351.42729332052517 Oyster-Closed 0
0 369.47855778757867 14.206069196297904 172.5845847458345 448.80122442089487 323.4024975870625 380.47930717679264 520.2853747822137 Oyster-Closed 0
497.8436137092649 403.44982980904024 473.53114213517983 322.07738743377354 633.4352908145956 274.30422520607954 657.7487584265327 355.6750035006844 Oyster-SemiOpen 0
512.6360641980864 445.9756431087714 496.22623488336103 400.5540438077825 635.8311407505244 350.1231417838503 652.2414176228631 395.5437208101365 Oyster-Closed 0
556.1448128390475 390.12106149352127 624.912751255979 408.26300672928915 596.6750016296282 515.2835823700989 527.9071926166944 497.1419771799166 Oyster-SemiOpen 0
640.0023192995286 576.7849199999998 557.2333826284739 576.7849199999998 557.2372708326293 372.94112000000007 640 372.94112000000007 Oyster-Closed 0
0 388.067445 224.200442 388.067445 224.200442 640 0 640 Oyster-Closed 0
309.4479769814643 491.67568714404575 321.2441242326895 555.291576337457 248.81251845879888 568.7185997304588 237.0174224837683 505.10364053540883 Oyster-SemiOpen 0
274.6378030912456 583.6353163042244 300.9179937139561 461.01317674588665 627.1930557155429 530.9201032231199 600.9226021591167 653.5336989524505 Oyster-Closed 0
639.999999998181 581.0634765418015 640.0014024063421 640.0009619695147 447.009343000027 640.0000000000035 447.01052012242144 581.0650910056409 Oyster-SemiOpen 0
159.83094904746395 639.9991231973272 159.83353635114327 595.5869742940527 382.32180011909804 595.5956043431648 382.32148458162555 640.0054713496511 Oyster-Closed 0
