256.11314823552675 294.79974481466866 184.95267447418883 304.5138593685044 161.6067714709061 133.49342239374462 232.76534898541286 123.77943746337036 Oyster-Closed 0
170.05851647518284 291.77667109392695 145.84413566597505 336.83030697463505 35.733670583795174 277.6536838651306 59.94808036877657 232.60067979807116 Oyster-Closed 0
149.00647213406046 333.88565615772285 150.11196760060557 291.02166855887293 269.4701802605414 294.0990889045813 268.3652963942586 336.9624937140886 Oyster-Closed 0
389.1780657921481 279.15668324373274 490.6143740798143 277.410886147096 493.96017768820457 471.7947920709587 392.52387138469203 473.5405420667702 Oyster-Closed 0
389.3925016764115 339.316021968396 438.9255768185103 386.55139632449226 322.63451052895107 508.4820391144955 273.10265366511885 461.2479041139292 Oyster-SemiOpen 0
107.85052684419497 507.66586579827043 31.289818341610953 501.1719351432846 42.05966291410732 374.23888833613614 118.61716115752643 380.7326812913434 Oyster-Closed 0
168.99056259084318 562.6965328827928 126.8045345772407 545.5473131575696 172.6706110318628 432.74385630265215 214.85491776125855 449.8926777633375 Oyster-Closed 0
347.3890438413946 570.8456043122636 293.06933555795695 603.4737353804699 215.80829572492803 474.873017582959 270.1255732793652 442.24582638715356 Oyster-Closed 0
84.66006749113149 592.9219360409461 28.280270130271674 597.6198701156857 19.220917066777474 488.91035540911594 75.5981986032566 484.2125282186594 Oyster-Closed 0
325.8776648064668 522.5426589715377 374.20265790504345 494.4152374041326 429.3853798298369 589.2026078005883 381.0608536491054 617.3293904591012 Oyster-Closed 0
183.97804799998994 501.7142860000007 225.88424475885404 500.87446846242403 228.49585673524416 631.1622711219179 186.589660606478 632.0020655763533 Oyster-Closed 0
255.32904500003497 639.9999999999683 255.330971858275 589.7126339109373 360.43329292821 589.7156874153077 360.4325736530154 640.0018628668907 Oyster-Closed 0
554.0796654226142 597.7140361865688 554.0802420038381 640.0002770084668 460.78983999999764 640.0000000000034 460.7901696891349 597.7146608079544 Oyster-Closed 0
