290.41422347050684 243.34713895545275 233.1197026096197 302.1174837155007 126.92464197141817 198.59217151718028 184.21853147920046 139.82251020333905 Oyster-Open 0
586.3757597727817 166.64664972975277 612.6935733310529 304.8841629786336 433.7783688859781 338.94166015367307 407.46320366197324 200.70642656872823 Oyster-SemiOpen 0
117.9787788396061 306.73566062036963 29.048428615860757 313.7971635176929 18.8437754901679 185.2763569908001 107.77211830463784 178.2149320431017 Oyster-Closed 0
577.6666652008134 328.8682869894515 533.6004900946136 421.8033842093644 313.4763250334072 317.43377605623886 357.54301109482185 224.50152367530598 Oyster-Open 0
358.42321858792275 398.2657142952711 252.99328999630234 451.5941709189371 182.66268597260932 312.5606881962738 288.0888826878072 259.23337562464513 Oyster-Closed 0
499.7338314975059 450.30949282323894 412.2518442027649 528.0494210342903 250.97344361471187 346.5782823799425 338.451582737398 268.8412717499945 Oyster-SemiOpen 0
639.9999999996362 0 640.0002028633753 107.82611777930568 418.9559494795685 107.82584506527627 418.95626899997296 0 Oyster-Closed 0
318.5719635833084 485.3306171178367 261.17389550228836 552.2069865071993 150.72390508037643 457.42486442320785 208.12080655006866 390.5502316341617 Oyster-Open 0
561.5477074314549 154.13782267050334 447.3723535140016 264.09805843597974 278.2149738635053 88.456992995184 392.38935896588373 0 Oyster-Open 0
407.96373110795685 192.36887367310152 356.05163892432756 280.9968173438205 168.60883013701823 171.2068584472723 220.52090772376687 82.58017466946718 Oyster-Open 0
