152.9027967503498 145.3479412448538 108.05183290045534 271.63288861700056 26.814689859602368 242.7812943146194 71.66602406010497 116.49715665093994 Oyster-Closed 0
625.9849079295236 179.30293893681625 626.570800921836 209.07660104000172 484.89078000762674 211.86364603041514 484.3051983415353 182.0902883526276 Oyster-SemiOpen 0
290.71492458635475 250.50766606585415 242.61078673458542 195.29426879057368 329.24054777082347 119.82117239292313 377.3443864543515 175.03413164540825 Oyster-Closed 0
120.73411242323346 269.6206949436929 109.06037844630191 193.32395640681938 174.7987687101704 183.26615536580272 186.47285101105808 259.56245033955696 Oyster-SemiOpen 0
415.2409231608908 309.8305898061419 386.3507934453082 311.88467914532816 376.40927546759485 172.06199086910019 405.2987129849498 170.00792550374683 Oyster-SemiOpen 0
0 185.123966 45.155452 185.123966 45.155452 302.576568 0 302.576568 Oyster-Closed 0
213.36820199998328 213.90374299999093 253.82534509590187 189.04639166421472 323.22115572671464 301.98831180373224 282.7642548106087 326.845350200729 Oyster-SemiOpen 0
414.6300490313297 365.95768548826425 368.98281000401767 382.5852760369634 303.6736928893515 203.30408107161443 349.319310984356 186.67681062604657 Oyster-SemiOpen 0
306.5238274006697 338.19852383248224 230.80751424451591 394.3527587763641 137.11912862432655 268.0338076805899 212.83368417978636 211.88052146033868 Oyster-Closed 0
397.1003565528372 330.26438438670624 429.8317330696591 227.74668418826616 601.3761470706959 282.51282549037813 568.647234074233 385.02843230667645 Oyster-Closed 0
0 291.874063 36.068549 291.874063 36.068549 396.782842 0 396.782842 Oyster-SemiOpen 0
594.100791000019 313.4662119999937 623.4849448731984 297.7629946386201 663.4882152219507 372.61183366007316 634.1041814317578 388.3148812267174 Oyster-SemiOpen 0
393.86240342508245 384.0516061665118 448.8434164145292 304.4127713119912 605.2548510583438 412.3838404980622 550.2763004343433 492.02046392407067 Oyster-Closed 0
364.3161750969739 509.3689494356758 304.6813782693789 567.2631561011774 148.50491876743035 406.4139348995931 208.13730419358762 348.52196199637655 Oyster-SemiOpen 0
0 252.0175 183.293886 252.0175 183.293886 640 0 640 Oyster-Closed 0
587.4690978770377 547.4660688259559 502.5420982322976 629.506343360137 343.99868842127034 465.41050254343384 428.9219928303646 383.3736160175016 Oyster-Closed 0
640.0006401020073 535.804685 594.1002958655736 535.804685 594.1010775482573 448.808945 639.9999606092751 448.808945 Oyster-Closed 0
381.97257371866726 0 422.98853719250474 66.39125801666053 367.5531529192085 100.14214741372967 326.53728447468893 32.7743586681682 Oyster-Closed 0
181.35425454049255 48.10643050339373 160.32360204902943 115.27267191848719 24.347508251375984 72.69654098940248 45.37827760024811 5.530524433795486 Oyster-SemiOpen 0
175.13994354085298 654.7807725638273 83.86203099995328 639.9999999999943 111.09325967903715 471.89601696645684 202.3650387651287 486.6762963193404 Oyster-Closed 0
180.33359799999744 640.0000000000158 180.34001127220108 493.921511638074 320.0383135047741 493.92772955846533 320.03615497407736 640.0019649427131 Oyster-SemiOpen 0
173.63643479875464 132.7123981946548 167.5528748256329 107.33557791514583 222.40800539984775 94.18530144737746 228.49160630488768 119.5620613320004 Oyster-Open 0
265.22713156431564 167.92124512965782 214.5530091560795 158.18666636842732 234.7511960058182 53.04565770323016 285.4249185673689 62.78019904660222 Oyster-SemiOpen 0
73.75541306930245 128.88964135711555 118.81170876484248 73.5974786713159 205.48171669244766 144.22207235960235 160.4257513958146 199.51392442714257 Oyster-SemiOpen 0
261.3065800000186 180.4569749999768 245.30832060008834 149.0208250875491 316.24615098844515 112.92017267154498 332.2444323860691 144.35618853420206 Oyster-SemiOpen 0
216.780779473047 0 216.7808085064462 59.89305259560795 104.23244891455397 59.89300494242198 104.23249279963784 0.000011101820101039244 Oyster-Closed 0
42.468255987696466 207.7033770568372 0 178.71384501159665 19.85467750724638 97.25354770112376 81.0548928254866 126.24294576889545 Oyster-SemiOpen 0
