30.935982718656305 119.51976265857985 64.98023667772941 108.62886938458763 84.53255228305352 169.74735649256303 50.48831531763426 180.6382119418008 Oyster-SemiOpen 0
385.1006139596575 235.11878001582673 358.47195659771387 131.75303686076978 605.9155128950806 68.00704203411927 632.5451903398789 171.3715430299118 Oyster-Closed 0
210.38272986108495 184.7351106347547 220.0624847196741 156.22139958918402 302.4342686574528 184.18392018871253 292.75471336368355 212.69746223330986 Oyster-SemiOpen 0
473.22313314973144 175.16619983952137 488.4413789131213 308.75693903401617 238.5934412964707 337.2130850356093 223.37867788708536 203.6255782665779 Oyster-Closed 0
639.9998442403012 175.80159125983073 665.6858635283425 324.17233345110424 492.8553887367161 354.08804772102707 467.17225316642725 205.7198047531378 Oyster-Closed 0
110.99274886648345 408.67341323213475 59.65262117621023 297.35649291855185 266.9954187248368 201.7348840127288 318.33622491954884 313.04879698682504 Oyster-Closed 0
360.89263574293 0 360.8926830348355 81.02797806671023 268.68384382571094 81.0279167601405 268.68390438809 0.000005661510758405168 Oyster-Closed 0
575.541623957397 305.050999460591 584.7073288156389 452.0842927346571 213.2021390038426 475.2256101447782 204.0448085321259 328.2000647811739 Oyster-SemiOpen 0
531.8770352296997 525.1051823541777 496.3255281596503 421.6189995820936 639.292086159403 372.5117114169477 674.844839981597 475.99521386490807 Oyster-Closed 0
290.2755819378217 40.019235487583735 276.86877293657744 83.38556254400807 161.6091187469283 47.75265621960049 175.0159664452076 4.386431404925624 Oyster-Closed 0
637.5188520653319 7.256183694548502 646.4395506228175 100.00371743379397 534.478014629276 110.77217699654167 525.5575759952626 18.02489865850554 Oyster-Open 0
344.4450206588226 640.0031315380944 330.3445593328797 561.8186567003353 598.0195332269068 513.5498720633066 612.1235194517067 591.7298141705191 Oyster-SemiOpen 0
82.80877439719916 38.64164541699152 99.87317048726254 102.8499790161531 19.11052593481145 124.3136525069888 2.046325185947353 60.10549165926772 Oyster-Closed 0
252.1496188398305 144.36786367948443 233.8132384506025 175.13854693771412 112.81573354463035 103.03611152837536 131.1520921596093 72.2656423635447 Oyster-SemiOpen 0
198.50628799998958 89.49357499998865 237.4453093608463 49.85290079610917 337.80772250684095 148.43799890883898 298.8689411247469 188.0784265760359 Oyster-SemiOpen 0
240.18361001370067 154.79863131864997 205.00078053228208 217.7649177615885 62.22466768034792 137.98828225928082 97.40755960723618 75.02249736745328 Oyster-SemiOpen 0
