37.37098636898736 176.16645635951687 60.59509725084354 86.58943259144971 161.7424110077991 112.81294144928493 138.5188764763734 202.38947640349093 Oyster-Closed 0
224.289892727611 202.73929268007555 185.56434589845594 221.3574339355692 131.73567299258139 109.3959620748283 170.460744566808 90.7779549805629 Oyster-SemiOpen 0
236.48389090121782 303.39948592722794 154.24824992100184 264.7668597476603 247.3187149966543 66.66048042686714 329.55239210510626 105.29257969914096 Oyster-Closed 0
444.8855371315585 70.44197861400393 541.1966159373696 117.93765964339009 451.21584491978865 300.39482175908165 354.90517993406684 252.89978345803067 Oyster-Closed 0
289.9149998255598 264.83683722735014 256.40858915649005 151.58143375990213 342.0478391709912 126.2460950240913 375.5546706541645 239.50072861358842 Oyster-Closed 0
49.2137952142366 290.8203596063604 39.719186535148765 183.2426051147689 168.5841275450366 171.86966139126469 178.0798159857659 279.4461732719994 Oyster-Closed 0
221.77330109981995 299.3153204511065 209.07366436265875 273.9739785357784 277.84472167200875 239.5116071826672 290.54439099054434 264.85275364636624 Oyster-SemiOpen 0
411.1533956834319 236.9115917542052 522.4768767243222 216.29295427245577 574.5025145839463 497.16663732872485 463.17925369636214 517.7845072703083 Oyster-Closed 0
500.9352686323109 111.65570601494501 636.972331518482 125.15604572490867 584.8968499134207 649.8551408983998 448.8599502625584 636.3557448665099 Oyster-SemiOpen 0
231.18795199996384 295.43245800000653 378.8147722242138 203.75562743563898 583.2902248269966 532.9918227166031 435.66773554921383 624.6632840268146 Oyster-Closed 0
27.42046443578147 639.999150711212 27.46568640352052 266.23542661671246 451.5506622449175 266.2877732786286 451.53138206726 640.0242700540633 Oyster-Closed 0
627.6619503220718 649.0354662978963 531.914269421759 636.1670081232918 564.7337512993545 392.06404402738 660.472163681552 404.9318595354406 Oyster-Closed 0
0 491.247165 33.778708 491.247165 33.778708 566.148222 0 566.148222 Oyster-SemiOpen 0
63.77703500002099 640.0000000000177 63.78466357069556 528.249653753149 250.8019487830461 528.2596588331708 250.7988442442729 640.0056314676949 Oyster-Closed 0
0 573.521717 41.929987999999994 573.521717 41.929987999999994 640 0 640 Oyster-Closed 0
254.69213778611447 51.25785315132661 231.28916825691704 128.21980836925636 100.6206021716207 88.48527027167778 124.02373686651117 11.523581905150042 Oyster-Closed 0
459.4901513930381 639.9999977509149 459.4914108192461 604.8574833466176 560.62775740902 604.8604224967131 560.6273226290796 640.0021091019449 Oyster-Closed 0
387.90031162221567 103.65756893973548 351.48059587161697 91.68090611456984 368.2652776261966 40.640928218894146 404.68489524188044 52.61757345043969 Oyster-Closed 0
35.965065149139264 207.45763568595987 0 205.82838915078923 2.8354111935186666 7.326178649655589 43.850053660426056 8.955415925120663 Oyster-Closed 0
