548.8343427738437 104.84049741632211 614.0481895412813 139.7586924770747 565.1464700591896 231.0863961790373 499.9327790876123 196.16842796864137 Oyster-Closed 0
640.0006407269393 271.428571 587.818340840895 271.42857100000003 587.8188214804686 122.85714299999998 639.9999908870086 122.85714299999997 Oyster-Closed 0
554.5663988503657 371.5729183017635 499.86193636366806 389.1523758063097 445.9474714138196 221.38864839080287 500.6500000000233 203.80952299999615 Oyster-Closed 0
640.0005020664685 342.85714300000006 592.0834802777244 342.857143 592.0839991648245 248.57142899999997 640 248.57142899999997 Oyster-Closed 0
287.5155496878142 309.2754371639057 342.79363747133175 273.52112555648324 401.4288284023496 364.1675466920108 346.1511325419997 399.92137252886903 Oyster-Closed 0
152.91666599994642 284.7619050000109 240.06389214810042 251.24780648132912 307.7023868800461 427.1157184057181 220.55563841946423 460.62898714274957 Oyster-SemiOpen 0
230.7913459619158 340.5258155793021 289.35610237582296 307.36022331677344 351.281980887361 416.70013279383625 292.71764085984614 449.8651382341178 Oyster-Closed 0
61.028982644565986 515.3495519224688 54.289857501280494 285.0838594058433 206.80120503639046 280.62143784520475 213.54531226730614 510.8820692149164 Oyster-Closed 0
0 420.5783109999901 0 383.6125166135091 36.329018197138794 369.70130274023313 47.220576680410886 406.6668312184247 Oyster-Closed 0
450.5166659999668 370.47619100001054 524.6282176917157 344.7134545215081 561.0082975146361 449.3559458304876 486.8969551318878 475.11824664467605 Oyster-Closed 0
332.86842517329205 417.3465225096624 368.99754960766586 374.20668065880244 424.8513565236499 420.9778644479751 388.72275336463645 464.1172169594313 Oyster-Closed 0
55.32844097018824 405.8109473581328 62.99046071711928 448.80377208038345 5.809214007094852 458.99250842903564 0 416.00008558016106 Oyster-Closed 0
498.91717335791327 484.6128408109891 433.74206541666354 512.1046624329223 383.6027846977231 393.25335167018955 448.77547484240495 365.76210967344946 Oyster-Closed 0
541.9686484754493 384.7618138742066 607.8447655000491 400.21257147186026 579.1251465436653 522.643888196727 513.2491442419996 507.193460313554 Oyster-Closed 0
203.9619720000337 535.2380949999945 191.97893463620858 479.99917645223763 309.8918275615142 454.42390740163995 321.87575226016634 509.66162234090245 Oyster-Closed 0
0 449.523809 81.341114 449.523809 81.341114 557.142857 0 557.142857 Oyster-Closed 0
374.56447732758534 554.2857371512857 374.5654281166935 492.38074753589837 506.78186421413557 492.3822168813879 506.78250819662935 554.2855858407645 Oyster-Closed 0
205.62839731726854 519.8973276790291 191.96328132442432 587.289260432523 89.11717338691233 566.4381121111275 102.78333399997791 499.04761999998584 Oyster-Closed 0
378.11146615611506 614.9640712892322 301.4123279546766 644.6818908391115 253.64827924786368 521.4321759400879 330.3435231783078 491.715202912353 Oyster-Open 0
0 541.904762 73.877235 541.904762 73.877235 640 0 640 Oyster-Open 0
407.5007509999705 640.0000000000263 407.5019996453193 591.4282054648365 483.13081748594414 591.4300295403647 483.1304109920893 640.0009761918578 Oyster-Open 0
