513.1023996420845 156.4027240220045 452.5987110670394 155.47860216037756 454.66576193095534 20.165871541424607 515.1688109999668 21.089987999999988 Oyster-SemiOpen 0
568.9729921107937 92.58421448872451 588.9276857246296 121.50140387961437 530.6413594482729 161.7220704276158 510.6867753589904 132.8049780714085 Oyster-Closed 0
514.2837421940203 133.82197273978318 602.7538466117403 137.97671877313948 595.5057643979671 292.3109333905667 507.0356638820522 288.15623905492436 Oyster-Closed 0
353.5941223426926 250.93146699109622 402.95210285054054 175.4649735500435 519.1535788703186 251.46201124341385 469.7966965759406 326.9275297029685 Oyster-Open 0
0 212.92775699999999 63.349591 212.92775699999999 63.349591 387.325729 0 387.325729 Oyster-SemiOpen 0
0 482.7104365767014 4.691799530555727 287.7553476048515 170.0286785402568 295.09641319527725 161.37570747785503 490.04719140186876 Oyster-Open 0
443.7776311174821 562.9297468532845 472.4073844803206 408.6830798149715 549.1869825543108 422.9324322089939 520.5597390798357 577.1768817270139 Oyster-Closed 0
100.78426719730487 433.35129579867095 192.1848754999519 396.0143425171304 254.35006616986357 548.1699302215158 162.95006533779087 585.5057686791461 Oyster-SemiOpen 0
378.56161264186085 598.9967846535893 308.36566031895927 585.9099162301927 337.7616292505263 428.28128711676777 407.95341375625867 441.36775772116954 Oyster-Closed 0
434.5403623775928 566.2949985122996 419.99549836371443 572.4413346560648 400.7077091925021 526.8080777018776 415.252315670441 520.661803511372 Oyster-Open 0
640.0001463580702 580.652946 621.5191333361872 580.652946 621.5193882514723 519.9493029999999 639.999939523841 519.9493029999999 Oyster-SemiOpen 0
399.3160462834203 481.1522573275339 456.14239732691203 511.64844931583264 383.1319016207999 647.6628833319979 326.30623008335533 617.1676877374952 Oyster-Closed 0
0 466.413182 155.919511 466.413182 155.919511 640 0 640 Oyster-Open 0
518.1894652803749 132.96226906068244 486.9123724741803 102.22588599046753 589.5340126562951 0 620.8110173537716 28.535629356249576 Oyster-Open 0
