0 179.68327418630284 67.90644397187862 110.84333002764834 310.1964795909589 421.5214356554976 221.9238289322675 490.3582807368624 Oyster-Closed 0
408.6747562870005 324.31084216771814 419.0812818457198 280.3047736352486 492.5207102422428 297.6704094790838 482.11462968509295 341.6760914105544 Oyster-Closed 0
0 268.480725 110.401428 268.480725 110.401428 438.2766429999999 0 438.2766429999999 Oyster-Closed 0
529.2449607668823 217.60871637444149 634.8578509275831 267.2859605336294 528.1096675688605 494.20919324476995 422.49780583813845 444.53361058451725 Oyster-Closed 0
340.8472262386931 546.8013241492163 303.87783969687007 548.0579443333881 294.9372104804206 285.02233482563537 331.9035469013761 283.7657670132325 Oyster-Closed 0
413.84704754869745 367.31918472326674 463.76032266780385 384.7010680120348 432.35591872478835 474.8693387054774 382.44277077756124 457.4877148740583 Oyster-Open 0
385.3674905909429 563.0839020000001 333.0274488352734 563.0839020000001 333.0297215866449 291.70068 385.36536222287396 291.70068 Oyster-Closed 0
211.82549353565264 572.5526848389111 68.12816508529068 589.0064796128225 39.428123364268686 338.3450601813688 183.11256056615093 321.89203797929235 Oyster-Closed 0
417.32631725782994 444.1834084708858 485.3635737672448 455.62517465565315 456.39803290709096 627.8306461829163 388.3608754591842 616.3892811107389 Oyster-Closed 0
396.83347395846795 103.02125686742681 522.2278767966054 105.72097206778577 517.7059519592876 315.7467947933089 392.3115461820271 313.04712262282044 Oyster-Closed 0
