321.68518221835257 305.5123052702278 303.5218401793827 269.5097567814648 356.94549145795463 242.55892004090066 375.1088690799952 278.5612502557832 Oyster-Open 0
403.19439560058527 363.38169154372844 349.0828707039327 352.7447646573212 379.2862819280708 199.1110705472006 433.3960882685642 209.74782367274253 Oyster-SemiOpen 0
200.55657438235357 284.83569339322037 264.5409406431281 230.830450198088 365.89512989441573 350.9053604186953 301.911701042045 404.9096028346271 Oyster-Closed 0
0 375.01891780523414 0.12733414259855635 273.822648328193 100.97544639014814 275.8517831976656 98.94041220824874 377.04682046214515 Oyster-Closed 0
461.0871203685383 270.2173945224976 494.07130462153873 294.6756610205384 419.01706021657446 395.8847907600654 386.0332079534419 371.42690338684656 Oyster-SemiOpen 0
186.01974435310694 402.4823223909988 126.46177574715693 381.8571839046391 166.74677326176607 265.54174930105467 226.30310103173542 286.16657981481654 Oyster-SemiOpen 0
216.04456356464652 295.5377723243878 292.49252976922435 311.6473714424832 252.2597151363152 502.551524189939 175.81190379009058 486.4423840286298 Oyster-Closed 0
418.4074557779968 457.7126030615383 387.9508258352871 360.65983694606865 512.268143472902 321.65113275781346 542.7257732766157 418.7020980153718 Oyster-Closed 0
206.01218068564776 452.3355448116559 171.11417736487056 440.4780269362897 205.21888278672122 340.11793970395706 240.11591554626648 351.97528100047373 Oyster-Closed 0
5.104057133285096 421.7272679718433 31.31989214081841 354.8138608462268 155.47969964805816 403.45205813458 129.26548059142078 470.3640959762879 Oyster-SemiOpen 0
661.8826208418614 419.0711995469247 639.8678496781213 483.6739650694178 527.0097407167486 445.2186441441156 549.0251442633598 380.61705677894673 Oyster-Closed 0
556.6934745338949 542.7884237692693 527.2665898108971 544.850324185956 514.931239269863 368.8181641293643 544.356374973213 366.75632508906074 Oyster-Closed 0
144.9319907498284 379.4406615724374 201.50983860054112 387.08619967513744 178.78928297453967 555.1954274479632 122.21148090313363 547.5501149325372 Oyster-Closed 0
0 445.0239417129369 29.671094395816908 428.63986566952866 74.01327691914048 510.66335369632156 43.701553043792956 527.0471582544384 Oyster-SemiOpen 0
276.5300905911863 504.1716979108731 269.23738072349806 475.78940314957583 321.16963296757604 462.4477780616235 328.46252068797185 490.82980222524037 Oyster-Open 0
352.572178693008 417.904074466285 391.12461576834903 400.32218272945124 464.1020294536429 560.3166995680426 425.54994195961626 577.898033250146 Oyster-SemiOpen 0
444.53516093766666 584.5189477497836 386.8616815848509 618.7336868033669 292.95142803275667 460.46498972680365 350.6216813339415 426.2514758641246 Oyster-Closed 0
564.3587805581046 636.8761362059915 504.66495457025303 655.4438761372269 424.3591660130187 397.3137545289561 484.04731566370174 378.7469522949814 Oyster-SemiOpen 0
547.3641766225774 639.9999873877613 547.368984018758 462.48884004579276 640.0014495293726 462.4922848788389 639.9999999996362 640.000048560519 Oyster-Closed 0
320.54394039529143 639.9996811915051 187.93014567854698 661.1346044623484 160.77532144765428 490.7602986417569 293.3800823324418 469.62608773782347 Oyster-Closed 0
17.178371326663182 639.9998352789075 17.185426356081734 505.9569244321168 184.9571076560096 505.96549137119325 184.9548617430264 640.0035446621865 Oyster-SemiOpen 0
268.36676799997804 640.0000000000159 268.3683208581351 553.0564496781948 320.6454327316169 553.057535349451 320.6448849994922 640.0000851956394 Oyster-SemiOpen 0
341.1853547667124 52.65073388546181 379.50187891598034 40.94829069904823 413.59731334356184 152.58403455616914 375.28081213305995 164.28642629325748 Oyster-Closed 0
128.8928431020031 84.64485721188403 176.8490948483668 57.29084916942025 223.94703305719304 139.8609940701167 175.99086346119293 167.2148897930786 Oyster-SemiOpen 0
296.9159733187553 75.47575770205073 375.7603726324305 119.47454163698025 325.27050129603595 209.94927384560208 246.42626662214752 165.95072715521852 Oyster-Closed 0
462.4044554131251 159.93959066058272 537.5635845220677 120.34646573043851 597.1081988041988 233.3767698629511 521.9493198673445 272.96952940637357 Oyster-Closed 0
121.28902659947926 106.53193313491053 210.88008501574222 166.6244017528976 120.6401580144302 301.157269090636 31.049661869328702 241.06552216924268 Oyster-SemiOpen 0
331.737342396591 217.6759201434026 275.07978143170476 293.1553613432068 153.58422957266157 201.95856379193256 210.24142889116774 126.48001548887378 Oyster-SemiOpen 0
640.0005194982805 297.056603 579.4073254874093 297.056603 579.4080918057443 177.509434 639.9999822425161 177.509434 Oyster-Closed 0
