182.44329155961168 229.2434142713662 226.2533591726242 129.61339412556904 387.51321512383583 200.5216754304592 343.70481168982224 300.1502782265899 Oyster-SemiOpen 0
32.84765168129525 339.70422651630764 0 216.8119300179692 106.06968979162048 81.87818215435804 203.33572817326058 204.76865594605442 Oyster-Closed 0
574.4039897873154 175.97972405621294 645.1015457987523 347.4703432860932 468.16957398259547 420.40203886803386 397.4762565286801 248.9149912843535 Oyster-SemiOpen 0
255.81020085512137 516.7652131611407 148.92484104762843 393.3051652361658 352.26324359078717 217.28587560309575 459.1455721141392 340.74139908159026 Oyster-Closed 0
172.3859080641705 504.0777233305322 0 430.22046982579 96.13242181636451 194.87420464072056 271.5025778081326 268.7290857324566 Oyster-Closed 0
479.88639588795195 546.9798139399843 363.7412881256023 498.44692063925294 428.58750134313595 343.29514951084195 544.7270042630407 391.8267174868163 Oyster-SemiOpen 0
412.3139560967684 373.4984701418503 477.2221840039856 468.1775457932429 291.246429516832 595.647549042483 226.34248658672732 500.9723027111403 Oyster-SemiOpen 0
487.567083 299.639002 640 299.639002 640 640 487.567083 640 Oyster-SemiOpen 0
78.14902118174359 639.9998849277105 78.15778262207459 477.8094002485701 265.6419674203062 477.81897261011477 265.6395459618943 640.0031286329599 Oyster-Closed 0
378.31206900002144 640.0000000000351 378.316088571155 553.5196581458217 506.8824513567961 553.5247629760286 506.8808969537349 640.0026650041008 Oyster-Closed 0
373.1120514708891 580.440808358861 373.11307100520935 640.0002977749745 241.60685800001374 640.0000000000216 241.60761419065238 580.4423062567618 Oyster-SemiOpen 0
522.883902223839 109.4184858913806 390.4552748253627 115.69301250764752 386.24584805220366 26.844032378528002 518.6739143721934 20.56951851647112 Oyster-Closed 0
425.0706994635402 121.13547726012136 362.1671921068628 172.79578022010912 245.55870656949992 30.809315675232153 308.461834594782 0 Oyster-Closed 0
290.8584331725433 170.85012557008548 194.2157450000377 188.43322799999385 173.98623518623936 77.24359613078126 270.62793585464533 59.660585824756744 Oyster-Closed 0
431.4171334842831 166.8143032152018 430.31707663401903 100.06033167847971 573.5223634078284 97.70021698804923 574.6228875590168 164.45369852323148 Oyster-SemiOpen 0
238.85616012077662 0 238.85619637476339 57.202963936742165 109.46976075894781 57.20292001694004 109.46980300002906 3.0290807647588166e-11 Oyster-Closed 0
491.1186762738362 212.23452836647164 459.0478701712709 250.05330060478377 394.71852482805843 195.50256214043713 426.7891763873922 157.68402897110008 Oyster-SemiOpen 0
