66.07465581735596 25.26374243082291 67.20383358093386 0 158.17905167255958 1.705549071874177 157.0498869306175 29.02406458121292 Oyster-SemiOpen 0
70.0327077107795 225.29078805652517 45.14436864425079 115.32825396994689 304.34629042101733 56.66234394317881 329.2356040352752 166.6229531572557 Oyster-Closed 0
0 159.16669969065848 21.16705369997362 100.81899309438136 93.22260835826455 145.45140452761908 57.080901819936116 203.7988276236611 Oyster-Closed 0
539.2858381420956 94.93942266374732 610.9604687100364 162.34927398651521 444.73588099317567 339.08275791160435 373.06256597970787 271.67425656868596 Oyster-Closed 0
399.76433435433137 157.66206747085968 405.80656698199164 292.8877008118949 148.68948062023264 304.371447214217 142.6503153462545 169.1486789315827 Oyster-SemiOpen 0
444.46257531446463 0 444.46272630149906 98.93723147129022 258.75079972553067 98.93707778514681 258.7509517655417 0.00003874594075164228 Oyster-Closed 0
242.3824497347232 457.26195911529203 225.14384975234861 389.76851093569707 415.5022033572459 341.15273514264936 432.7420818409155 408.6442212491671 Oyster-SemiOpen 0
149.63040505514073 47.95212428091159 157.76924982150376 20.556361719885345 211.5028648441512 36.519740145799226 203.36404832531116 63.91547854782164 Oyster-SemiOpen 0
244.60264899171307 542.5376764749526 294.82893520784273 568.9468299832057 243.6667582031805 666.223520236485 193.44091736908013 639.8150148581863 Oyster-SemiOpen 0
325.7459260000178 639.9999999999908 325.7471287056251 585.6721498907565 386.8517595563753 585.6733284764724 386.8513113367226 640.0004315539511 Oyster-Open 0
359.3152257946349 199.2315536767869 315.7720141593745 67.86859520764118 542.5456918164127 0 586.089456348418 124.06121426734524 Oyster-Closed 0
161.134103541699 171.49833183547122 151.60626319731819 53.72857252250199 325.2326218916278 39.68161251928191 334.7612031499011 157.45061066062323 Oyster-Closed 0
