0 270.7371411799063 11.598585045721848 189.3605848631246 146.82867607181834 232.79516679053924 120.69140595383942 314.1706299005354 Oyster-Closed 0
585.3108766929654 229.16401992238676 607.9606246239564 257.14709857879495 535.3627157606388 315.9049201300971 512.7132494056423 287.92210239305814 Oyster-SemiOpen 0
277.9355372775899 244.4899412606169 320.30810320611636 258.1463749704795 277.9348336973635 389.6111085623988 235.56237510572828 375.95489624943195 Oyster-Closed 0
418.42748434290115 380.5692361763909 390.2883943828783 284.09212006901765 506.4550745004817 250.2125399561081 534.5949749044667 346.68830140812025 Oyster-Closed 0
333.52884004139923 429.9936660378197 233.15126075329317 394.030457530024 292.78037023643265 227.61848142135872 393.154063570546 263.5809339140922 Oyster-Closed 0
567.4298970534437 405.5126641649498 493.7098744085961 356.4423638477575 569.4037241798651 242.736264311536 643.1219693792082 291.8057517616869 Oyster-Closed 0
82.02906872247695 329.56124983288635 115.04746770129714 283.6712281395394 206.30379074566008 349.3258320853601 173.28611387092678 395.2152013051847 Oyster-SemiOpen 0
427.72757754151826 406.17474243761757 346.6458619844343 433.4937959715284 313.26990865600237 334.4418034869205 394.3494508836011 307.1231485446518 Oyster-SemiOpen 0
202.44347236883186 315.335027985777 269.9890495296131 328.44800764394813 242.89306296152063 468.005593202245 175.34756031411234 454.89288586783795 Oyster-Closed 0
15.823875769929145 379.3363557073526 44.362599865416996 353.9519703731673 105.92509144065843 423.1564978155285 77.38670058686694 448.54053119296475 Oyster-SemiOpen 0
640.0010993518663 487.556262 590.3872773925832 487.556262 590.3884036678937 320.771911 639.9997655052721 320.771911 Oyster-SemiOpen 0
457.14569499999925 348.21763499998144 505.94130067838705 318.00378669660046 594.1400516620342 460.42979602212074 545.3450366061588 490.6428788252075 Oyster-SemiOpen 0
575.6435066298582 532.8691974868535 465.1653457586508 588.4352430383578 367.66033336913097 394.5975468702139 478.1315335995896 339.0336023292233 Oyster-Closed 0
69.52521762592369 636.4375040641514 15.049349182736478 454.7361559960757 208.83427723536442 396.64907890322917 263.31415523622127 578.343258733856 Oyster-SemiOpen 0
107.39247099998465 640.0000000000263 107.4198699912813 401.3775221959447 431.4440309534257 401.4088684762943 431.431576239047 640.01725135061 Oyster-Closed 0
431.7033805918618 542.0530674633145 540.607133936428 544.9681705740225 537.9846625318896 642.9150401275166 429.08091199999035 640.0000000000006 Oyster-Closed 0
187.68021057090664 52.952891689903 240.6825727316027 16.11683597166874 291.23057799675735 88.84878901823893 238.22828895143175 125.68475740246718 Oyster-SemiOpen 0
367.529363180729 157.49274620684818 338.1828950349154 70.47155120957389 453.09594364829536 31.719192430472827 482.4425943557435 118.74002425733352 Oyster-Closed 0
640.000076005017 159.52827699999997 612.005967772202 159.52827699999997 612.0060883941187 88.07514799999998 640 88.07514799999998 Oyster-Closed 0
424.8866650079435 137.07179564651915 400.5032572260825 216.15520683984488 241.35155362760997 167.08453661086676 265.735391310227 88.00185061869301 Oyster-Closed 0
237.48541107415804 143.79274559593694 194.71286257481552 238.91799495382276 68.76809825778764 182.28802469121834 111.54085630907502 87.16359802091723 Oyster-SemiOpen 0
525.4953176268464 290.5915930610829 455.296830367588 268.2896906984496 499.5611145078874 128.9702281901135 569.7580333002406 151.27185301203104 Oyster-SemiOpen 0
406.7385943330737 240.8864027016977 412.26583772033337 187.62404254211793 479.7997403968475 194.6320463455043 474.2728153584176 247.89411262094606 Oyster-SemiOpen 0
