599.1457824606186 356.5862188002995 599.1462059583864 267.9973972681468 640.0000012772944 267.9977369999819 640.0000016478589 356.58612957345264 Oyster-Closed 0
289.371169419901 361.9617385136829 248.54955322771275 305.40145238419046 334.9596575280884 243.04079524658576 375.7810376260022 299.6003840909755 Oyster-Closed 0
47.54756372793054 266.7278377989843 135.85869649039523 264.16862653895527 139.32386543303437 383.7332221160891 51.012735417098156 386.29239619106477 Oyster-Closed 0
262.18270205419685 313.5727493804305 314.76307181830634 354.3682496749472 224.75721467388212 470.36053723380036 172.17760502986494 429.56591368681757 Oyster-Closed 0
0 377.19806800000003 84.32762499999998 377.19806800000003 84.32762499999998 540.032208 0 540.032208 Oyster-Open 0
633.8385815328365 419.5100184459841 682.8589905183617 496.4756069568333 567.9339209592581 569.656851837254 518.9156704623019 492.6931644127333 Oyster-Closed 0
56.95382525816967 362.4591754550253 216.11508724832674 356.40631488239995 226.87655581976287 639.3355463004009 67.71530871010327 645.3880880854842 Oyster-Closed 0
280.6539860054181 90.4460117302228 297.9092277073505 25.925153992423063 390.8079114436987 50.76960998886021 373.5528649603657 115.29029415303141 Oyster-SemiOpen 0
341.8649420594011 213.18983036807342 268.564136930363 204.0748386537089 284.94220467749983 72.37204449407787 358.2420323858969 81.48697658683638 Oyster-SemiOpen 0
531.9692379739718 101.73625875761742 639.8301402445941 100.65339762889593 641.3549968152074 252.5373766961238 533.4940943617403 253.62022696470262 Oyster-Closed 0
224.40791011649708 344.3425258334997 150.810538999649 264.3939266348071 246.64142788147728 176.1811171913979 320.2380263579835 256.1287438962166 Oyster-Closed 0
220.94334342204093 357.68426925214237 134.6023450580833 355.88335988980964 138.27481642692874 179.896835154754 224.61261997676047 181.69771009433842 Oyster-Closed 0
