105.06129758388852 221.87142706358998 2.4840462280553766 256.8133996679267 0 182.84989592926112 79.8650711053051 147.9081306204484 Oyster-Closed 0
440.88813274385757 235.42811627201945 435.23529541140306 205.73739467196316 596.24468887283 175.08277803052175 601.8978094750491 204.77313309125202 Oyster-SemiOpen 0
278.7058767698909 140.96152460519235 302.2919222143537 225.6844710481809 129.42695843012189 273.8049870059269 105.84227931249188 189.0832062062717 Oyster-Closed 0
312.21799138351344 249.0727221129771 325.93997601943556 191.4686630478994 556.2228987255367 246.32094464140764 542.5023528531892 303.92376923353515 Oyster-Closed 0
328.87734376803564 322.9679203985702 298.2596962507523 326.8648454026766 279.857017523027 182.28264131446184 310.47381500000483 178.3857719999998 Oyster-Closed 0
50.29666200003703 229.82216199999343 95.67357592983171 194.44109439047807 192.43459611781873 318.53298142213913 147.05819282797165 353.91347801959085 Oyster-SemiOpen 0
160.25342702247144 229.40438809809748 232.72291841938568 190.73693931765882 337.7402635724138 387.54605943868364 265.27143708044605 426.2125253274713 Oyster-SemiOpen 0
0 304.838827920153 28.859824161118013 220.81107355746371 185.3327735453786 311.0149141921301 136.89127782927244 395.04092373782163 Oyster-Closed 0
315.83282553030585 374.1653083263303 332.56837475630164 247.75981719802797 583.2589005823684 280.9466924419171 566.5277164694999 407.34813062114347 Oyster-Closed 0
307.9401703251642 416.0993755570044 366.6827641626878 314.7887695332302 586.7837747243175 442.39254121628727 528.0459061099828 543.6990498634214 Oyster-Closed 0
100.33512799251184 415.8191093402775 170.53287220260245 342.95375922484305 317.86026860609127 484.86854639690023 247.66513325681444 557.7313424505684 Oyster-Closed 0
212.4619468486344 85.18940178234232 214.89427149746916 3.2465679233197475 374.2961807161191 7.978057342934994 371.86409819369146 89.92062802046838 Oyster-Closed 0
254.16326881393616 543.9721154559411 188.8374895429297 621.6475034848379 0 446.9706792685333 46.42956469557248 369.29912773950446 Oyster-SemiOpen 0
512.7240897556476 560.2115940924901 418.71434050153766 665.7779891102464 249.12629126185493 514.7823468926629 343.13259037466196 409.2206509351791 Oyster-Closed 0
158.63824856809515 538.438896895927 158.64056264661485 640.0010215359868 0.2997687319293618 639.9999958547623 0.30097459042735863 538.4413748272461 Oyster-SemiOpen 0
0 95.212038 66.455803 95.212038 66.455803 133.515732 0 133.515732 Oyster-SemiOpen 0
117.11539927404374 176.3100212258376 41.23836279162788 148.1129808247068 80.97820018017956 41.17727515138248 156.85457071187557 69.37417278841193 Oyster-SemiOpen 0
110.77371569161187 188.13611632892903 97.69635184842627 143.69502783038857 220.0918088569597 107.678864038429 233.1693604052998 152.11964911309738 Oyster-SemiOpen 0
