0 197.28862371874143 4.162095596984727 104.91255169724397 109.02659985913488 126.71352666097773 89.82227540691383 219.08899996467346 Oyster-Open 0
371.319047647703 182.51704127461525 340.3737574621482 219.1582384791172 254.61933445454633 146.73558975446403 285.56446928851074 110.0946412762296 Oyster-Closed 0
314.9911895090918 122.70686842896362 384.8417826122022 80.87324295279379 481.0011447843135 241.42994810039403 411.1509576968092 283.26304591221003 Oyster-Closed 0
453.42859968666744 194.84524472914535 546.7192057608918 103.29470618723184 690.9206725034164 250.2333415180335 597.6315997324855 341.78235983389993 Oyster-Closed 0
192.3418042474077 26.073022363858595 205.78022594345384 0 270.4409581855725 26.276325736345058 257.0025594128674 55.65258145686768 Oyster-Closed 0
58.53640000001178 322.8449940000076 38.27926352954819 204.60885063368676 271.6268107650103 164.62921856932627 291.8859716168663 282.86322515611016 Oyster-Closed 0
473.4031507666805 367.9884234225382 380.6743059087603 313.0918354371892 466.52612835117907 168.08609632088886 559.252605882939 222.98178482846342 Oyster-Closed 0
0 201.62350199999997 61.83187099999999 201.62350199999997 61.83187099999999 351.294935 0 351.294935 Oyster-Closed 0
60.75809873356775 359.3688334668534 130.1212963071157 221.9745882851708 330.6449766651349 323.20154199601154 261.28644334865385 460.59179080849117 Oyster-Closed 0
603.3511396142421 405.35507044673 517.7612390714785 414.29661200073525 501.6852557463426 260.4134784277556 587.2719356599555 251.47210542123548 Oyster-Closed 0
594.599878 326.555855 640 326.555855 640 394.588326 594.599878 394.588326 Oyster-Closed 0
375.43773383695225 28.697143717779518 437.6868095328973 4.3735758263629405 461.8363688472891 66.17728428567817 399.58730766171357 90.50082373994186 Oyster-Closed 0
0 436.4408676521141 102.22473656656803 342.5765919833277 209.7168820819934 479.19064549163625 90.40987728010805 573.0521525379423 Oyster-Closed 0
412.22427592125314 443.1308530247302 478.307903783425 405.3087859843761 583.9737468399107 589.8987909337436 517.8912616021989 627.7193284769168 Oyster-Closed 0
311.1864853536099 639.9993707701954 311.1907891294686 560.3363908302223 484.75195431965403 560.3433755765448 484.7507249148475 640.0033312007936 Oyster-Closed 0
179.12755500001367 639.9999999999732 179.13080426951637 590.0213872120428 347.4400905030052 590.0286941124991 347.4387643317459 640.005455817507 Oyster-Closed 0
34.46085100003984 118.74758500003566 44.231373328439076 70.52998981876254 154.08597092602577 92.78995149768072 144.31568935986434 141.007341149238 Oyster-Closed 0
559.923040488793 71.24644984790092 563.9671413295582 146.66071918564367 452.34531110450916 152.6459639796055 448.30157595759374 77.23204344689547 Oyster-Closed 0
214.30677902586467 149.16427562321456 200.76159974269103 96.23681723970293 299.030059435172 71.08812088023146 312.57538107733126 124.01535446342804 Oyster-Closed 0
377.72740185493603 576.575541815395 234.0038314973208 602.4314950548136 197.9340878331277 401.93986325660524 341.6474516211747 376.0848380032471 Oyster-Closed 0
