92.10706996906083 316.7528357722943 88.08391744867549 1.8702424022259607 449.1729571807082 0 453.2027548277256 312.1322295118363 Oyster-Closed 0
541.3916408624209 65.45595806604571 593.7494529565447 52.90205429430102 641.7781273399305 253.20945953256185 589.4203705625114 265.76320988988664 Oyster-Closed 0
288.03386512860016 104.36529560553404 394.81245729861257 89.02126583649815 417.3032095129747 245.53101708525412 310.5246566420101 260.87488992176907 Oyster-SemiOpen 0
0 222.548757 66.684948 222.548757 66.684948 308 0 308 Oyster-Closed 0
521.4111842810962 50.431712016800965 671.7280471475533 141.4922226133363 462.2618215464172 487.2455188371175 311.94769178531715 396.1886556111075 Oyster-Closed 0
125.43170131117222 308.1372811440547 187.05819832292036 195.4730132919984 443.3786788315774 335.6687623359202 381.75678815132414 448.3290789306471 Oyster-SemiOpen 0
226.47403389659303 608.7092766006222 235.98496420767333 524.5608898658863 395.80419041863934 542.6186965892635 386.2964373147406 626.7641971613131 Oyster-Closed 0
113.90812151919818 639.9998027881134 113.91283318444039 527.3310236039101 244.70653263662825 527.3366205330303 244.70503397358698 640.0021410198325 Oyster-Open 0
0 604 120.257883 604 120.257883 640 0 640 Oyster-Closed 0
242.77421266837337 608.6485475561203 275.9119179348636 605.9622598574264 278.67195200000424 640.0000000000018 245.53424924903084 642.6862664308073 Oyster-Closed 0
79.28827681891562 176.94071752781747 0.44832937681348994 113.03937375358862 112.21079479262698 0 191.05024992146355 39.05184613156146 Oyster-Closed 0
380.0283332471008 428.7096720145079 302.2982376332948 594.6958993527915 72.66216483818425 487.1693221613773 150.39401215908583 321.19029460706946 Oyster-Closed 0
296.5634580000187 399.99999999999284 370.83092248329194 383.44175045869383 408.1959968024603 551.0068896060656 333.928692503614 567.5646350303215 Oyster-Closed 0
640.0132754216611 625.641026 394.02525948557013 625.6410259999999 394.04290101672814 269.7435889999998 639.9988479934837 269.74358899999993 Oyster-Closed 0
