134.08018973983417 40.88231008595601 243.76824377352023 52.96511737111244 215.1270934627246 312.9652129639972 105.43906811297347 300.8826152806418 Oyster-Closed 0
523.6166756558669 145.99405755049506 571.45098109846 176.95057292162443 504.5143184335757 280.3781790784655 456.68025339102314 249.4219643406193 Oyster-Closed 0
640 0 640.0000173884473 67.85542499295124 587.4414691625861 67.85539985946502 587.4414970000362 0 Oyster-Closed 0
278.9235569999437 169.63855400000034 366.06940552344895 168.81189428382982 367.0676023347187 274.0375793981964 279.9217537484219 274.86423186120555 Oyster-SemiOpen 0
335.28926842489454 356.25835330121623 295.93409844484995 294.0022105429587 373.863216267564 244.7428267429134 413.218308836731 306.9983302539421 Oyster-SemiOpen 0
221.82072434414295 237.75646472337186 287.74049341271166 243.36944189825914 273.3331653950154 412.55925780988184 207.41341173597903 406.9463979902051 Oyster-Closed 0
524.9303094279458 382.2080263698298 498.1031742196501 312.76323863208336 619.736358513619 265.77873182273805 646.5639348114928 335.22241078189865 Oyster-Closed 0
0 146.506025 80.144018 146.506025 80.144018 518.814968 0 518.814968 Oyster-Closed 0
532.2798944383248 359.769193216728 619.5106772005965 339.1956191553737 659.683687435172 509.50601049325485 572.4531060963636 530.0790078416094 Oyster-Closed 0
365.8508234329929 578.5155745436423 266.7387777098338 520.7357782403217 403.8481005358335 285.5913190555093 502.95264144820976 343.3682622484739 Oyster-Closed 0
563.0808174553385 563.9759927683273 382.56513796754007 554.9908996994028 393.21725821937434 341.1594483848433 573.7194676487707 350.14419751633824 Oyster-Closed 0
425.5947171007574 3.2725265426404446 472.05131177339354 7.372423216796056 463.22310631039727 107.40606203607109 416.7665127613873 103.30617402431383 Oyster-Closed 0
292.1130015020026 654.3070981342241 226.7059156072355 638.6333079321714 253.75574691752263 525.7921745364858 319.15964174499095 541.4655654749707 Oyster-Closed 0
613.6726659684791 183.73548250227628 571.6839902303036 192.50134162513635 535.9221073014487 21.20183718212164 577.9102601538762 12.436033116041294 Oyster-Closed 0
337.0963811958791 168.47423789494187 350.1532338650577 83.97583375141707 440.4579680504685 97.92974603446942 427.4015456571942 182.42776267185576 Oyster-SemiOpen 0
567.5756169347005 181.97798268456907 428.6302775993681 193.21820790605673 421.2394453586603 101.85119472870954 560.1835198229674 90.61101905362449 Oyster-Closed 0
138.18365206432645 91.84123876503222 109.81871941432473 229.5224315444371 1.8410303604468936 207.27670996204876 30.206572025635978 69.59638279980462 Oyster-Closed 0
