381.78230289420753 556.6017634496926 300.04772792024596 553.7343145799706 307.8690893937164 330.9195169617232 389.5972679999977 333.78684899999894 Oyster-Closed 0
0 362.811789 30.828305 362.811789 30.828305 599.15776 0 599.15776 Oyster-Closed 0
237.24878753026132 595.3809179337769 200.20895240006212 599.0933654209805 180.93479952825874 406.81686601624057 217.9719149963057 403.1045582195567 Oyster-Closed 0
225.48797025403474 580.4992293288847 225.48993201955454 425.00733121584625 304.92416256405704 425.00872639711304 304.92449529680016 580.4983621970164 Oyster-Closed 0
89.35773602548579 491.74872181458556 204.9937819684419 494.7909589291588 201.09599427261855 642.9129431155411 85.45995315595064 639.8708017703912 Oyster-Closed 0
356.59697271563346 639.9999617209254 356.6007155213447 514.1535491903743 443.60464771743864 514.1567564206206 443.6032749921287 640.0007655412908 Oyster-Closed 0
356.39077339161304 574.2785228304629 356.3928420066077 640.0002039707322 99.83240800000203 640.0000000000256 99.8341348500253 574.2821914289591 Oyster-Closed 0
441.24256130613503 181.51407514876044 467.64700947627716 111.10616924473858 542.6698236889933 139.2408743209337 516.2657786659111 209.6484351064436 Oyster-SemiOpen 0
503.52689015708165 343.063371779742 433.7988408025558 341.4764938923992 437.632634594047 173.07744904977667 507.3583424946264 174.66429961641603 Oyster-SemiOpen 0
141.19840192848642 271.9849363483563 193.0539011030487 264.98975536978736 216.44035226745473 438.33980067118915 164.58488552147173 445.3348196211123 Oyster-Open 0
8.683540083075059 327.6876811142929 59.670089058345184 318.58142360682143 95.98112678693724 521.8654691960598 44.99465739063453 530.9714319682927 Oyster-Open 0
392.3913846533105 534.7543031561568 290.79132209728414 441.6605303603546 407.6436560721777 314.15044092223377 509.2407019939128 407.2417545902113 Oyster-Closed 0
