0 142.88974966954197 2.869037674390711 75.55460462664865 76.82632160118374 96.83881048559772 57.44800670683617 164.17372490427977 Oyster-Closed 0
272.0460723649012 103.82149118372442 310.16387910596677 57.21186096188813 430.7515938022698 155.82872460481934 392.63417918198684 202.43799518976795 Oyster-Closed 0
375.75280199998815 4.102915539087937e-12 559.5071894985449 0 638.4580572242703 338.8329190289682 454.70391783812374 377.28400859603533 Oyster-Closed 0
606.9503380175593 285.3584466197447 558.4984273309237 280.8860012773561 575.6482134040562 95.10980507341722 624.0988123897841 99.58218820031881 Oyster-Closed 0
82.97812835415243 338.0692717197509 9.521992483714712 332.39484465916325 25.63103922213486 123.88707789806077 99.08488675268018 129.56142479898114 Oyster-Closed 0
263.5294062912726 59.96991869539018 195.33418473045458 88.19403092684587 163.91915556465392 12.288835917647082 232.1142394751223 0 Oyster-Closed 0
51.27339684935578 70.79946734382915 390.21195463203185 29.356241566571374 461.7650889487413 614.5181941296776 122.82770103804069 655.9585106654704 Oyster-Closed 0
0 293.104345 88.80327199999999 293.104345 88.80327199999999 497.944314 0 497.944314 Oyster-SemiOpen 0
507.6944060000096 403.0184750000052 577.2439531223063 369.81469332917834 656.7632395934197 536.3533548627227 587.2143545067956 569.5560688021259 Oyster-Closed 0
185.60920157346118 274.489745213585 539.2060371956904 212.941245345115 613.5491349999938 640.0000000000006 259.9538102759834 701.5440787040452 Oyster-Closed 0
148.32951366362977 585.7516571969978 49.314196355990134 599.0674983011123 22.720044423476793 401.3263319414176 121.72826323650952 388.0109719460455 Oyster-Closed 0
0 473.48179500000003 144.152508 473.48179500000003 144.152508 640 0 640 Oyster-Closed 0
584.7366127686109 564.9628464256441 629.4144232258259 545.8420771371655 665.1193943844555 629.2497900219465 620.4418120605987 648.3701738823054 Oyster-Closed 0
227.61239400002523 71.24064000000443 254.14971222606255 37.979669382957155 304.74403149470163 78.34629160430372 278.20677604067896 111.60720297217412 Oyster-Closed 0
235.42576849344186 23.75344888925309 329.1305325249414 0 509.22282761377573 166.19789162398334 415.5188636574894 243.1236575664747 Oyster-Closed 0
