0 75.36070907664777 128.91318657442753 17.5349800816633 242.38117539971427 324.566303902796 85.90885027741024 382.3905728878377 Oyster-Closed 0
580.7690789295884 184.7984803960492 594.6699866541167 276.5017113811918 462.43471395311644 296.54436920270194 448.53501750425494 204.8422005617926 Oyster-SemiOpen 0
380.96165660164843 444.8499119890644 233.57573156368744 323.98670335443546 362.2983512836072 167.0306735582271 509.6804052346124 287.89138308127644 Oyster-Closed 0
0 174.228863 87.007931 174.228863 87.007931 488.50772 0 488.50772 Oyster-Closed 0
379.96050541369186 614.7249479267049 286.20159391372 615.872389277964 281.8787724168942 262.24521332722315 375.6270668090292 261.0978361560813 Oyster-Closed 0
378.31661172691383 336.65688429352343 616.9013180863112 340.14638714058447 612.6742656640272 629.115775521041 374.0895686890144 625.626452878246 Oyster-Closed 0
242.8327724335395 504.97344547010476 242.83578965070774 640.001204710927 84.92252830001235 639.9995611730712 84.92403023796214 504.97627374449274 Oyster-Open 0
316.8149249666021 505.43594365579855 397.8555202957068 546.35709489861 332.39941887077293 675.9533165405526 251.3596567237255 635.033452112922 Oyster-Closed 0
0 516.116792 65.693623 516.116792 65.693623 640 0 640 Oyster-Closed 0
247.19078293877828 160.60093534897618 152.7895214498858 154.64157392710743 161.83910039479088 11.296579341753063 256.239484757898 17.25591274003773 Oyster-Closed 0
400.87969195170444 14.637312918357841 547.3990672340733 18.924052896222808 542.8904834555578 173.0253502051261 396.37110641742765 168.73863384291292 Oyster-Closed 0
531.5805964578612 180.1550387802605 560.7253634013614 145.95568255163806 624.5581242231128 200.35281927621975 595.4135761882935 234.5519703446583 Oyster-SemiOpen 0
