640.0002124315506 179.001722 588.100311529488 179.001722 588.1005188413837 94.54962800000004 639.9999654944986 94.54962800000004 Oyster-Closed 0
522.1201974352152 51.42299564077685 490.664881014236 4.219111381408611 547.170324175604 0 578.625624122069 13.769382691777645 Oyster-Closed 0
53.59299599163933 137.6642008048504 140.77426480675058 109.08021072444402 172.54293448284443 205.97313688462913 85.36174247528834 234.55694543933419 Oyster-Closed 0
629.7688997063233 249.96183004964388 595.7885436966171 267.8169798629334 507.42426213742874 99.65352009605438 541.4039830545516 81.79856683065934 Oyster-Closed 0
0 142.817529 24.167125 142.817529 24.167125 252.438325 0 252.438325 Oyster-Closed 0
200.59122081205714 100.75461694826289 334.3618027490447 116.94866678524951 305.1276529084862 358.42884101013135 171.3571226382919 342.23512282400964 Oyster-SemiOpen 0
182.13784035709978 293.2465214411412 116.04992131564359 286.5733086023604 128.88487832482497 159.4771772053318 194.97134900004312 166.15031500000134 Oyster-Closed 0
74.79566101879755 201.60592050003277 97.50834983948153 194.4977921513103 118.60355547702056 261.9010558307729 95.89088622989948 269.00914056099117 Oyster-Closed 0
336.7418655149959 94.52577188758282 511.2825253744086 120.45442742458636 459.71590789980837 467.5630648853379 285.17548198622535 441.6353002673583 Oyster-Closed 0
640.000659516736 383.706254 586.2037576065632 383.706254 586.2045926822611 262.53585699999996 639.9999440245301 262.53585699999996 Oyster-Closed 0
541.4747172319767 164.03893088751855 626.3443942587037 197.28889799969093 509.5131849547761 495.4752922257426 424.6441655763192 462.2266141005255 Oyster-Closed 0
6.937230923140305 431.7226389017429 0 430.9175025902584 0.2703031537384959 250.09491798765174 16.121859354097978 250.90003668291675 Oyster-Closed 0
93.52051755769935 260.5449445605323 163.32275322129135 241.38618997078794 222.5450134184939 457.13715734838183 152.74301019511768 476.2953497034258 Oyster-Closed 0
230.82006067968905 438.505687003498 165.4642755840905 406.5207425959093 222.8023900725384 289.3741927728014 288.15632277619443 321.3586088791851 Oyster-Closed 0
25.021673541414202 122.22506468062768 165.30929523636587 133.19801822883076 127.47840636511683 616.8184975171032 0 605.8462941129998 Oyster-Closed 0
348.31651400003466 396.19577199998 393.5461601224233 359.4649112222693 473.8216606782953 458.3021632652457 428.59268376094406 495.03228354687394 Oyster-SemiOpen 0
640.0014121981076 497.53298899999993 574.8268228170491 497.53298899999993 574.8279520708456 377.28055100000006 639.999929277401 377.28055100000006 Oyster-Closed 0
143.45319675878272 468.6728764342848 334.43517400526616 345.9945153170833 505.98661423609883 613.0171089409808 315.0105432551936 735.6879590384956 Oyster-Closed 0
0 464.257028 257.407254 464.257028 257.407254 640 0 640 Oyster-Open 0
579.5958749978308 640.0001053665193 579.5988628077612 491.16639745846805 640.0010994491458 491.1681820330406 640 639.9999999999851 Oyster-Closed 0
514.8268190766976 90.79769528395974 536.2914573337184 4.2346511333133465 616.2542360383668 24.06263971375968 594.7897809725691 110.62552166446993 Oyster-Closed 0
548.0631750201428 566.5429815222656 588.5657842825458 574.7029283077314 573.7626680238463 648.1598089534828 533.2600999999704 640.0000000000009 Oyster-Closed 0
168.2746019960905 150.54504710127958 106.76143855802366 142.67932017269547 124.91015023028012 0.7531978448384911 186.42270731172175 8.618880447211648 Oyster-Closed 0
