168.98787143974914 182.2411245240505 212.4105408716423 140.80249431556805 310.31765815627296 243.39446319923567 266.89545692512183 284.8326251110206 Oyster-Closed 0
57.09229565320129 311.93941605320106 31.32107391145837 204.41410991876157 217.45693435637804 159.80334111170737 243.2293495763588 267.3267147840706 Oyster-SemiOpen 0
483.97395056294044 232.9100450539315 585.8445065381238 303.48033636622284 527.8993727282796 387.1194072172186 426.02947105835483 316.54992787313 Oyster-Open 0
0 338.0638579075032 26.559400655678473 278.16789434847516 120.0110734217742 325.8525097907694 89.44720269348181 385.7476820221013 Oyster-Closed 0
268.361959183967 267.8060699383623 296.19153109822946 440.48957623761424 102.80994022068626 471.64634245475526 74.98555913560267 298.9674211465319 Oyster-Closed 0
515.7831150000129 474.07407400002285 472.9904932463978 397.08317153221424 619.0202089284139 315.92689527640096 661.8129195734218 392.91591671743043 Oyster-Closed 0
281.4025243680953 447.597927809507 306.6483377159602 397.63587654983695 392.8846866013191 441.204940767578 367.6398120437807 491.16618852252833 Oyster-SemiOpen 0
398.56353714392753 371.8586398666017 500.89925905733253 366.32061997636765 509.62703711527865 527.5768437397503 407.2913225843513 533.1147135608323 Oyster-Closed 0
639.9999999983265 406.9134055139833 640.0021738621581 606.9984200380018 501.2291720783833 606.9957341623967 501.2321976068779 406.9159833419616 Oyster-Closed 0
356.1282534318889 439.70333519157816 372.13958729233127 581.7647415984048 155.57690797264513 606.159883389496 139.57211114946404 464.10439615325515 Oyster-SemiOpen 0
50.387868471298134 665.454702113102 0 480.79779559089366 106.3519478886883 407.87109691765346 197.75552556311595 592.5218504214452 Oyster-Closed 0
299.3034434197034 639.9995348548796 299.30671988637187 550.4509616774045 458.7635137051984 550.4555881779569 458.76340133203485 640.0009950482645 Oyster-Closed 0
640.0009355795191 640 443.93829699998605 640.0000000000001 443.9418387882324 570.205762 639.998394678114 570.2057620000002 Oyster-Closed 0
107.64705800000229 640.0000000000097 107.6509027571592 592.586756342784 341.9883792602923 592.6009677708477 341.9870776884636 640.0116574046804 Oyster-Closed 0
409.3165763876459 97.2358865502291 413.6909049656242 229.79516745715173 267.7804655321961 234.60874067770916 263.40737348939 102.0506876737872 Oyster-Closed 0
