405.304143314861 227.26197630907967 345.840011534674 191.55251869285112 401.265329002199 99.25986071357934 460.7288752220484 134.96909041843753 Oyster-Closed 0
133.99133214225003 243.76587613962835 57.03688770838198 273.98172044862974 0 125.35955580843424 75.63304761453765 95.14403021990931 Oyster-Closed 0
640.0005352443986 251.34870600000005 564.3425491979724 251.34870600000005 564.343103708743 144.90565999999998 639.9999474178185 144.90565999999998 Oyster-Open 0
346.3934415940457 325.84151291834826 184.8170919414406 283.20781122799707 229.6947752289998 113.14214646490136 391.26702326437226 155.77530265472615 Oyster-Closed 0
196.53195277838677 158.6863294083783 256.7749138268846 205.71565077142253 178.15823111777718 306.4164200982328 117.91572950896807 259.38762233222866 Oyster-Closed 0
407.6836478405312 238.3052451805372 405.98253679432673 258.73669572180285 362.9040408824221 255.15004466614943 364.60522523710097 234.71867508030874 Oyster-Open 0
390.30218905034417 284.4444200845919 370.9451161715697 292.8981632554381 354.3960572504875 255.00666658306096 373.75298977778584 246.5529586648508 Oyster-SemiOpen 0
399.208183490191 266.076025072568 438.7548373993195 343.69425515306267 336.2739594757295 395.9029108165919 296.72859031568805 318.28577866377043 Oyster-Closed 0
0 313.369715 76.599003 313.369715 76.599003 432.033543 0 432.033543 Oyster-Closed 0
61.932917476588045 501.1937708876678 7.563464566192124 433.7946109883006 121.20992095391557 342.13119693650333 175.5785532676964 409.52882216067155 Oyster-Closed 0
316.82519550813595 466.61970489049975 323.3256269163394 383.2635567499785 531.1216042019078 399.4643507997221 524.6241511804692 482.81769647445856 Oyster-Open 0
320.03724590736965 600.6715196323597 153.8434682477964 590.9624147223475 167.65744354946946 354.6701813099929 333.83656927748234 364.37884339130284 Oyster-Closed 0
357.08922391095257 13.673354543474838 387.76828493479115 0 450.5781936855783 76.28463277961684 419.8991652317636 98.89546551313882 Oyster-Closed 0
311.99128998101514 466.39430233316546 475.680980091347 439.00502048983515 505.43562618477154 616.7967408342608 341.7461989628646 644.1850274958621 Oyster-Open 0
441.0671815642854 639.9994758162233 441.07692162120657 438.29238230730175 640.0018423039 438.301097426709 639.9999999966531 640.0005142296557 Oyster-Closed 0
53.04785799999081 639.9999999999665 53.055758071132004 576.9204222123898 377.26938434585463 576.9474066648194 377.2661048427108 640.0226366100371 Oyster-Closed 0
344.31071147897455 133.7170561502042 268.90217280561046 132.44142137805116 271.1627525163931 0 346.5707517445844 0.1034831589134855 Oyster-SemiOpen 0
520.7915817651519 159.0794989695841 441.3607701953151 120.91906508375328 504.12876204827626 0 583.5590677071741 28.429342510501368 Oyster-Closed 0
102.38285926046956 152.06151474339413 29.060756694234442 113.20988345327567 84.30179905677505 8.958269592323381 157.62349944772723 47.80977111531315 Oyster-Closed 0
155.58991176410927 248.2549082149592 59.840648144236184 176.8757341329648 197.4591503461852 0 293.20733760338044 63.65382589036065 Oyster-Closed 0
