407.59999631794926 124.64301900203449 487.13792434573406 86.75081631375508 601.3821614198241 326.5495713163051 521.8447711093904 364.44094929570184 Oyster-Closed 0
0 206.569753293459 70.59574912898825 182.66289556637935 124.99055184758618 371.9804332942261 41.78025389141112 395.88678802106824 Oyster-Closed 0
524.0785176455393 409.21375261283083 479.20383168348053 334.20327965952225 569.223616562449 280.3544214426429 614.0982600030111 355.36387749208143 Oyster-Closed 0
320.7172769654426 374.8724444818736 332.03780488373013 289.7393108303029 507.50053987394494 313.0684626673986 496.1821360916656 398.19968655822345 Oyster-Closed 0
631.4031925347081 334.47029878434034 668.3757360852906 400.55898491765413 544.8986342128774 469.62641568863387 507.92769382314873 403.5391126788139 Oyster-Closed 0
159.07059054290585 588.6390952297769 75.31849085302383 476.7390149841516 312.8268853627378 299.0032958190612 396.57675501795893 410.8977706373255 Oyster-Closed 0
266.70581034566567 620.1443534567175 201.89373358007288 542.1060395388649 362.1734646178811 409.01921359609696 426.9836958091764 487.054399629311 Oyster-Closed 0
640.0064474967076 640.0000000000001 336.91742830829753 640.0000000000001 336.93162779563863 367.56756800000005 639.9901609049994 367.56756800000005 Oyster-SemiOpen 0
260.5854627773806 259.4135952382988 176.8264078834909 254.47484840579517 187.81855380708294 68.07216023005259 271.57578919090156 73.01085487140176 Oyster-Closed 0
0 115.68803072444152 131.4174929974979 31.07266586599726 254.30094912546338 233.04075038055254 115.22867553125252 317.6547903557323 Oyster-Closed 0
378.9228769559122 319.1463661292174 243.01889105328883 321.81005946445623 238.0059408571833 65.92812556672153 373.9048924267263 63.26448194560924 Oyster-Closed 0
