582.8164070448838 239.2379098711666 471.1836473994481 301.2086401506911 382.5064698285132 141.4700597759849 494.1370748633926 79.50005821585017 Oyster-Closed 0
0 191.67179400000003 71.208657 191.67179400000003 71.208657 243.277334 0 243.277334 Oyster-Closed 0
111.07992522411223 389.0496165122355 54.286469002836384 76.5478800043348 333.580290718528 25.79108387954024 390.3787846995692 338.286240729812 Oyster-Closed 0
640.0007208510215 308.0114980000001 572.1544227082632 308.0114980000001 572.1554661655682 174.21221200000002 640 174.21221200000002 Oyster-Closed 0
95.1958951215056 239.03592527360047 91.1429404863884 296.8990139665736 0 290.29384749468113 0.9010610840050504 232.4312971085101 Oyster-Closed 0
647.3731793936895 325.8577725865945 592.1988512473035 391.9625874937315 503.6314576967561 318.04458593018353 558.8052494124713 251.94066451373965 Oyster-SemiOpen 0
427.83273152330366 303.64373183781316 444.42012012230407 349.5022349386193 272.2614715499367 411.7650010037681 255.6753988271521 365.907613529576 Oyster-Closed 0
335.28716126478685 449.03148485326994 310.82444207895605 372.268044589443 522.6135659081774 304.7803437334778 547.0776290175854 381.5415006390025 Oyster-Closed 0
0 292.758975 135.252174 292.758975 135.252174 464.738462 0 464.738462 Oyster-Closed 0
344.08676565588394 405.79612917660035 320.4154773850314 504.89001115632306 151.14883736699994 464.45823499078705 174.8220200282958 365.3671225889866 Oyster-Closed 0
638.8706288697722 530.4658815237469 517.7018464273715 595.95169107716 426.2255815786921 426.7149779936887 547.3876956864115 361.2313740508695 Oyster-Open 0
0 433.230769 109.971838 433.230769 109.971838 640 0 640 Oyster-SemiOpen 0
308.9979845828202 635.1832114748086 279.8441816954437 504.1972926149997 489.73648629129457 457.4904401525612 518.8942929715995 588.4704802913295 Oyster-Closed 0
484.82221586920787 97.47691381414049 562.8727846602851 34.07973145116207 664.9770656989131 159.78321362200117 586.9269597976381 223.1799145973945 Oyster-Closed 0
