139.72443123479025 356.18542042570425 113.25206925132079 268.3522877415069 305.935993883395 210.28087020114594 332.40940741721715 298.112147494547 Oyster-Closed 0
440.8747406045586 291.29333047203255 443.6318537624902 405.47449089517016 267.22636238788255 409.72984766345 264.47190334205516 295.5511465322678 Oyster-Closed 0
0 449.1328462859565 1.3325080405775225 335.66875741580134 265.32648899941705 403.75584600737193 236.06402473487833 517.214978528679 Oyster-Closed 0
640.0089533397841 630.2901259999998 396.0881915909704 630.290126 396.1020514064876 287.8892739999999 639.9961217715463 287.8892740000001 Oyster-Closed 0
216.18707935180282 526.1577272778235 10.064370322070317 649.0414069174368 0 505.2324200355661 130.4315466053231 382.3527100164444 Oyster-Closed 0
581.5640551871184 472.45293078535906 607.7738184952614 613.4327382995799 216.14097242883872 686.2036401679852 189.9449467464001 545.2361158780577 Oyster-Closed 0
241.95461417264596 201.30798853777083 222.53147311435896 91.2843785253462 316.6931581969402 74.66165157830437 336.11672448721947 184.68474100089628 Oyster-Open 0
640.0017715220747 270.854406 517.678419902295 270.854406 517.6801248962147 91.98828900000004 640 91.98828899999998 Oyster-Closed 0
640.0002883882553 223.15677500000007 577.5056809431408 223.15677500000007 577.5060741275956 146.81561999999997 640 146.81562 Oyster-Closed 0
112.23253543852479 244.8765098828721 46.19095668276714 271.062584319479 0 126.9877183304915 55.103320094858645 100.80190767800642 Oyster-Open 0
386.8777007609606 297.2632164524238 377.02504995526397 191.21740541239038 513.7197919854952 178.5176496890674 523.5735964833293 284.5621202433954 Oyster-Closed 0
