379.6007671310508 665.7559957320257 204.63629049321753 630.3672111583113 289.76968337767175 209.59669196838263 464.71063943645277 244.98303816531703 Oyster-Closed 0
581.8696979530796 0 703.8545228503062 30.84856537190669 560.2638436225243 328.0662777128118 438.27967518118385 269.1356067098157 Oyster-Closed 0
593.8937415461987 418.9608187114428 473.201889281263 467.31562458573364 358.4623601050407 180.94467566175803 479.14621939416975 132.59173779877128 Oyster-Closed 0
558.4949697139382 0 601.2925972652738 61.576565760448716 401.98789357913483 177.60449439791716 359.19080850173486 104.09103389180794 Oyster-Closed 0
640.0013731959189 440.460949 586.297254823221 440.460949 586.2989398850914 231.49807799999996 639.9999937090615 231.49807799999996 Oyster-Closed 0
598.8327195396414 587.3141148023536 464.2518775667122 590.6911074613037 456.29648231886677 273.3596557159239 590.8626532837661 269.9828555644054 Oyster-Closed 0
207.28273471366265 531.9598438299711 48.12314805589267 580.2492388964652 0 306.80731313368784 124.29989290314552 258.5201351497954 Oyster-Closed 0
251.93651043817226 0 251.93680681361002 128.58336422291325 72.01908391209145 128.58310821786557 72.01933743606787 0.0000815912642730656 Oyster-Closed 0
300.4983384717343 0 420.738718957582 3.4661217074631523 381.4542243689357 195.18423514276185 261.21389873937005 170.54634817966533 Oyster-Closed 0
398.7588528883498 184.68691666133023 322.390353326482 313.31532796715067 185.2920968717808 231.91943199739728 261.6605392420752 103.29258675415855 Oyster-Closed 0
231.67986920117983 441.6872213446551 130.44347294446197 465.88763868316767 55.746734379281406 153.41878675828562 156.97649407418794 129.21917091246934 Oyster-Closed 0
253.0990572267183 398.5428072697912 190.42911893229757 402.2537631958182 172.09408289185376 92.59917972682148 234.76006887831318 88.88834917417228 Oyster-Closed 0
0 498.20207667284285 25.275974513569963 442.07117436489136 185.7405744735297 623.7252140188698 122.18653113217442 679.853289185643 Oyster-Closed 0
241.34455959618208 640.859568702428 129.5438767932501 638.9437637807049 133.49034590028168 409.02050072935754 245.2801080000063 410.9362070000003 Oyster-Closed 0
378.6065740000049 639.9999999999815 378.60796268389095 584.589550138606 449.52080124028726 584.5912884929837 449.52030999280396 640.0008360027059 Oyster-Closed 0
18.923199999990175 94.11764700001763 0 46.371823612861036 68.93818478856701 0 109.92106606718153 16.0090862914404 Oyster-SemiOpen 0
0 0 29.169809 0 29.169809 63.628832 0 63.628832 Oyster-SemiOpen 0
0 54.30195719642288 71.59723163123999 43.74350180574011 85.49832657554362 140.5226486328009 11.990203072491568 151.08106638034414 Oyster-Closed 0
