0 290.311366 241.09941700000002 290.311366 241.09941700000002 584.749747 0 584.749747 Oyster-Closed 0
420.65811699999995 23.26537 640 23.26537 640 370.222855 420.65811699999995 370.222855 Oyster-Closed 0
426.1590683503164 161.17704764905108 326.0355492763483 56.236404845736786 478.3287648931582 0 578.4517337464786 15.874812819481392 Oyster-Closed 0
507.45129291266494 234.25558364897518 390.39303142890276 353.54127544745944 223.07790941289568 189.35404464749612 340.1347007181903 70.07010707753741 Oyster-Closed 0
523.7406471171562 332.00307717176975 589.4159675838455 444.6506622366247 296.4901370467851 615.3933488179397 230.82264583426877 502.7525308791342 Oyster-Closed 0
280.9009927113948 384.42927810693664 275.16880555151147 299.34621206174353 530.960110550659 282.11397474485227 536.6947700967285 367.1939531022219 Oyster-Closed 0
590.4341027347982 467.4936647281728 558.2211303096119 345.1061207025368 629.1063706880232 326.45107604800734 661.3201851009944 448.83732221829223 Oyster-Closed 0
483.1684087093163 640.002408489426 483.17214595663245 459.2364901308752 639.9999527807086 459.2397841469571 640.0019847007206 639.9999999657509 Oyster-Closed 0
523.4694685159775 638.8876862301527 406.9527243053017 667.1475285558562 377.60564681564574 546.1664792700218 494.1164260000369 517.9073799999962 Oyster-Closed 0
201.31436233197746 607.3840534313408 116.07040870752826 520.2136532934804 342.0725933169888 299.2453980989799 427.31174214066414 386.41083469325827 Oyster-Closed 0
0 547.241978 113.413228 547.241978 113.413228 640 0 640 Oyster-SemiOpen 0
266.7275618619169 0 363.15549030710827 0.7957999660466182 341.66301972938527 169.2713218496667 245.2351054832252 156.97008868229068 Oyster-Closed 0
270.6599891825317 145.2538749589389 187.1131719506957 157.84140472161877 164.03600916382857 4.67079058801625 247.58220874638937 0 Oyster-Closed 0
32.845750531341764 126.91510902854492 36.772110116507974 0 194.74012599996058 2.0920098417326283e-11 190.81425902484625 131.62667047005627 Oyster-Closed 0
0 0 94.792325 0 94.792325 173.984509 0 173.984509 Oyster-Closed 0
1.2233029725030065 325.1119384970946 0 176.60091407700807 182.24898569169454 115.68754678519642 223.03545320930425 264.1959168300723 Oyster-Closed 0
103.91861700001755 639.9999999999993 103.92528143362142 549.2567499364802 338.19481618484133 549.2699290217046 338.192876003086 640.0084830857817 Oyster-Closed 0
294.67726299997594 639.9999999999695 294.6802525762905 563.4236987573657 397.50869310315466 563.4270927327105 397.5074659740494 640.0016576437085 Oyster-Closed 0
196.15270986410906 202.80986950731307 264.94416822417406 168.67883190998862 340.4818283786881 320.91939276324683 271.69074840327085 355.0498622139062 Oyster-Closed 0
