110.8835985208134 568.9263138608677 11.597973167081363 501.88859002904405 171.20640600936895 265.5400681900426 270.4860251721402 332.57503053461915 Oyster-SemiOpen 0
493.3183189999545 9.175900256022246e-12 597.3190711513598 0 676.3603588253318 154.88659304230953 572.3597568861442 196.68142812281744 Oyster-Closed 0
281.9928957623779 385.26766470389083 268.27371296225465 205.43367170374103 524.3132353910187 185.90039485457686 538.0369252696255 365.72966773210914 Oyster-SemiOpen 0
640.0025263112184 573.457764 571.847950270967 573.457764 571.8497526732244 386.825915 639.9999023016426 386.825915 Oyster-SemiOpen 0
277.18747375824023 345.3559447626717 171.05129177871277 337.53586992249774 187.27618912889739 117.36152002946585 293.40868828665407 125.18146682369363 Oyster-Closed 0
0 72.964169 186.64747900000003 72.964169 186.64747900000003 215.418023 0 215.418023 Oyster-SemiOpen 0
269.9951825760945 204.96129201891748 263.27934567780176 54.52801963128802 509.3305810038146 43.54297566402597 516.0480595278204 193.97454319170123 Oyster-SemiOpen 0
436.40402899996843 56.749908999976945 463.94846779177897 10.905248609501255 543.8327013618255 58.90130337312752 516.2883704134583 104.74586903528521 Oyster-SemiOpen 0
306.2863758706226 64.87347973040048 304.15402585502306 8.276257245002846 354.64453767875966 6.373987761897687 356.77692471021146 62.971170673192134 Oyster-SemiOpen 0
337.15248400003475 640.0000000000277 337.15988601550634 539.6943548764272 541.1100406783953 539.705723158303 541.1071123625879 640.0070434583438 Oyster-Closed 0
79.6364039999753 639.9999999999702 79.64203481984441 558.2279211243123 273.2602783424227 558.2387579487995 273.25818436460395 640.0073070418755 Oyster-SemiOpen 0
503.2099190620647 529.619997066398 447.59482691806625 616.3928695297283 264.69856968898966 499.188104795032 320.3131252730964 412.4188048404369 Oyster-Closed 0
588.6857582841913 363.5833858353834 590.8355085783114 484.5923887120151 306.069278604773 489.6408813949937 303.9250637617806 368.6371965000345 Oyster-Closed 0
56.03219601922319 457.3676757465563 0 410.23302473804847 34.63807024752896 216.55268005445106 141.47990296885837 263.68617635160484 Oyster-Closed 0
99.80438587816025 610.3097526511534 9.724451886067982 622.2571965324777 0 442.0785034186265 75.8995283585682 430.1314791056985 Oyster-Closed 0
133.6564907767024 538.2372295798605 202.71318482635252 424.8622825853673 358.46233707452484 519.7114663295303 289.4103608070145 633.0822868514925 Oyster-Closed 0
524.43133174791 365.1168562316877 513.2990387339669 171.18381206005012 636.9235868406395 164.08802833827747 648.0580696349352 358.0187913763851 Oyster-Closed 0
106.66807197543676 63.887785244393925 145.35690437354788 0 268.4397881683981 27.768039988938536 229.7512430495408 117.15853894450345 Oyster-Closed 0
0 0 98.19349599999998 0 98.19349599999998 45.168296 0 45.168296 Oyster-Closed 0
61.112500351518975 257.2896267372881 120.61489335457736 187.7521189018955 185.96299164019 243.66758750259982 126.46118941498571 313.20454009693844 Oyster-Closed 0
