334.37522489031835 307.55612599261036 280.29806421101966 112.73806170507329 606.594701706781 22.164792858890102 660.6744206724397 216.9793382018998 Oyster-Closed 0
613.8900972416741 507.93935962600705 453.42020802105253 535.4171016411533 410.12674797937507 282.57780425014414 570.5848583933403 255.10108735179256 Oyster-Closed 0
280.25437990843784 639.9999449284614 280.27144931482326 444.4330944736589 530.8331144900876 444.4522786688684 530.825920336647 640.0095335572133 Oyster-Closed 0
62.30482330225641 420.840709058504 172.2104492483777 426.59591677891 164.08464496213128 581.7447555902291 54.17903145651508 575.9897158871948 Oyster-Closed 0
63.49509270345152 313.5463986957709 58.819322839262895 250.5140114192643 134.1138279793813 244.92887013339583 138.79005085538665 307.9607673398293 Oyster-Closed 0
0 315.412186 53.67241 315.412186 53.67241 527.598566 0 527.598566 Oyster-Closed 0
319.8956113507302 499.80200030787586 110.34170650869783 395.9144549410292 201.7998059074307 211.46418466308756 411.3438957850303 315.3487776181024 Oyster-Closed 0
150.9697840831359 286.73857706153757 51.698031628111494 229.0603122058697 118.8724070108583 113.44954283755368 218.1426201240538 171.1272480769349 Oyster-Closed 0
85.0490126296063 159.42178333687838 81.84389760688646 91.87412471274614 178.4192297552363 87.29166309272038 181.6246245426737 154.83901645453147 Oyster-Closed 0
640.0020861990197 603.243096 588.1371724177734 603.243096 588.1396086619498 335.483871 639.9999718918843 335.483871 Oyster-Closed 0
