55.08091980518657 117.06664786162702 273.04139108870004 120.95002572472622 268.13247648024117 396.4603186338237 50.17200923706696 392.57703943594845 Oyster-Open 0
329.0711772128998 581.6512855554541 175.17189848535054 520.500148366486 293.2260178765864 223.45434772254063 447.11192591974395 284.6024768019654 Oyster-Closed 0
1.2936421627091477 639.9993994388574 1.3125276003120234 349.0842073022594 221.22178772842744 349.09927758588645 221.21466708922526 640.0029161858146 Oyster-Closed 0
386.74515873579367 639.640388179184 247.1952811013034 653.6227570738065 235.404668341871 535.9368356793358 374.94743717812526 521.9548235229606 Oyster-Closed 0
216.7637079999986 639.9999999999649 216.76495746025466 577.6622146824454 274.99692401572247 577.6635122705816 274.99649899691576 640.0004664971946 Oyster-Closed 0
640.0011925135186 640.0000000000001 521.1033055618464 640 521.1076778153074 430.12987000000004 639.9954940121097 430.12987000000004 Oyster-Closed 0
524.402631618359 639.8526877413282 395.30827671143925 649.4048753144228 377.3156049341196 406.1984289090524 506.3977536771563 396.6466947082798 Oyster-Closed 0
396.8096580333804 640.6623531967199 327.0066762530041 633.7162808562055 346.8390634307434 434.5087456286746 416.63629580238194 441.4545226490491 Oyster-Closed 0
640.0027560572198 255.58441600000003 476.1205161944963 255.58441599999992 476.1226912421989 0 640 0 Oyster-Closed 0
445.27574499901675 0 445.27668679591443 234.8054918389381 264.3585121828801 234.8045903351976 264.3593800520466 0.000007299601787159782 Oyster-Closed 0
270.19828855918604 0 270.19847504401696 124.67535899159193 101.3590717347688 124.67506311230662 101.3593750000291 0 Oyster-Closed 0
53.278662657903624 232.7269593477114 135.7467467583774 271.66201147712803 32.04792798838753 491.2851948846417 0 452.3514048567545 Oyster-Closed 0
640.0071587847924 563.116883 504.10877502486983 563.116883 504.11548709176714 203.6363639999999 639.99995869548 203.63636399999987 Oyster-Closed 0
422.98647580842953 10.438595436059286 553.4970023722417 5.514530210409995 566.3871436312184 347.1561866289374 435.87663839971356 352.0801300909654 Oyster-Closed 0
456.44766700548644 93.68823613325704 423.7438500823191 84.99229381295393 448.6556563459453 0 481.3593750000291 6.6394078975550915e-12 Oyster-Closed 0
190.33258299110457 85.90013803916791 307.68180297156505 41.654788774887585 398.11153783040936 281.4914063888524 280.7626391889062 325.7359556737953 Oyster-Closed 0
0 116.36363599999999 42.283434 116.36363599999999 42.283434 347.953315 0 347.953315 Oyster-Closed 0
98.97531110393174 116.08409723445942 105.91137803676247 59.36152745846813 176.38932187830505 67.97958131014914 169.4534091737296 124.70200314800373 Oyster-Closed 0
42.28343400005542 203.63636400001576 0 149.2949763103158 41.47932864987524 0 134.39722006907687 46.131266551243755 Oyster-Closed 0
