297.5997709415242 254.31129959338475 247.9803905893641 98.49714250047371 438.5315375709615 37.816566256017225 488.1517753413209 193.6289409063792 Oyster-Closed 0
130.8024773681973 416.32948492996684 168.21446720976382 250.3312906690816 429.5097426578286 309.21429438558613 392.10468808814767 475.2064812467761 Oyster-Closed 0
362.4182419999852 292.52873600000186 478.3375412888563 259.5016423109729 517.6033558267955 397.30704769930634 401.68428617864265 430.33352885204147 Oyster-Closed 0
541.0689248107519 208.86021935805337 542.7664807826659 292.9341299219936 376.7207802689518 296.28472428743345 375.02455398236634 212.2121249430857 Oyster-Closed 0
640.3287714727048 41.528793020581595 638.0695761855895 125.50129435840799 437.34445011461503 120.10014903733864 439.6041203667846 36.12809250162316 Oyster-Closed 0
573.9260767836095 112.73860007705188 576.0406690941454 179.5502023946526 478.7900307205564 182.62769626940508 476.6758042026777 115.8164467655459 Oyster-Closed 0
292.016134 472.413793 526.812141 472.413793 526.812141 640 292.016134 640 Oyster-SemiOpen 0
622.1237751046283 544.8264708778203 622.1257826138026 640.0010593954215 454.0984429999662 640.0000000000325 454.09996851441974 544.8289756217921 Oyster-Closed 0
640.0005962792784 546.629348 619.2192945699935 546.629348 619.2198260602163 392.392074 640 392.392074 Oyster-SemiOpen 0
640.0021530639788 640 502.9817852882843 640 502.9868752034963 464.9425289999999 639.9979174009059 464.9425289999999 Oyster-Closed 0
619.219834592077 484.48283495886614 574.2866983281419 474.8302546692455 605.184014010083 331.0263837620667 650.115167541444 340.67874055380446 Oyster-SemiOpen 0
640.0008600133879 330.45977 561.6822938049881 330.45977 561.6831597135752 224.71264399999998 639.999992588273 224.712644 Oyster-Closed 0
640.0003471057425 192.152403 575.0497466684465 192.152403 575.0500453512359 87.93103400000005 639.999996159313 87.93103400000004 Oyster-Closed 0
582.5976220665325 146.73611772612225 609.9049943826685 207.7822610119797 495.11029647481337 259.130292445186 467.8035961447313 198.08471399187286 Oyster-Closed 0
562.160213336756 341.5209037503365 499.06019903755805 304.1166414052466 569.6683892466535 185.01002926773137 632.7670789999684 222.4137929999875 Oyster-Closed 0
0 187.931034 126.250938 187.931034 126.250938 369.54023 0 369.54023 Oyster-Closed 0
159.2676584830042 348.67307333356706 53.800948527714354 277.35970958968363 136.2287023425597 155.4637370465554 241.69332572215353 226.77613285408978 Oyster-Closed 0
302.34877871058416 219.5399257936805 193.27631725143874 259.2907471820523 149.7822389515204 139.94828086893682 258.8531189434434 100.19776881162231 Oyster-SemiOpen 0
191.92407800001092 123.56321799998398 200.72862223925767 64.20878425057191 302.5345209999796 79.31034500001832 293.73023233099957 138.664550775953 Oyster-SemiOpen 0
262.24662809188885 0 262.2467440172477 99.42532162488517 109.5110957838915 99.42515602278242 109.51126569307235 0.0000014222145970235624 Oyster-Closed 0
204.2319780161779 103.10627697094424 124.24288049165625 176.2949175721704 13.671443534331047 55.4497770031942 93.6601754133153 0 Oyster-Closed 0
0 0 71.65437 0 71.65437 20.114942999999997 0 20.114942999999997 Oyster-Closed 0
0 187.73030493369592 1.0499858693219721 126.84584366084934 152.1518291366374 148.8547946582829 143.28403168568911 209.7386463602126 Oyster-Closed 0
128.3795000064856 336.0583693140784 120.02787173820252 431.7273538906506 0 420.51953712638004 0 324.8523369999939 Oyster-Closed 0
19.824053360935068 428.39015983448246 120.26183502159256 404.06100781571706 164.60060749021068 587.0738620810877 64.16317951880046 611.4021514651586 Oyster-Closed 0
109.97773605078692 639.9999999968389 109.98265471389459 509.1935767640254 224.4715558696771 509.1984459887176 224.46985350121395 640.0016027091688 Oyster-Closed 0
292.1648371019546 646.1278871560932 220.02844838840247 624.3103045251128 274.25044117713696 445.0831042693335 346.382112747815 466.8999602126338 Oyster-Closed 0
319.4092934930086 569.4660674467739 250.8435477031162 630.4078764091095 60.995082018343965 416.84388465658174 129.55712761737232 355.90495676127694 Oyster-Closed 0
0 406.88113999999996 35.09266 406.88113999999996 35.09266 487.931034 0 487.931034 Oyster-Closed 0
0 13.793103 53.658153 13.793103 53.658153 133.908046 0 133.908046 Oyster-Closed 0
517.6507616768504 0 517.6508670216572 68.96550571744358 328.9625562739093 68.96545397322367 328.9626230000431 0 Oyster-SemiOpen 0
431.4601770826266 239.8633358269039 422.8574157458934 305.44913860740854 241.40017525882286 281.6465629707884 250.0039239468606 216.0618629852761 Oyster-Closed 0
164.33185740861518 365.28589820278256 121.3307261223963 282.8010342847925 266.4103394792619 207.17240852795408 309.4116594590014 289.6558327164092 Oyster-Closed 0
619.008603568218 330.32594642765844 576.9238707821205 459.55904961178675 465.51662649202626 423.2815245091465 507.6024712382059 294.050553978235 Oyster-Closed 0
0 486.331843779907 36.58371544566762 478.02962195606847 52.057981858961284 563.0427667347054 6.438010174897499 571.3448477687643 Oyster-Closed 0
