311.60478073725244 415.3150698286528 384.64770678700006 192.6319246040817 632.8515177293593 274.0403998037473 559.8175651908241 496.7157967147378 Oyster-SemiOpen 0
644.8817165911169 594.3137824033928 636.5965603414952 671.8519402633746 120.5594526110508 616.6838203460854 128.85267349920468 539.1538235483372 Oyster-Closed 0
0 539.2247325358417 15.143626264325576 381.86823615770084 657.3973580426537 455.954174996047 639.2601587827812 613.2899161095553 Oyster-Closed 0
0 523.654568 126.76208599999998 523.654568 126.76208599999998 640 0 640 Oyster-Closed 0
640.002674600837 523.153943 547.1386630545749 523.153943 547.1422029174573 308.85298900000004 640 308.85298900000004 Oyster-Closed 0
555.8040438347962 72.83603415542837 639.0428915954544 245.30967244010537 241.16908699041232 437.3112491350187 157.93847709581314 264.8445463793803 Oyster-Closed 0
640.0006189622218 250.41269700000004 576.895926923753 250.41269699999992 576.8963762879866 121.15143999999995 639.999996090628 121.15143999999995 Oyster-Closed 0
554.3385361360561 76.38262700618701 640 38.698633999995884 670.1174419106246 107.15999274914175 584.456060882585 144.84388354765701 Oyster-SemiOpen 0
63.439228999995976 395.99499400002185 64.1908290272113 329.15832257705347 317.68852130684536 332.0060289944661 316.9392350592534 398.8403568262796 Oyster-Closed 0
9.51150273627718 466.92760695453217 0 411.43916362399136 68.64419584191637 237.87723586652214 141.57373643312894 293.36421405385477 Oyster-Closed 0
242.70785696782696 183.05417440986545 244.03597952914424 311.0273773224328 0 313.555502999993 0 185.58500487811398 Oyster-Closed 0
0 0 204.781777 0 204.781777 125.156446 0 125.156446 Oyster-Closed 0
41.23355595234898 184.8340592491135 48.007696340064285 116.53766556900968 257.68743558182905 137.33412288298393 250.91423627534823 205.62963696706018 Oyster-Closed 0
553.4884778963897 0 553.4898017112573 186.2333195413049 166.65598218765808 186.2321733493771 166.65715876697504 0.00029297736989306207 Oyster-Closed 0
