437.58971360803116 198.42454833280175 511.61955345552997 238.13449202540306 430.2642279428255 389.79222293464215 356.23490911661065 350.0830400486078 Oyster-Closed 0
488.70020459587977 401.93497992806635 456.98473468830343 493.7715895972166 345.6637220398261 455.3309532459689 377.3800273332745 363.4960786072083 Oyster-Closed 0
301.0955400203238 473.8229266189026 376.7828688836016 431.1089282500648 442.41656282414624 547.3884018808039 366.73002420924604 590.1013103092434 Oyster-Closed 0
0 271.774415 89.51954799999999 271.774415 89.51954799999999 388.4773660000001 0 388.4773660000001 Oyster-SemiOpen 0
0 373.897708 29.077011 373.897708 29.077011 434.113022 0 434.113022 Oyster-Closed 0
36.71858040092047 470.6646965733882 91.55983521020971 497.78583345430883 41.936424214654835 598.1073709705792 0 570.9868354863396 Oyster-Closed 0
101.77133873286948 499.8492086724784 137.84769952937495 537.6517419934746 51.21565640976769 620.3073367204269 15.140244926078594 582.5057424195462 Oyster-Closed 0
0 577.122108 22.246198 577.122108 22.246198 640 0 640 Oyster-Closed 0
20.998901999992086 639.9999999999721 20.999300427138223 623.5241777592355 94.20512118929764 623.5255789609893 94.20500599226216 640.0011159656003 Oyster-Closed 0
79.88857319964154 639.9997344472133 79.89171136912773 556.1232650335771 231.9713429375406 556.1286750527327 231.97105110775738 640.002220827354 Oyster-Closed 0
245.88478000000003 594.871795 328.760797 594.871795 328.760797 640 245.88478000000003 640 Oyster-Closed 0
297.53717002218764 601.2500728951569 320.48087300136103 622.908510978825 289.58687576865486 655.6260268826192 266.643394725761 633.9678161329869 Oyster-Closed 0
220.4321051975421 629.4412561408187 174.44255808914022 564.3758362179778 272.5364438018005 495.0578998366034 318.52548779825156 560.1216722645485 Oyster-Closed 0
327.8501284038066 10.139157083234744 403.6277278028865 3.958280871072302 412.2145288343745 109.23236654263223 336.436931721546 115.41322802447493 Oyster-Closed 0
431.9880767440918 107.06279215782764 527.3434363574052 114.4779639801503 519.9021390964481 210.16773325329055 424.54678358495585 202.75260302055145 Oyster-Closed 0
573.8042753011541 309.5399060924202 625.4602593689924 358.5755964353465 535.78646522692 453.0303281064814 484.1313747733511 403.995543178205 Oyster-Closed 0
640.0001979421359 517.053317 619.7300765178807 517.053317 619.7303609525261 451.265172 640 451.265172 Oyster-SemiOpen 0
587.19962 277.437674 640 277.437674 640 372.812372 587.19962 372.812372 Oyster-Closed 0
594.3524650226027 280.9931555618273 594.3527310580976 197.599852836336 640 197.6001149999888 640.0000765208824 280.99306729348257 Oyster-Closed 0
525.2611951398285 73.27512523994518 621.6921609554265 83.43195025276185 609.3597598282213 200.5168787465831 512.928805430638 190.36011469509336 Oyster-Closed 0
640.0001841895573 208.05860800000002 603.6513839502732 208.05860800000002 603.6515264215268 138.997452 640 138.997452 Oyster-Closed 0
640 0 640.0000668666326 79.12090297589717 550.3618242711673 79.1208605877017 550.3618636735337 0.0000017935415015366012 Oyster-Closed 0
640.0001495434117 144.56654500000002 595.4254230560764 144.56654499999996 595.425613584448 24.565798 640 24.56579800000002 Oyster-Closed 0
565.3514345338772 511.76763260151813 601.5872069157922 470.44306979152293 671.6617169553501 531.8768807834379 635.4267467945465 573.2006863205074 Oyster-Closed 0
620.2415151627065 358.6903288603534 679.5475291150069 416.4222011933408 592.5576518208982 505.77024612601036 533.2527734235919 448.0395314449314 Oyster-SemiOpen 0
4.122298582296935 500.8580205333672 0 423.795966966268 83.60309983574552 415.80763920990825 90.71447723690653 492.8685339941009 Oyster-Closed 0
188.59402392467018 492.541821325244 123.57075107109267 537.2296101284437 65.04024111949548 452.077122464137 130.0618012752966 407.39015415340583 Oyster-Closed 0
183.26599084815825 585.5455854721097 128.40168142458424 548.0780613115393 182.05500401869358 469.530577877871 236.91786363990104 506.9974162000539 Oyster-Closed 0
257.11684531321225 334.49291581793744 155.08695693868503 330.78825143840777 159.7714690216526 201.81944619612437 261.7986946798919 205.5240617007354 Oyster-Closed 0
280.3632863140956 216.79001417134444 328.705911480356 286.53406240210796 179.38814522531175 390.0236944634483 131.0471242589847 320.2810804092047 Oyster-SemiOpen 0
217.90907499998866 0 217.90908403178037 30.68782991390266 119.90672766565694 30.687823600368063 119.90673502623395 8.97582945163146e-9 Oyster-Closed 0
334.11253383710573 105.82010600000002 213.61466575523082 105.82010600000001 213.61488060261763 0 334.11223732618964 0 Oyster-SemiOpen 0
214.77714702232333 6.349136006826834 235.71443978966272 67.46705440036826 155.14138524791633 95.0689540285569 134.20420893053233 33.951134920327746 Oyster-Closed 0
57.015842311957385 46.560838247509324 57.01587700001255 0 153.52698306989623 0.00003279446300933318 153.52699134258728 46.56085024650666 Oyster-Closed 0
0 62.75538005313833 2.472316713829059 0 94.13162735356309 28.541270121313907 69.81569952818973 95.86217133606357 Oyster-Closed 0
62.578093926931615 25.417123612555777 42.201273029641015 28.012190742077685 38.69267346759443 0.46217510869729717 59.06949018732121 0 Oyster-Closed 0
99.85852164929383 108.70939092797805 75.22507732152008 158.1077605853275 0 110.92026096774832 5.231386254599784 61.52210406736949 Oyster-Closed 0
0 108.09930800000001 57.31963399999999 108.09930800000001 57.31963399999999 228.199498 0 228.199498 Oyster-Closed 0
88.01037579221884 241.48782100879404 0.08180184908269439 252.42142303057378 0 153.4210934092972 75.69912211292831 142.48757869197226 Oyster-Closed 0
183.45402090642892 218.20674003116292 188.20700475589547 316.6297570275221 72.66820370386995 322.20752933676624 67.91639909235528 223.7855890915165 Oyster-Closed 0
0 250.061049 19.051282 250.061049 19.051282 274.155474 0 274.155474 Oyster-Closed 0
241.56058137705259 119.34642980945159 327.89836352079874 129.8835123856892 314.13662963415845 242.64067043437745 227.7988600442768 232.10366869958398 Oyster-Closed 0
338.12420801426924 123.99745673519483 397.0850686948688 143.37298503270983 355.71786409527704 269.2524204929879 296.7570960245939 249.8770797524664 Oyster-Closed 0
199.86094554893498 230.61308142434515 162.15649120094895 161.20643528048774 299.97941838264524 86.3369252120598 337.68389544595266 155.74288861217659 Oyster-Closed 0
