613.2231705010781 425.8355278587174 515.6987703237246 473.7380820276404 444.253926067322 328.29633060134734 541.7747701400367 280.3947972379536 Oyster-Closed 0
279.12684621413064 0 279.4261835216457 83.75803058695062 169.6234995337727 84.15011434204538 169.32431075438217 0.3575816696541305 Oyster-Closed 0
0 0 135.302014 0 135.302014 88.360498 0 88.360498 Oyster-Closed 0
458.6486729947501 479.655014931507 613.2471436384367 489.95940370753516 606.8549388405518 585.8432064744222 452.25648729312525 575.53901402677 Oyster-Closed 0
0 567.8630368510591 5.193296444995212 483.9193197657611 159.12656839624105 502.67119431629897 148.9008629132877 586.6123207770106 Oyster-Closed 0
233.40977875923272 619.1564821105699 250.78970569848025 504.8918208523785 403.87244565979927 528.1700037809755 386.49675477616256 642.4308760594357 Oyster-Closed 0
383.03791754886333 136.47651874077368 376.69022745125403 23.050715045259142 635.517403696067 8.565371760519259 641.8658266764396 121.99038770871462 Oyster-Closed 0
635.4710783557675 242.1747387324005 593.6005116230081 240.0402157409548 598.1684490334737 150.44435431719714 640.0384608862078 152.5788630099905 Oyster-Closed 0
519.932784614939 129.93246575614 589.9061346780945 180.51350525879545 464.17676415243477 354.4380937998415 394.20424939620716 303.85804513668495 Oyster-SemiOpen 0
350.83871576753154 507.1752333110465 284.4251666630589 371.00438881052077 433.43285606715654 298.33883750615576 499.8471061156306 434.50635794772063 Oyster-Closed 0
480.0933265926142 590.9580550632587 383.38946739720996 569.7425353654096 409.8323802011146 449.2471867398663 506.53171297890367 470.4621869955807 Oyster-SemiOpen 0
640.0009779490938 385.3680350000001 570.4335141160118 385.3680350000001 570.4348460541951 234.06593399999997 639.9999528856279 234.06593399999997 Oyster-SemiOpen 0
205.89695134025533 95.35437554758425 256.55905468578567 183.97721490425369 94.96445384123945 276.3504950673894 44.30366986620356 187.7287956049521 Oyster-Closed 0
317.5032660555007 447.43178277556234 192.40400762908394 413.14685657306575 220.56729178264504 310.4035828311061 345.6629678377067 344.6879865022221 Oyster-Closed 0
639.9999182132888 572.5263928061834 640.0020826658147 639.9999999923467 479.2594460984401 640.0004655170517 479.2597186638159 572.529250665442 Oyster-Closed 0
640.0007586988067 548.3516480000001 594.6000018750055 548.351648 594.6014858847047 409.89010899999994 639.9999772759475 409.89010899999994 Oyster-Closed 0
