180.90888164711941 0 329.91645132337 2.0784692617603344 269.505526142093 309.06930512305513 120.49814053585578 279.7478695921858 Oyster-Closed 0
542.7422624161409 388.4643728669448 363.74937464475806 354.1745996077211 415.6531175733835 83.27289114645617 594.637650505756 117.56184741958926 Oyster-Closed 0
430.379169035441 3.7863386320991275 585.8464183959586 0 614.970449820612 120.46698939791744 459.5032300394814 151.18509807531817 Oyster-Closed 0
484.58787594543537 640.000567420313 484.5954960511881 372.3077655591785 640.0000108377571 372.3144228837349 640.0003060134623 639.9991428403769 Oyster-Closed 0
583.7806973596889 366.4739980627666 621.5003544429783 432.6572349627304 379.5033146978676 570.5480260632886 341.78726770725916 504.36792250793997 Oyster-Closed 0
298.28453592308506 109.46275122130328 406.98093722567137 135.0207270704774 340.1869058731245 419.07828908049066 231.49070169129118 393.52104199008664 Oyster-Closed 0
606.4662377962668 144.60993852077107 708.9887000731687 271.5042519184654 462.1229854213743 470.9361930453173 359.6055039377825 344.0465319944957 Oyster-SemiOpen 0
156.68157785810763 239.15772945550765 33.331617517760606 238.87798972488523 33.78581210708944 39.153946464180606 157.13355944433715 39.43368393965572 Oyster-SemiOpen 0
360.12833828011935 583.143332245436 227.68403813366604 548.9121213618263 299.50418255371915 271.10258835456574 431.93684123645653 305.33220362067146 Oyster-Closed 0
207.65269711198926 268.29991858132973 287.82832482967933 342.76263644908687 102.33924522122834 542.455258921641 22.166567425520043 467.9956091837795 Oyster-Closed 0
373.51503778321785 639.9999275720984 373.52087867788214 494.6015427544977 500.1385830000072 494.6072169999733 500.13665015925653 640.0016422684457 Oyster-Closed 0
139.35587310123083 621.4898125219571 124.57204163736606 456.3400349322882 212.085278027007 448.5086098352085 226.87173374652048 613.6554185596623 Oyster-Closed 0
204.69374431333563 640 166.92942957568448 640 166.93094498499704 494.6072169999999 204.69290702116268 494.6072169999999 Oyster-Closed 0
292.4383133168885 639.9999852987479 292.44005229928007 582.9276640110755 376.85172021534527 582.9300575687912 376.85108268378826 640.0012724780381 Oyster-Closed 0
369.08066200434405 582.9241383931376 287.9058715879364 694.2052596073731 162.2863026860432 602.5923064660682 243.45977323631814 491.31500551087083 Oyster-Closed 0
36.9776082655153 639.9999213223897 36.98207972753153 528.5743561995632 164.7095142899343 528.5801471264764 164.70816978886432 640.0024820312024 Oyster-Closed 0
4.170419973452226 459.1363888635964 0 405.41380567945123 104.48662706250616 268.31878533302375 153.7341500807088 322.039864241942 Oyster-Closed 0
60.12301622526138 312.9165065424129 51.55014171847142 219.4687922330502 203.89429957991524 205.49354378877632 212.46839383413317 298.9397449010659 Oyster-Closed 0
0 210.615713 36.978273 210.615713 36.978273 360.07314800000006 0 360.07314800000006 Oyster-Closed 0
449.04647840907273 0 449.0474228693347 278.556589501021 317.9837116190174 278.5557814519599 317.9844608446001 0.00010157045868213441 Oyster-Closed 0
95.02263605565531 264.8006401970198 6.147172148266691 252.8203330608697 40.18013335444266 0.361059095433289 129.0535378635832 12.3412319125487 Oyster-Closed 0
