639.9999996344559 0 640.7199565587507 83.86343674522733 505.8591086410888 85.02095954099865 505.1393319790077 1.1576410183640413 Oyster-Closed 0
233.5813399723702 491.21780918378295 355.7845893911144 403.86409057616794 435.75920494273305 515.7261233704968 313.5578195076232 603.077602742189 Oyster-Closed 0
602.0304305723403 521.4084312840727 618.3698392159567 614.8893229318959 279.35370860563125 674.113302583184 263.02235536473745 580.639515148498 Oyster-Closed 0
179.49382921433426 140.74990756355407 128.75407370542234 37.680241693948574 362.46598209254444 0 413.2056057531736 25.69634449677642 Oyster-Closed 0
595.3669984626322 214.37867455044878 345.37477947793377 203.71257044403075 351.01817829025094 71.49820056290497 601.0065638209198 82.16421798331436 Oyster-Closed 0
115.98794971498137 94.54272736267696 118.23658223322127 197.58156395596825 0 200.16107400000715 0 97.12288267242408 Oyster-Closed 0
483.343123 201.020134 640 201.020134 640 395.167785 483.343123 395.167785 Oyster-Open 0
3.363430635945406 204.8394378481433 163.96522719376662 206.24813575363956 162.30902855764725 395.0560843770604 1.7072308863862418 393.6474161677854 Oyster-Closed 0
386.63783008443716 238.72400648141348 405.8469661361596 344.49362092654906 189.36528579659353 383.80253091069306 170.15920833124255 278.03562259092223 Oyster-Closed 0
280.11115895351395 410.87799522950485 302.03177461480664 306.3982496507383 505.1405738557514 349.0065027600644 483.2234692876227 453.48318600924523 Oyster-Closed 0
389.3276238513499 324.48556508386434 417.08094973801053 265.5392431059191 532.5415028029965 319.8967050573338 504.7892392094218 378.8421213271844 Oyster-Closed 0
310.6836375932471 226.92810545007495 207.38507532099902 330.185921168559 77.22756041752291 199.97985451422386 180.52466009430645 96.72350188079832 Oyster-Closed 0
321.48849177487136 304.0437388029576 306.42521000030683 217.46168960969692 470.2072549069999 188.9678186028562 485.2715597432689 275.54860591295756 Oyster-Closed 0
