464.042817 115.87057 640 115.87057 640 501.2840269999999 464.042817 501.2840269999999 Oyster-Closed 0
213.19736750549055 639.9991000831469 213.22222954506287 396.0719688691143 542.385079847445 396.10176180102854 542.3758686579822 640.0135126386527 Oyster-Closed 0
523.3898490000138 631.1248070000331 529.4344019221171 497.4053812026441 638.6296714172204 502.3404522399364 632.5883274309308 636.0568105944875 Oyster-Closed 0
640.0010411236144 605.380524 604.8925956650055 605.380524 604.8936540011346 451.15562399999993 639.9999646736251 451.15562399999993 Oyster-Closed 0
494.58675600006245 640.0000000000266 494.58733724946796 627.0131900957015 613.122780379199 627.016733103365 613.1225619468023 640.0031841450483 Oyster-Closed 0
172.66826482926263 364.3269492665188 194.53357219252212 427.47945685151103 45.06537013810885 479.2204602605283 23.20189009376918 416.0694935442379 Oyster-Closed 0
0 447.868515 99.09706400000002 447.868515 99.09706400000002 569.491525 0 569.491525 Oyster-Closed 0
0 418.9756699999999 33.419682 418.9756699999999 33.419682 455.26451 0 455.26451 Oyster-Closed 0
128.36578742753773 374.35944276669824 288.1413736286777 462.0419608061554 146.3695473356347 720.3225308112153 0 632.6451735383275 Oyster-Closed 0
455.81313507675077 259.7124653570223 532.0259112672647 319.0391394877771 417.6242869345151 465.98669092500313 341.4127735859074 406.66150649738967 Oyster-Closed 0
492.59112170017033 236.944738650741 381.6178602884611 328.2875050837488 299.1777276044013 228.13278257869118 410.1494136438123 136.7910504467127 Oyster-Closed 0
399.8328683379077 490.9584305905439 231.75504012986494 469.07047969838396 259.51999290744425 255.92213991438743 427.58806345977064 277.80945459914943 Oyster-Closed 0
242.8862179529824 406.7878886692728 201.37985284920433 391.91795548510163 235.62504601788532 296.34085749393086 277.13037466259266 311.21058305165514 Oyster-Closed 0
198.87102299995604 413.3538780000088 230.8141076785978 392.8518691352273 287.78618495074625 481.6046592801803 255.84338348955498 502.1063097247728 Oyster-Closed 0
