637.3356448776758 433.0000220856065 550.0571142817353 432.1658803530805 551.8366266800149 246.165877432635 639.1111109999474 246.99999999999977 Oyster-Closed 0
4.571640402791672 0 74.66666599997552 1.000000000000041 70.98391399624234 78.33784989498882 0.8888889999798266 75.00000000000036 Oyster-Closed 0
200.88888871432573 0.33331143356186027 201.87082059004751 77.89758379338194 72.71277170111716 79.53245536529667 71.73098785984621 1.9682620034858525 Oyster-SemiOpen 0
645.7353784424777 475.196440544539 570.7793184616457 537.3743285458179 474.52986715739826 421.3592046768651 549.4836236180709 359.1828401584059 Oyster-Closed 0
3.9699169227242237 332.3327691375144 135.65588172561547 334.36929996443774 131.68595992821793 591.0364417508042 0 589 Oyster-Closed 0
129.61798637144966 614.9408015658103 132.69807914242847 280.4315186563668 376.7897745154187 282.682438448243 373.7236169711832 617.1772309962279 Oyster-SemiOpen 0
475.85763902621693 635.7119489199454 467.3669956454978 514.1899228743398 630.1722876478743 502.81691022630326 638.6667643835972 624.3347413589797 Oyster-Closed 0
359.55555500004266 635.6666660000216 360.740608651613 555.1029086895754 497.18253014922084 557.1086077663717 495.99995224278246 637.6699194761319 Oyster-Closed 0
630.3139141863358 5.724262734114997 629.1861640422576 144.45795699208233 155.222156068412 140.60148750018448 156.35158495606447 1.8701488588971111 Oyster-Closed 0
620.1117438934307 312.503863413389 352.43585218224325 296.1992830666429 364.7694450466224 93.78303677689931 632.4378334998619 110.08740172795179 Oyster-Closed 0
