252.1894789335056 0 438.3699744023761 60.00973172366079 188.5269667589455 595.1741176705079 2.3496701740805293 508.2657883821412 Oyster-SemiOpen 0
0 0 218.76301 0 218.76301 150.958231 0 150.958231 Oyster-Closed 0
115.34271571574209 725.2435787072463 25.430247112672077 599.2292056275035 293.64896515980945 407.8962347572822 383.5591842712165 533.9024696662059 Oyster-SemiOpen 0
640.0098460519075 640.0000000000001 312.07165524909215 640.0000000000001 312.0868175569194 409.893529 639.996161119343 409.893529 Oyster-Closed 0
630.9490693240514 469.978418600861 318.72620469512185 459.56363267748645 332.429292533634 49.105394877837654 644.6308192059223 59.51986232465703 Oyster-Closed 0
640.0006152253627 377.395577 607.2311632111814 377.39557699999983 607.2317690176715 202.28139399999992 640 202.28139399999992 Oyster-Closed 0
536.9820642529521 0 536.9824400384095 147.8135643558032 307.7262924153911 147.8130111825343 307.72682700000587 2.9841554298831445e-11 Oyster-Closed 0
519.3979080000281 61.850941999975944 521.8187120838411 0 637.785278014926 0.8299335461265678 635.3645643452182 66.14869455873665 Oyster-Closed 0
73.80492800002685 355.3808349999958 0 283.76021527686225 27.556319881332456 67.69214286321437 177.20974968084192 139.31127778808502 Oyster-Closed 0
0 280.950041 65.100697 280.950041 65.100697 623.751024 0 623.751024 Oyster-Closed 0
328.79022175948194 301.91355905481305 412.8799820108543 365.46225160710895 271.0477405022539 553.1123038870787 186.95993599998474 489.5659299999866 Oyster-Closed 0
