438.9010517128918 297.5353241344932 256.1234090952348 301.8640379185123 248.97796299999754 6.361109362927034e-14 431.7492160791153 0 Oyster-Closed 0
294.87938404170563 251.78580137123953 116.73542287076998 304.5232770154056 26.831709446341847 0.8312949945449501 204.9705368004652 0 Oyster-Closed 0
166.070527999982 0 166.07053434963746 23.006532923215506 44.001693646278 23.006528747421918 44.00169905566145 2.7335418346952183e-8 Oyster-Closed 0
309.5012530248641 510.7137938927024 164.39948356121022 595.0338896138803 0 216.55341070519125 89.53361451713135 132.23751797746357 Oyster-Closed 0
0 9.760349 79.677243 9.760349 79.677243 380.370481 0 380.370481 Oyster-Closed 0
0 407.84313699999996 52.128097 407.84313699999996 52.128097 636.131663 0 636.131663 Oyster-Closed 0
11.115483366374974 417.45335170933714 146.8400483860023 421.4748632787547 140.24475812504534 644.021335463154 4.520205000007991 640.0000000000009 Oyster-Closed 0
137.1003244977328 639.9999945154713 137.1049704721372 532.6343844670056 263.01656864721735 532.6395639293451 263.01486696655047 640.0022317216226 Oyster-SemiOpen 0
183.6655669999891 529.8474940000127 238.24797685469093 489.29019822612014 321.4280425481411 601.2096924666052 266.84665534943633 641.765794384632 Oyster-Closed 0
521.2499014134664 571.8236506933615 383.6658124044334 637.8664306317669 227.1990492309851 311.93842577993814 364.7691577626392 245.89957394545596 Oyster-Closed 0
435.3427598986309 584.5509159849529 358.8776018171484 631.8456359762506 200.82776378236304 376.35529049583744 277.2865109999839 329.06318100001636 Oyster-Closed 0
358.4874532390677 273.4834093884682 451.89411231840495 222.79393117157662 582.7345746760693 463.87655536375735 489.3292229233339 514.5641320523789 Oyster-Closed 0
640.0078019642388 640.0000000000001 435.25021724439284 639.9999999999999 435.26172910824243 399.477124 639.9999689975812 399.4771240000001 Oyster-Closed 0
417.22357278507843 139.78603722230955 552.3249585162557 95.33846552573374 665.221502704735 438.4802275838624 530.1209243512858 482.92611163126594 Oyster-Closed 0
639.9999999989086 0 640.0006879941793 171.50333236444715 424.3990062942612 171.50280270706887 424.39956384194375 0.000004067030167561201 Oyster-Closed 0
600.9888513911574 212.9061628005418 640.4180005965463 212.9935847874948 639.9749401897861 412.8107319883292 600.5457910000405 412.7233120000001 Oyster-Closed 0
