3.7142151694570202 320.4801944733655 161.27884178851673 311.38671712508744 175.247820133809 553.4010239898346 17.683220815233653 562.4941475615349 Oyster-Closed 0
157.19548630164354 595.0473205558488 155.0351369586133 259.3055539176475 393.6152138770558 257.7735937523759 395.78827551078575 593.5020818985386 Oyster-SemiOpen 0
596.7433218773658 637.8424519196667 500.53783729483257 610.0367128282817 544.2119672654371 458.97546301217096 640.4115696791268 486.7802904599487 Oyster-Closed 0
382.14298909762874 635.0055799196267 373.6734552038979 538.8124394424931 512.3580613925151 526.6037043329031 520.8302072580409 622.7939827001015 Oyster-Closed 0
207.19105386488081 46.377533959770034 248.4864964771259 0 495.853913901592 34.58994732827736 454.55892895035504 141.72503990739034 Oyster-Closed 0
641.6962398070609 84.52146617504916 622.3967503252788 295.0794458181121 399.5257653148292 274.64862233393575 418.8280180063157 64.09333329428594 Oyster-Closed 0
207.99999983952148 0 208.81345203830278 49.02190190029498 102.5726246288832 50.784737942574225 101.75922165282827 1.7628464850476098 Oyster-Closed 0
95.11111091822386 0.3333151388192591 95.32817082144902 50.39791526678516 18.439245632180246 50.73122893688934 18.222221999967587 0.6666660000234904 Oyster-Closed 0
632.4450549992616 399.6666978564895 574.2734020794887 396.6287508063007 583.0792422043305 228.05053314502152 641.248713692039 231.08842493013415 Oyster-Closed 0
308.9872519785422 4.977071909637491 390.2446729933581 197.50722415704456 33.92009668132232 347.88403728131243 0 155.35893597574645 Oyster-Closed 0
