0 0 91.790462 0 91.790462 273.504274 0 273.504274 Oyster-Closed 0
76.87432144157356 82.78338323950356 140.06659192105872 82.50707557188395 141.04426339938072 306.09797580333 77.85199320467655 306.3742790091066 Oyster-Closed 0
0 214.017094 85.24269000000001 214.017094 85.24269000000001 458.119658 0 458.119658 Oyster-Closed 0
31.114595356339123 628.376049855829 1.5706388877879363 631.8044383978214 0 461.0407178727877 11.293040140735684 457.6124511629789 Oyster-Closed 0
278.76338818525255 506.5043653743107 119.47405412138323 681.6109544704066 0 499.46578112222625 78.49600578359968 324.36848484781876 Oyster-Closed 0
26.35394287382951 639.9995969629399 26.35780500000692 583.2478630000296 228.9329338913376 583.2585646171735 228.93168983762735 640.0076641255004 Oyster-Closed 0
331.45467122893024 299.4849834673403 281.0533264307014 453.74098292304495 63.426291124051204 382.63604427694764 113.82985525371623 228.3848520092272 Oyster-Closed 0
249.0479018201586 639.9999696780592 249.06094589088752 411.61870176536803 431.0823010375316 411.63055567837193 431.07737226673635 640.0035479162374 Oyster-Closed 0
534.0940427124588 638.6173446571643 417.5429722904664 659.2808834290188 369.245433658798 386.8764184851926 485.78471769738826 366.21393290500146 Oyster-Closed 0
258.7471737143642 461.58734816650656 302.6124970873934 377.59497168059676 428.23213012627093 443.1907458898057 384.36910638207337 527.181159809908 Oyster-Closed 0
463.9523394794378 401.01620034186334 583.7193267601106 359.47671290200987 644.3241343357658 534.188914334047 524.5577793691336 575.7270899814126 Oyster-Closed 0
523.299044781379 639.9998926825434 523.3011005684966 574.3585524328527 622.7766325381526 574.3615108549761 622.7760530587693 640.0013594935192 Oyster-Closed 0
537.014170542534 573.8384529168975 614.8660347911209 465.15355478532626 714.2558721698151 536.3336622302819 636.4071496129327 645.0157540991806 Oyster-Closed 0
407.4907407580031 470.94096897950044 352.5727377435396 423.03082141535685 419.58807931354386 346.22390914814775 474.50507511239266 394.13330864849127 Oyster-Closed 0
304.23611137011903 311.4090830827869 337.9670261116553 313.02028730652404 334.13859400003275 393.1623930000005 300.40768039019895 391.5512056096728 Oyster-Closed 0
183.48324600003252 123.07692300000568 199.6679837765987 106.44285719415024 258.69950574517134 163.87900121945114 242.5148423299106 180.51299435264644 Oyster-Closed 0
287.7322505257325 212.64829253914542 204.01269757581758 298.9429150702896 22.124678285472328 122.484618458444 105.84261156764114 36.1916125010702 Oyster-Closed 0
