129.77777870299178 1.6666013249937297 129.04572380997706 69.02107271050915 4.444444999971893 67.66666600000663 5.1766083083930425 0.3123088871470919 Oyster-Closed 0
623.1121599665494 480.3333494792936 599.8966359889891 478.6846562707678 609.675168959584 341.01800754558496 632.8897180000058 342.6666659999987 Oyster-Closed 0
448.8940648800053 608.9999999999999 210.2199734030728 609 210.22923758682737 288.99999999999994 448.8794940318621 289 Oyster-SemiOpen 0
6.763327286898857 325.78165004321636 210.83758182830934 323.352559840734 213.8390538290696 575.480979455644 9.764798231626628 577.9099669531035 Oyster-Closed 0
638.2240420380549 631.3330653621039 571.6309412064584 641.1621953393802 554.8560091188847 527.5305068744619 621.4458710546751 517.7016197353637 Oyster-Closed 0
438.6666659999901 626.0000000000191 443.52359772703494 541.6259304996327 576.8541823155101 549.2979162633856 571.9998327332723 633.669573174245 Oyster-Closed 0
524.1765135790774 14.399081469192241 519.253409945959 126.75675282618946 221.37730033391563 113.70353147724758 226.3011596196884 1.3469500176590499 Oyster-Closed 0
614.7758051785058 297.02379337136966 428.3982660860056 271.0033170979082 458.40019452312845 56.13249217831093 644.7724323039438 82.15259054014503 Oyster-Closed 0
247.55638433314743 0.3333123046317573 249.3560051282111 58.879115075627595 132.45591328319279 62.4723369236325 130.65637264407997 3.9265759235342994 Oyster-SemiOpen 0
395.9710633834038 70.32856354368451 395.97522714175284 318.68228115256284 0 318.6798098555574 0.0007624799036420882 70.33346599918076 Oyster-Closed 0
