60.494070341519546 385.9120652101411 252.6334106703871 402.0121530296364 231.45724137022626 654.6841667449778 39.317998320038896 638.584862221826 Oyster-Closed 0
283.27878442243673 310.5842705692572 190.12947952345712 378.41990861710514 31.64275156595977 160.79869390653099 124.7893659487454 92.96443805734918 Oyster-Closed 0
450.9296093906596 686.6932910483858 238.27284233360842 621.576656822963 317.2677030827617 363.687383071524 529.9041177822073 428.8007347262454 Oyster-Closed 0
387.67793248422095 9.098567774436106 545.9388848106755 0 623.4314996725152 315.29157240817716 465.1708206743933 351.1451990291957 Oyster-Closed 0
60.23202178432257 1.6679925792044012 186.3978634650266 0 249.79876938290545 99.66814964334512 123.63302446909074 152.64845705739555 Oyster-Closed 0
0 0 77.343954 0 77.343954 219.29474300000004 0 219.29474300000004 Oyster-Closed 0
0 342.404628 58.637493000000006 342.404628 58.637493000000006 640 0 640 Oyster-Closed 0
63.0396383554762 485.42971277069637 0 355.9877171048442 62.03990400004841 202.26214300001368 203.60650089511182 331.7010984533065 Oyster-Closed 0
204.1772148484597 0 381.7111017217394 13.458981103516843 307.655950106564 291.17096252899313 130.12241614946106 243.83073977285986 Oyster-Closed 0
337.2377029999916 4.258149999991949 389.40751474074204 0 439.64350652706344 151.9318295800335 387.473731549544 167.9429699001096 Oyster-Closed 0
428.3652140000049 0 428.3652178644843 34.06520376199345 392.27725815952 34.06519988158262 392.2772619999887 7.947411010306962e-12 Oyster-Closed 0
547.3785283058533 26.63186808006611 638.7452894794842 17.998306153556342 655.2907507160853 193.09365966716683 563.9239956063102 201.72716504209714 Oyster-Closed 0
640.000189267812 282.45248 613.2288016831444 282.45248 613.2291556982091 153.29341300000007 639.9999992791709 153.29341300000004 Oyster-Closed 0
542.8027464859042 638.7248169980916 542.8063503055455 321.4869668257564 639.9999715192826 321.49045031405456 640.0019622338004 638.722553951106 Oyster-Closed 0
566.3117763523042 583.4742828785372 457.58740036508243 554.1345888055515 554.1647366125835 196.3236981436899 662.8781013447588 225.66182417083724 Oyster-Closed 0
371.51702578346885 364.99129269983996 478.59701520515955 329.4475628376857 567.3518382308248 596.7945443271137 460.27268950711004 632.3365064833897 Oyster-Closed 0
460.7816593710595 373.9766150373724 272.39503135067935 392.5210593396525 249.81151680694893 163.0711351710178 438.18962226585427 144.52711002687528 Oyster-Closed 0
455.8746104889724 639.9999642725597 455.8760497397452 594.0099142978939 547.2066196257947 594.0122863263052 547.2061463533464 640.0013709318449 Oyster-Closed 0
147.05719246063381 351.485342754279 229.48618220092612 315.82460449443414 322.4123104497994 530.5954781424139 239.98412288507097 566.2548789153371 Oyster-Closed 0
210.79255500000727 640.0000000000143 210.79489376119454 553.5585192219169 293.5440093409852 553.5609030539881 293.54325599357253 640.0007883357626 Oyster-Closed 0
249.10249885040685 363.4302233338316 285.0953255947388 348.19786367589336 318.5783001282107 427.3068380948484 282.5855836873234 442.5390061536259 Oyster-Closed 0
