93.10371455721906 583.7117486181379 116.88404688859009 584.5242974030473 115.19996423114208 633.7979235188847 91.41963234185823 632.9853837987552 Oyster-SemiOpen 0
446.3445500437956 141.9706230330026 564.9930027441587 428.2734282953723 191.29925798799377 583.1035182127546 72.66874805376574 296.8157369108189 Oyster-SemiOpen 0
9.452090497288737 10.077966656064582 313.5555868085794 0 366.75903594179545 189.6393147435851 62.655770239798585 255.5498832282774 Oyster-SemiOpen 0
136.69042180168617 1.8213771248463584 303.57319711147284 0 315.9499291461543 184.25841156444096 149.06715562203317 194.9528893169706 Oyster-SemiOpen 0
0 119.283154 103.64480900000001 119.283154 103.64480900000001 492.425328 0 492.425328 Oyster-Closed 0
0 0 47.246731999999994 0 47.246731999999994 131.748199 0 131.748199 Oyster-Closed 0
639.9999999983265 0 640.0007018049655 165.92603046187736 321.23269301293476 165.92506369883108 321.23365999999805 0 Oyster-Closed 0
640.0084398526087 636.7498320000002 490.5511574515549 636.7498320000002 490.5586741544539 335.6750299999999 639.999847249419 335.67502999999994 Oyster-SemiOpen 0
115.17484188312665 639.9999765324274 115.18522596044932 521.4752135702022 367.25063968799077 521.4935121470373 367.2467076396424 640.0118429312066 Oyster-SemiOpen 0
509.9699584385962 293.2617842196868 594.2673245273909 368.890958569707 352.9552303508535 637.8136441082614 268.66243549025967 562.1892437955067 Oyster-SemiOpen 0
457.132293 71.875747 640 71.875747 640 337.968937 457.132293 337.968937 Oyster-SemiOpen 0
124.00390602640982 300.5835809517008 82.67075079187634 244.58184244216267 181.99772152634978 171.2749559750285 223.3306652479223 227.27609278168302 Oyster-Closed 0
62.778679362963885 186.40646974840607 229.43757691107749 138.60178796488765 267.05783441830135 269.7515946075105 100.39918899987242 317.55571134771077 Oyster-Closed 0
322.26313500003016 19.880525000000954 421.7846879991703 7.87541085710394 442.79594657527923 182.05640897222534 343.27442049165256 194.06144052781482 Oyster-Closed 0
95.3489791409811 312.73454577506607 209.7454498440493 382.3304862643495 112.46436430010363 542.2102187205978 0 472.6163622804267 Oyster-Closed 0
193.98047125076118 466.207405768586 197.92609972246282 586.4848472170389 0.13113730943587143 592.965075273973 0 472.69218275413147 Oyster-Closed 0
0 639.9999999814115 0.000040187660488300025 589.5340329176772 83.79195383284241 589.5361412104178 83.79153899099038 640.0011357146568 Oyster-Closed 0
362.2839376256161 577.0747358244571 389.15200336625276 573.1799340770934 398.46245038141205 637.3904130809481 371.5943972066452 641.2851577097207 Oyster-SemiOpen 0
428.8712011958705 639.9999912576576 428.8739920144144 545.1831227447576 521.9917241155053 545.1864516103678 521.9908929894882 640.0013040434782 Oyster-SemiOpen 0
