483.508547 52.226198999999994 640 52.226198999999994 640 582.427886 483.508547 582.427886 Oyster-Closed 0
639.9999999994179 0 640.0007848734822 165.84134734035467 387.0667389272421 165.84083252249198 387.0672571186151 0.00017370576053902744 Oyster-Closed 0
344.19017400003213 640.0000000000194 344.2044486514351 435.21547436166463 550.5093619933177 435.2289612691824 550.5034398595308 640.0053354798856 Oyster-Closed 0
252.88683782957378 126.0114670650197 425.17863250744995 57.15994368561751 555.4190547497274 383.0597596968664 383.1286363414256 451.9089970419961 Oyster-Closed 0
665.9433600919147 622.3008318834694 590.5499957075517 673.7355641642393 452.88680229925376 471.9904428547728 528.2746350000525 420.5583389999805 Oyster-Closed 0
0 28.403722000000002 36.039913 28.403722000000002 36.039913 240.05726500000003 0 240.05726500000003 Oyster-Closed 0
0 197.72335800000002 107.386895 197.72335800000002 107.386895 640 0 640 Oyster-Closed 0
385.48216742041404 633.6605793360524 177.3977051251859 661.9001151757367 112.5864709677262 184.3016911437721 320.64147603341553 156.06415262887904 Oyster-Closed 0
221.82892657496268 639.7715911343549 89.3187666394806 649.9167910328218 48.66016914820648 118.80917452307274 181.15172593774332 108.6646585946533 Oyster-Closed 0
146.36978999944404 0 146.3706497335079 284.03774803339263 6.709136380231939 284.0366986889423 6.7102239999803714 0 Oyster-Closed 0
155.9378535515134 81.6397873253691 218.8152350528253 64.75672183394397 247.6099732451985 171.99559240402576 184.73263254811172 188.87856578843383 Oyster-Closed 0
401.6906795329123 0 401.6909883941116 118.19620075057445 171.41187439352507 118.19591747553227 171.4121597391204 0.000001520391084278441 Oyster-Closed 0
211.83662322604505 524.0944879021633 300.0152040615649 524.6088018934378 299.33900467040075 640.5143009854787 211.16042400004517 640.0000000000001 Oyster-Closed 0
