431.38325970372534 1.6258367978290365 568.0217259145138 0 639.0797297003883 250.46194266256185 502.44147303092177 284.7539218824209 Oyster-SemiOpen 0
607.1177271818306 336.31214263300194 630.2157117406023 517.8849433049561 382.13941084111866 549.4288135503056 359.0496735800116 367.86344250708856 Oyster-SemiOpen 0
504.798132856522 352.5555800463343 365.24873995018424 371.90943766514533 326.5018567594234 92.51934762225693 466.04524114249216 73.165893636282 Oyster-SemiOpen 0
461.466179008421 365.3079465501843 348.54524400056107 510.19693605900835 115.83850066861487 328.84498596630965 228.75709459840436 183.9612739360345 Oyster-SemiOpen 0
193.88657539355336 455.3192569380604 30.096194795914926 490.55038377738254 0 98.79177177625921 109.6035395187937 63.56277024298259 Oyster-Closed 0
0 449.361702 211.105247 449.361702 211.105247 640 0 640 Oyster-Closed 0
438.08248005421774 609.373131659973 312.6853012211359 733.2680111230795 91.4604007165326 509.4032291757359 216.8494660010765 385.51623478747865 Oyster-Closed 0
0 0 148.170406 0 148.170406 94.184396 0 94.184396 Oyster-Closed 0
393.2594219999737 1.134717125875829 393.2594421090471 34.04254133851899 215.6917561852606 34.042530933283025 215.69177400000626 1.1347530000350994 Oyster-Closed 0
438.54165026918054 0 438.54169811311294 47.65955183663377 176.37547875485325 47.659480295158126 176.37553440246847 3.8427085163281795e-7 Oyster-Closed 0
435.3326315697632 12.639209429037223 446.6352153998014 64.43866096923317 322.5412082180992 91.51561326926227 311.2387789999775 39.71631099996854 Oyster-Closed 0
362.6782618989091 164.46321675872727 342.5380515104189 231.43793603912653 204.1898092591873 189.83493224216758 224.33037602590048 122.86088699726022 Oyster-Closed 0
99.58214288300951 163.43277108843634 210.40762847100268 128.44221077322234 273.8657974014495 329.42618317653734 163.0406442223466 364.4160586479924 Oyster-Closed 0
42.67276143167692 132.76162038072218 103.7315424154076 56.14202882328754 185.26730074074294 121.11808591232653 124.20894049238996 197.73729126318364 Oyster-Open 0
352.5296472640184 65.86205138019716 318.13329289296234 175.43058495606456 185.71773475392547 133.8617109356539 220.11441748087236 24.29368600421425 Oyster-Closed 0
474.5745809741493 330.2250123206391 450.1454507811286 65.33677462111619 635.9763259176543 48.20003550802103 660.4086190983799 313.0844163327881 Oyster-SemiOpen 0
610.6226806320046 401.12062215521604 701.6752409657784 460.8404604864756 613.9481257089938 594.5685576897623 522.8969568149478 534.8504914391649 Oyster-Closed 0
640.0018461437139 640.0000000000001 504.8118909999903 640.0000000000001 504.81485545395117 559.432625 639.9999855291389 559.432625 Oyster-Open 0
602.6918016201671 541.263945184328 583.5118811923167 665.9743838965112 342.33288167975843 628.8800967671785 361.51824952525203 504.1758342871691 Oyster-Closed 0
0 332.482269 54.026806 332.482269 54.026806 601.418439 0 601.418439 Oyster-Closed 0
