639.9999999985448 0 640.0012850277562 167.20387998167712 221.06646683045255 167.20317127073264 221.06732601765543 0.00007685244250613566 Oyster-Closed 0
346.67356700905657 366.8385322561201 215.96764942543814 460.52907173260326 0 100.63046691139122 88.6821053908352 6.943691569931713 Oyster-Closed 0
222.035853999987 640.0000000000176 222.05082225656952 462.4706331293768 465.10948251023365 462.4897943429918 465.1034256780258 640.0101912354987 Oyster-Closed 0
0 32.017788 95.904537 32.017788 95.904537 516.818455 0 516.818455 Oyster-Closed 0
51.86993167466426 144.07976851270053 137.6826739146054 156.00048765328 69.10740015096962 649.5993977565848 0 637.6795591095338 Oyster-Closed 0
46.10660329220991 130.33890217215318 19.96108442566765 12.210148192651955 211.11001779718208 0 237.2558109487727 88.03123795631913 Oyster-Closed 0
459.7781151273375 185.5121592980825 419.90510779338365 357.5971119791218 287.1423895353655 326.83522277252234 327.0168879999983 154.75263999999046 Oyster-Open 0
144.5368047185184 116.57304409543721 228.70176983386045 40.83369368374992 430.7797475496045 265.3879565539126 346.616401637948 341.1256751462978 Oyster-Closed 0
385.3770550838817 348.4143394077382 419.84783156280173 612.916279707925 86.02225586109853 656.3941685656655 51.56978609680664 391.90882411435905 Oyster-Closed 0
640.0023976835655 505.169538 573.8857894289686 505.169538 573.8876575948234 256.142302 639.9998960240919 256.142302 Oyster-Closed 0
661.5958230708202 612.7216275420978 499.9292586649972 669.9986521234263 406.98449049988994 407.69056887568377 568.6343430000124 350.4168979999968 Oyster-Closed 0
640.0002813721949 256.142302 604.3516206461209 256.142302 604.3519036599901 144.080045 639.9999648700032 144.080045 Oyster-Closed 0
549.8289027829014 39.19685535048747 696.7017144836427 117.71491325179285 476.93620289814135 528.7740755584603 330.06611811688344 450.2599212411908 Oyster-Closed 0
