198.92696423201414 391.5282789918343 147.3523988910165 321.27862949162767 241.21361065997917 252.37502854842987 292.78781645567506 322.6236969658874 Oyster-SemiOpen 0
338.03867928836553 438.6836695774576 410.6726039919886 479.41320674216996 326.8692841380107 628.8297037386569 254.23633540391165 588.1015456803718 Oyster-Closed 0
233.87760149897076 639.9999836895914 233.88005904773308 582.8242843490902 358.0769142430654 582.8287737419839 358.07607668328274 640.0028472773995 Oyster-Closed 0
162.36933100000897 640.0000000000363 162.3701766362501 605.871626347727 227.43792489069165 605.8728431560405 227.43759354947542 640.0007084121901 Oyster-Closed 0
441.6780037643184 610.7754792250072 442.25890093257476 511.3071171605104 611.9478763514053 512.2970864535321 611.3705401755578 611.7618588838659 Oyster-Closed 0
640.0008829327999 636.0110799999999 607.018046467856 636.0110799999999 607.0189945516904 506.592797 639.9999957279215 506.592797 Oyster-Closed 0
455.04712255627965 517.5176213771518 449.0527235609625 445.5143741983219 610.9025070883945 432.040907762251 616.8987874178856 504.04209352420935 Oyster-Closed 0
498.76410292912624 243.9192317873633 534.4965214388503 348.48820556332043 370.75961133472447 404.43175628191955 335.0297665364633 299.8649715807828 Oyster-Closed 0
640.0010984313121 450.3047089999999 555.4980545782018 450.3047089999999 555.4992561112158 347.922438 639.9997559077747 347.922438 Oyster-Closed 0
537.2236862324644 356.0885747439921 548.2522977948975 244.7038545195914 650.7748572307173 254.85441804641226 639.7476461646875 366.23785165949135 Oyster-Closed 0
666.1763513706683 484.9718678214201 583.2908608223806 540.1129893909255 455.4592790139577 347.98430476568006 538.3406870592444 292.84501248828497 Oyster-Closed 0
37.714629726397106 386.6672288100336 0 373.2143712122445 8.86159089852299 235.1900124404633 68.73022599997057 248.64265999999202 Oyster-Closed 0
18.05802362257964 110.80332239094895 108.70738393750798 118.28698069791918 100.92885983656743 212.50643885723343 10.279503275742172 205.022822810711 Oyster-Closed 0
94.62835446167446 86.7706401058591 188.73274229990784 81.2423541562429 195.50514366463176 196.52318406973205 101.40075964562129 202.0514368798154 Oyster-Closed 0
157.70563159727317 36.88590995289771 235.59263994589855 12.934687767346071 269.84791589697124 124.32915983907209 191.9609417887841 148.2803004906498 Oyster-SemiOpen 0
216.90393466633395 0 216.90399501974753 81.10806143012987 131.21676682691032 81.10801676579004 131.216808376048 0.0000016534112159852353 Oyster-Closed 0
267.83066054245865 170.1324997285283 310.7240930260741 251.0698627354784 200.84455148346024 309.2978181323716 157.95213360259368 228.36131860089597 Oyster-Closed 0
185.81345598373446 214.74326381080797 160.82455832874984 166.02778654125754 251.71668492999743 119.40498708917076 276.70562644714664 168.12016136985443 Oyster-Closed 0
120.35660661982547 311.72732117118846 181.38371251741773 320.9542851221218 161.16195504844654 454.6871660822145 100.13488704316842 445.4603802199759 Oyster-Closed 0
162.79380256281001 501.4867913802117 110.21338056831155 444.497596408799 202.81149071663094 359.07557734059696 255.39098008281144 416.0636276368968 Oyster-Closed 0
0 379.78918 55.76662 379.78918 55.76662 481.32964000000004 0 481.32964000000004 Oyster-Closed 0
504.6336531121051 616.2695108653754 408.84251853756723 642.100958205423 375.41817299810646 518.1755884648367 471.20443049410824 492.3448326159204 Oyster-Closed 0
382.54876739338215 557.2384900007693 362.3954721182963 470.96528466435245 482.45538536401 442.9244718266456 502.610032767916 529.1956662820014 Oyster-Closed 0
325.27318815496983 399.91789494343294 342.3556331999134 373.09496453691827 430.41387547062186 429.1685095249323 413.3319199158723 455.99100942282496 Oyster-Closed 0
225.08870312551153 359.6619777926803 311.43902985786553 312.0570219990193 356.3347159938712 393.48551445646535 269.98483258270426 441.0898501606396 Oyster-Closed 0
270.9950235299766 558.4549592122785 207.40988903220568 511.05501730175183 298.5869844027184 388.7682088253285 362.1697846868483 436.1668629645842 Oyster-Closed 0
222.09100197185762 525.4080579206918 179.6313155615644 501.31858222557435 228.28495805624698 415.57853976205473 270.7434569999896 439.66758899998774 Oyster-SemiOpen 0
278.1557538604102 552.2246208463687 233.75673713533615 598.8798261476985 141.52577335546084 511.1263648897767 185.92379624147725 464.4723032112643 Oyster-Closed 0
359.9351019849564 350.1385684871959 290.8857795425138 340.48240527496256 303.7527144698106 248.48455671333153 372.8006549359998 258.14062308162363 Oyster-Closed 0
463.8572052396921 251.18734880046856 367.43292103987187 316.45181817358844 294.95862865376694 209.37811928750313 391.3813879254303 144.11435142787383 Oyster-Closed 0
504.9892015217483 141.18552338903538 510.321461024796 233.17869629833746 414.606368117893 238.725880771996 409.2747583793971 146.73331800439212 Oyster-Closed 0
502.6750736415852 32.831774632416284 586.709806330764 22.920845076395512 598.891541978519 126.20941635574536 514.8568130021158 136.1203158402341 Oyster-Closed 0
635.5364178682066 0 635.5364244667726 29.25207548000925 549.5223518129205 29.25206942013486 549.5223579999583 0 Oyster-Closed 0
489.2580180000368 0 489.2580233264016 22.603874441687598 382.60190794506343 22.603872265631928 382.60191200002737 1.0872527393915442e-11 Oyster-Closed 0
361.5051819899236 133.23918661483535 306.9188941272296 97.41457405962106 361.1227008343849 14.824431505480609 415.70875668876397 50.648937693074394 Oyster-Closed 0
503.3242731449718 42.48296074216853 518.5696271779307 131.12689090368087 396.8667386226298 152.05725021656835 381.6218433182803 63.41374427554367 Oyster-Closed 0
309.93003418545413 109.59698061876607 254.91396326964605 57.32302408461318 333.4858898236416 0 388.5018697245687 26.90354864778696 Oyster-Closed 0
400.273523087817 74.46974969332757 375.2299539723026 14.255180291620759 447.61810145515483 0 472.6616849119455 44.36308726828866 Oyster-Closed 0
281.7413459999807 26.149584999985812 276.52635418191494 1.1567159425802356 359.7608713572845 0 364.9758650540025 8.781922312267987 Oyster-Closed 0
381.21690621548623 121.48525959598675 348.8891776035598 204.63552701190682 237.34899426432094 161.2702391417078 269.6769465808029 78.12044688115763 Oyster-Closed 0
