628.0213027215359 319.9009483269158 684.1658647688018 376.1352678854554 592.7015859384846 467.4417667272529 536.558053288536 411.20849275468964 Oyster-Closed 0
637.3342129333469 526.6666822739379 580.463441537504 525.613688252977 582.3206673082314 425.3805601429915 639.1894621423125 426.4335361153059 Oyster-Closed 0
31.58960423024837 667.7669739390583 0 562.4177749156943 106.90992444942822 427.65591322649044 194.22202720823407 533.0007663827976 Oyster-Closed 0
82.66832599998452 636.6666659999702 83.43538235509186 519.7542500842566 633.1376760369312 523.328535761611 632.3845312884805 640.2278660820626 Oyster-Closed 0
361.24404707465146 146.52593323545477 291.44299592342577 194.543614383737 169.80012340121903 17.717771626893835 239.60049011424417 0 Oyster-Closed 0
3.555527210555738 103.99999924958686 83.429779638318 106.15688657284252 79.87425076644286 237.8235356431121 0 235.66666599999974 Oyster-Closed 0
143.51124329645245 382.4341336774239 182.93670865845343 195.28702873930726 630.2743665321759 289.514562812971 590.8613522142696 476.65055160387675 Oyster-Closed 0
639.9999999990541 0 640.0017972177739 298.13168900811485 446.50080269027967 298.13016235666606 446.502266627067 0.001267203858667254 Oyster-Closed 0
417.9405514919199 0 417.94187634499394 230.76928421427112 121.6673978313338 230.76771273734593 121.66895989488694 0.000019192792507725452 Oyster-Open 0
544.3729455558059 458.4528907875219 535.1179162912013 498.00955944212313 418.30194535410556 470.68114564363754 427.5575391606253 431.1252947518409 Oyster-SemiOpen 0
