627.777010317659 326.01922741611696 682.6651345743448 382.102239410557 603.4551730500243 459.61448962177735 548.5679255508876 403.5323663587201 Oyster-Closed 0
628.8894782546413 526.0000468571067 590.633694490607 522.9579724805482 598.1899528702343 427.95797733125397 636.4444450000155 431.00000000000034 Oyster-Closed 0
42.562293840092025 640.4801956587607 0 523.0501509931489 157.84373734146357 428.24317962228895 220.44531544917845 545.6682987081384 Oyster-Closed 0
81.7777770000248 638.3333339999805 80.84996033125208 517.950229776378 629.7253227709734 513.6949721846868 630.6671673243545 634.0640352313064 Oyster-Closed 0
0 20.254702341984675 50.962527329829754 0 203.8546073040925 104.97666562739425 142.48652892427344 168.33761624535808 Oyster-Closed 0
331.59038964913634 144.27771011481747 282.3425098017469 177.8730305490377 181.07743390952237 29.42775818945607 230.3249803603103 0 Oyster-Closed 0
4.000000000014552 99.66666599999965 84.5453376959631 94.57011010063303 91.70867208005802 207.7769178191308 11.163336380705005 212.87344067352893 Oyster-Closed 0
642.4063921659399 293.06630264000927 605.4212383562844 478.7503078744879 149.2842121882859 387.8841086417563 186.27768770427792 202.21053836313243 Oyster-Closed 0
639.9999999991269 0 640.0016682201385 299.74519200813575 455.28854252283054 299.74369095007467 455.29001637951296 0.0012337519364609153 Oyster-Closed 0
117.273352 0 422.335038 0 422.335038 232.967032 117.273352 232.967032 Oyster-Open 0
550.2895806245942 458.76321050807564 541.4690715420147 495.52223413776284 430.1755816440709 468.819596168945 438.9965836869669 432.0612867290435 Oyster-SemiOpen 0
