636.8961098450382 453.6666390322395 445.5007967954589 454.4741527173361 444.61587752521154 243.80749195835978 636.0008290000405 242.9999999999998 Oyster-Closed 0
237.4680471378815 634.2797323928663 241.0476374244172 500.0546702554221 505.0780796848994 507.0920629541282 501.5061668307317 641.3094727546447 Oyster-Closed 0
45.48524159574299 627.4140687498181 49.21136433906213 531.4200440387466 220.1712355644122 538.0530078797149 216.44878857507138 634.0434964164713 Oyster-Closed 0
448.88888900000893 639.0000000000088 448.3464919284597 561.2256330875814 637.676618876867 559.9022655682852 638.2222705164895 637.6734376515806 Oyster-Closed 0
447.6747473848809 0 449.2912912282918 145.66963434431548 209.61556711685262 148.32231580725355 208.0000000000291 2.333334000014275 Oyster-Closed 0
298.9663939197635 67.698870604862 285.3280944647122 148.66555506473188 33.2412392115657 106.20192146478722 46.880084927615826 25.23577684639882 Oyster-Closed 0
4.102768407028634 100.80351564935235 317.37959226884414 80.8403439456782 327.89683769311523 245.88268117362176 14.61998976446921 265.8456475370912 Oyster-Closed 0
452.33466151097673 175.16414580286525 490.3597306797019 307.0600107710913 177.83040466580132 397.14772453186833 139.81060474878177 265.25630428891685 Oyster-Closed 0
6.2222230000043055 235.66666599999994 47.50227351709327 235.4198693787934 48.39114739312208 384.08654166065196 7.111096878652461 384.3333340844243 Oyster-Closed 0
639.9999999977445 0 640.0010002116323 241.7582563657624 444.3037659487163 241.75716861028042 444.3050053357001 0.000029080968617927917 Oyster-Open 0
