614.6703896148392 467.66717337819665 446.0898601790541 444.6963776110939 472.458525735492 251.22782280737482 641.0304194455966 274.1980250540345 Oyster-Closed 0
527.9750913090538 508.41268796810186 553.1307645206107 444.52050679541804 664.7093447561929 488.4431051497369 639.5553440630465 552.3338697702955 Oyster-Closed 0
258.61728299998504 606.8148149999995 275.355941929447 493.29957909305335 483.4364959994855 523.9735568899562 466.7034304606932 637.4837980796148 Oyster-Closed 0
221.62970208017214 552.7742823165378 219.79798376836698 640.3694673067585 55.0783688986121 636.9208266794915 56.91320853569778 549.3287761941267 Oyster-Closed 0
475.5555550000281 638 474.49097932061704 573.9090277196689 638.1976044403564 571.1877558726861 639.2644965343061 635.276438422324 Oyster-Closed 0
452.89666931159445 4.874652779196048 449.01565453714284 164.7916471915673 217.0502470865904 159.16080914529064 220.93231668266526 0 Oyster-Closed 0
68.31892335409066 126.08286002354478 81.67541782182525 50.893810662399645 298.4974307882658 89.40920354910708 285.1417038418731 164.59754097471503 Oyster-Closed 0
698.6330138181074 181.61579380813652 613.0737380457867 286.2216014002624 398.64171097615326 110.83423860565453 484.2004796835681 6.229668766062716 Oyster-Closed 0
12.300605300624738 272.1030732798091 10.322892954281997 119.53874213309918 346.61995999784267 115.17633631471773 348.6013301237108 267.73729804507747 Oyster-Closed 0
9.777553098319913 215.66665569043698 71.21995755369426 218.49577331107622 61.44240009925852 430.8290453216499 0 427.9999999999993 Oyster-SemiOpen 0
