375.53236071165884 121.01865157977308 369.513095886432 274.9221146014246 16.83623568424082 261.12324864768357 22.859262710189796 107.22419846749293 Oyster-Closed 0
3.1964976578456117 212.27632895802915 101.41200980193389 212.66032115956438 100.43690358848835 462.0506465702369 2.2213919999921927 461.6666659999999 Oyster-SemiOpen 0
635.0934496644913 441.4094839036989 493.21185084940225 446.9866522626346 486.7324922730768 282.1002955290145 628.6079198112566 276.52324707171954 Oyster-Closed 0
7.851340770866955 640.3268147433707 4.422026339379954 445.1360302107157 331.68723312155635 439.38325123810665 335.1290054019046 634.5613063056111 Oyster-Closed 0
294.1731305837311 635.1117989196522 290.73602677162853 510.509334867485 509.1811742347636 504.4831577222503 512.6238764806476 629.0798085289505 Oyster-Closed 0
113.16137577363406 635.4211642803547 115.24887588777347 539.6103802502024 249.19569238503755 542.5276344325823 247.11106178874616 638.3355957498593 Oyster-Closed 0
638.223981498304 639.6666190925307 494.3243753697607 643.5029173312438 492.54917183840007 576.8362405209175 636.4444449999428 573.0000000000008 Oyster-Closed 0
486.9846928768675 4.291133322844472 482.9485912783275 166.42612439749234 243.12398592373938 160.4546935791964 247.16121083678445 0 Oyster-Closed 0
321.64814975476475 69.50734472103458 319.61685797381506 150.77922249052511 112.88456369009509 145.61098600090972 114.91651821124833 64.33975013423668 Oyster-Closed 0
639.9999999991996 0 640.0008693632844 241.26366200258332 488.2438505252503 241.26286328440497 488.24461562995566 0.0000838453377916829 Oyster-Open 0
