3.1964976578456117 212.27632895802915 101.41200980193389 212.66032115956438 100.43690358848835 462.0506465702369 2.2213919999921927 461.6666659999999 Oyster-SemiOpen 0
635.0934508161299 441.4094836227075 493.2118517741037 446.9866530362834 486.7324919875682 282.10029643404505 628.6079197526851 276.52324692213165 Oyster-Closed 0
7.851340770866955 640.3268147433707 4.422026339379954 445.1360302107157 331.68723312155635 439.38325123810665 335.1290054019046 634.5613063056111 Oyster-Closed 0
294.1731305891881 635.1117989477713 290.73602675685834 510.50933485612666 509.18117422283103 504.4831576773874 512.6238764888694 629.0798085235546 Oyster-Closed 0
113.16137577363406 635.4211642803547 115.24887588777347 539.6103802502024 249.19569238503755 542.5276344325823 247.11106178874616 638.3355957498593 Oyster-Closed 0
638.2239824983844 639.6666190925031 494.3243764847284 643.5029194860713 492.54917195328744 576.8362426757391 636.4444450000155 573.0000000000002 Oyster-Closed 0
486.9846928768675 4.291133322853856 482.9485912783275 166.42612439743084 243.12398592373938 160.4546935791309 247.16121083678445 0 Oyster-Closed 0
321.6481497548375 69.50734472103078 319.61685797381506 150.77922249044846 112.88456369009509 145.61098600082906 114.91651821124833 64.33975013423768 Oyster-Closed 0
375.53236071165884 121.01865157974736 369.513095886432 274.9221146014796 16.83623568416806 261.1232486477347 22.859262710189796 107.22419846747275 Oyster-Closed 0
639.9999999989086 0 640.0010162932449 257.1428971706821 479.45578278246103 257.1419270912056 479.4567239331809 0.00008387149891942376 Oyster-Open 0
