10.116289161160239 197.03565937273163 142.01788051730546 198.9039335373137 138.12297896671225 473.86821159456633 6.221392000006745 471.99999999999966 Oyster-SemiOpen 0
639.1138775168656 419.6665608480673 524.5758077786013 424.0200104523098 518.4210346952023 262.05793247890716 632.9544834683475 257.704569834193 Oyster-Closed 0
36.432659487909405 639.9985652394586 36.45069578662515 397.9920834213866 349.3345869318 398.01097651949925 349.33095901156776 640.0036978241296 Oyster-Closed 0
330.64584426065267 634.7889922506545 335.19571392200305 490.7920016648252 561.5661105960316 497.9411343828393 557.0232847596344 641.931286875827 Oyster-Closed 0
141.62413678175653 641.9968332505637 137.10469736382947 530.4473201870456 292.61822592910903 524.1472194837686 297.1412588693056 635.6930075506575 Oyster-Closed 0
636.4462565819122 637.6666857936034 500.4314963937213 636.1805685257259 501.32355311798165 554.8472442091584 637.3333339999954 556.3333339999999 Oyster-Closed 0
517.5630446874129 1.5041806383361467 517.0044682700245 144.59078545255036 285.66431937862944 143.6865753331367 286.22378186599235 0.6010577544758873 Oyster-Closed 0
152.58832476873067 118.70844517954083 157.14858021652617 39.096796174764485 360.1152415865363 50.7227522758447 355.55552770492795 130.33381057171675 Oyster-Closed 0
47.75838256486168 250.54403095870188 47.344574579110486 94.51356082023169 408.7602465755481 93.55116503445593 409.1776752572332 249.57870124981974 Oyster-Closed 0
512.0136207582254 172.77685904010764 550.6653586613538 280.6848334385196 278.88565482455306 378.02259432205943 240.2375736211252 270.1176652701651 Oyster-Closed 0
16.851108132250374 63.05478212680042 13.406276465320843 4.872786452735756 277.3587945327017 0 280.8037611265172 47.426262632404466 Oyster-Closed 0
639.999999999709 0 640.0006036835111 224.6425940016113 527.789755314443 224.64210574758854 527.7901744993142 0.00002617068767718675 Oyster-Open 0
