7.894896063444321 197.03565953465426 139.7964882044471 198.90393318490135 135.9015877515776 473.86821108024924 4.000000000014552 472.00000000000034 Oyster-SemiOpen 0
639.1138775168656 419.66656084806715 524.5758077786741 424.0200104523097 518.4210346952023 262.05793247890716 632.9544834683475 257.704569834193 Oyster-Closed 0
36.432659487909405 639.9985652394743 36.45069578662515 397.99208342140287 349.3345869318 398.01097651951125 349.33095901156776 640.0036978241517 Oyster-Closed 0
330.64584426065267 634.7889922506545 335.1957139209844 490.79200169638403 561.566110595013 497.94113441439663 557.0232847596344 641.931286875827 Oyster-Closed 0
141.62413678168377 641.9968332505564 137.10469736382947 530.447320187041 292.6182259291818 524.1472194837614 297.1412588693056 635.6930075506534 Oyster-Closed 0
636.4462565819122 637.6666857936034 500.4314963937213 636.1805685257259 501.32355311798165 554.8472442091584 637.3333339999954 556.3333339999999 Oyster-Closed 0
517.5630446847208 1.5041806324094296 517.0044682738808 144.59078544955216 285.66431838509743 143.68657533682946 286.223780865912 0.6010577552463289 Oyster-Closed 0
152.58832476873067 118.70844517954083 157.14858021652617 39.096796174764485 360.1152415865363 50.7227522758447 355.55552770492795 130.33381057171675 Oyster-Closed 0
47.75838256486168 250.54403095874906 47.344574579110486 94.51356082020214 408.7602465755481 93.55116503442989 409.1776752572332 249.5787012498637 Oyster-Closed 0
512.0136209984776 172.77685950734178 550.6653586657194 280.68483393151416 278.8856538291293 378.02259455827374 240.23757286078762 270.11766548064463 Oyster-Closed 0
16.85110514939879 63.05478400646551 13.406278735783417 4.872786932013072 277.35879467429186 0 280.8037629696628 47.426280319867175 Oyster-Closed 0
639.9999999995634 0 640.0006565856893 232.2555090018676 519.4706365302409 232.2549360108117 519.4711539999844 2.7686728502139912e-11 Oyster-Open 0
