387.33975568153255 410.08874808455107 362.1165185367863 641.9689862895736 49.97750741538766 608.006290642252 75.21278162756062 376.139709104172 Oyster-Closed 0
366.57860994404473 628.9974504286183 371.39949486059777 462.7524470173379 590.4678948521905 469.10215654786896 585.6545500615903 635.3399297480574 Oyster-Closed 0
522.6666660000046 639.666666000023 519.9164737442334 547.1569611007657 637.3333339999954 543.6666660000345 640.0858464639896 636.1739984622257 Oyster-Closed 0
173.72837749346218 67.1031656015643 186.98751174473728 0 401.5849773415539 41.60383832748848 388.32621655310504 109.1976369695412 Oyster-Closed 0
540.4444463858817 2.9995878183630547 540.0115509176976 131.79975483543126 341.7886942719633 131.13275585944865 342.22222299998975 2.333334000031569 Oyster-Closed 0
625.7780943367834 181.33335126998173 546.9992629059561 177.0460788190681 556.7775772023742 0 635.5555549999553 1.6666659999987552 Oyster-Closed 0
431.28527004395437 230.32431082560916 68.49934348181705 225.37168716084403 70.64839722312172 68.2414223680638 433.4279857720685 73.19400264368002 Oyster-Closed 0
530.414171894954 152.2795980477529 570.4371192106919 259.4172073972265 308.0309472051158 357.4340542826158 268.011401478434 250.29935189718105 Oyster-Closed 0
630.2237250036706 387.3333160399264 546.7935110047256 388.33092519795923 544.9030518242944 230.13417250716333 628.3303884352063 229.1365799458742 Oyster-Closed 0
8.530083563382505 169.04291163388075 172.44536177342525 172.77395045025773 165.2486011858855 488.9287030731655 1.3333339999371674 485.19780199999946 Oyster-SemiOpen 0
