387.3397542506427 410.0887472720485 362.1165210831532 641.9689847057113 49.9775088471506 608.0062941768413 75.21277908243064 376.13971341009903 Oyster-Closed 0
366.57860994404473 628.9974504286014 371.39949486059777 462.7524470173163 590.4678948521905 469.1021565478452 585.6545500615903 635.3399297480444 Oyster-Closed 0
522.6666660000046 639.666666000023 519.9164737442334 547.1569611007657 637.3333339999954 543.6666660000345 640.0858464639896 636.1739984622257 Oyster-Closed 0
173.72837749346218 67.1031656015643 186.98751174473728 0 401.5849773415539 41.60383832748848 388.32621655310504 109.1976369695412 Oyster-Closed 0
540.4444463858817 2.999587818353188 540.0115509198804 131.79975483478557 341.7886932741385 131.1327558587991 342.22222199998214 2.3333340000264164 Oyster-Closed 0
625.7781571058877 181.33335463154373 546.9992219661799 177.04607888569905 556.7775806531426 0 635.5555550000281 1.6666660000012836 Oyster-Closed 0
431.28527004395437 230.32431082561004 68.49934348181705 225.3716871608446 70.64839722334 68.24142235441558 433.4279857722868 73.19400263003149 Oyster-Closed 0
530.414171894954 152.27959804773354 570.4371192104736 259.41720739727606 308.03094720518857 357.4340542826658 268.01140147828846 250.29935189716124 Oyster-Closed 0
630.2237240035902 387.33331603993713 546.7935114260035 388.3309246198194 544.9030533132463 230.13417222638668 628.3303885028727 229.1365802432388 Oyster-Closed 0
8.530087704857579 166.84511171194092 172.4453619450651 170.5761493603144 165.24860146710125 486.7308986475532 1.333334000009927 483.0000000000006 Oyster-SemiOpen 0
