561.2757709241123 155.39653118553568 594.9485175516747 260.7274915061607 323.79754425266583 347.4017520996478 290.12813384200854 242.07365990188134 Oyster-Closed 0
640.6980655364168 376.0552801915622 565.2097508067527 378.74311885791633 560.0698646320961 234.35445613016154 635.5555549999553 231.66666600000104 Oyster-Closed 0
9.983376327436417 174.73773142144546 194.3494959283271 177.87070481219416 188.81055147154257 503.79951647948826 4.444445000044652 500.66666600000013 Oyster-SemiOpen 0
414.00857486383757 14.87853672853965 408.39100858109305 102.79179046552498 204.49474902321526 89.76245972862168 210.11264103231952 1.8495505954489977 Oyster-Closed 0
113.61620629657409 659.2194963314256 62.79330608260352 426.17441962871055 392.61781127490394 354.25678316436904 443.45101647180854 587.2866764231665 Oyster-Closed 0
393.3333339999808 629.3333340000241 396.6464846613235 461.4003885925722 615.8484904920624 465.7224802020611 612.5428784619726 633.6481369695073 Oyster-Closed 0
359.11155040885205 507.3277833786795 350.81182190129766 612.1693779738778 200.24508935166523 600.2485020824817 208.5477986065962 495.41013836129844 Oyster-Closed 0
638.2237936838646 632.6665741121244 549.8923332469712 637.8308318066285 545.4493124852161 561.8308356210713 633.7777780000033 556.6666659999988 Oyster-Closed 0
36.00082899996778 617.6666660000338 41.75903293042211 559.5749807391707 159.53492100430594 571.245633279658 153.7783641090209 629.3357951150055 Oyster-Closed 0
443.5555550000572 1.6666659999895632 541.4112723904691 0 603.3951948029426 97.63928862429313 505.5395556610165 141.1305256453809 Oyster-Closed 0
83.27777671271178 225.71693450904917 82.77887365453353 63.650097435060424 454.7186547513411 62.502064716578865 455.22077989509853 224.56620538351206 Oyster-Closed 0
4.444444999971893 94.33333400000333 67.67530826720758 86.07279049587808 82.78631842440518 201.73952024359693 19.555467180616688 210.0000114727377 Oyster-Closed 0
639.9999999999272 0 640.0001647517638 171.67326000034825 574.4160224613006 171.6730781047862 574.4162089999736 5.979442801151411e-12 Oyster-Closed 0
