10.280409788829274 157.25868330379663 194.64653013594216 160.39165642557268 188.81055154844944 503.7995098955185 4.444445000044652 500.6666660000003 Oyster-SemiOpen 0
414.00857486383757 14.878536728545415 408.39100858109305 102.7917904655296 204.49474902321526 89.76245972862677 210.11264103231952 1.8495505954543092 Oyster-Closed 0
113.61620659532491 659.2194964382462 62.79330606434087 426.1744201421329 392.6178111240006 354.2567831326877 443.45101663777314 587.2866759849062 Oyster-Closed 0
393.3333339999808 629.3333340000041 396.6464846608869 461.40038861226515 615.8484914912697 465.72248024146415 612.5428794615436 633.6481369891601 Oyster-Closed 0
359.11155040885205 507.32778337870883 350.81182190129766 612.1693779739119 200.24508935166523 600.2485020825231 208.54779860652343 495.4101383613203 Oyster-Closed 0
638.2237946838723 632.6665741120823 549.8923338358873 637.8308341545348 545.4493110741168 561.8308379689809 633.7777769999957 556.6666659999994 Oyster-Closed 0
36.00083099998301 617.6666659999694 41.7590350156388 559.5749808650585 159.53492108958017 571.2456334054219 153.7783641090209 629.33579511485 Oyster-Closed 0
443.55555499998445 1.6666660000136795 541.4112712030328 0 603.3951956790406 97.63928693391391 505.5395577244053 141.13052505822614 Oyster-Closed 0
83.27777670958312 225.71693449563912 82.77887366071809 63.65009741660074 454.7186547586898 62.502064719607105 455.220779893134 224.5662053916011 Oyster-Closed 0
4.444445000044652 94.33333399999617 67.67530789627926 86.07279297298746 82.78631926201342 201.73952337151928 19.55546654498903 210.00001155576985 Oyster-Closed 0
561.2757709241123 155.3965311855414 594.948517644516 260.72749179620683 323.79754434536153 347.40175238968226 290.12813384200854 242.07365990189314 Oyster-Closed 0
640.6980655364168 376.05528019156174 565.209749807982 378.7431188934767 560.0698636333982 234.35445616572144 635.5555549999553 231.66666600000082 Oyster-Closed 0
639.9999996417318 0 640.0001539467485 170.30142900027315 569.5326167530584 170.30125719920622 569.5327975925466 0.0000035783168854823402 Oyster-Closed 0
