639.1129961445404 444.33330477537396 558.4525034131366 445.5837512311191 555.7349583593896 270.1892231113902 636.3917805654637 268.9388046572311 Oyster-Closed 0
0.3752013843768509 241.7334261139899 220.15494464852964 240.21334174461998 222.4463369663863 571.4799892231026 2.6665912011958426 573.0000005173132 Oyster-SemiOpen 0
91.32953916683618 628.9660634227421 97.22945905647066 445.0167941633699 415.6297649035696 455.222112157851 409.7419033252663 639.1598274861703 Oyster-Closed 0
403.07612632910605 635.2026035412214 400.51228121817985 516.4991607081121 604.6587625679967 512.0888851396867 607.2276412812062 630.7871961724983 Oyster-Closed 0
350.53393844355014 3.4797602934221663 348.49082007887773 119.27536849429835 23.440990585368127 113.53866270702153 25.48491794295842 0 Oyster-Closed 0
218.66557378518337 638.3329307906879 218.66892516132793 557.6651737857808 361.7780973574554 557.6701433871042 361.77730942079506 638.3353358602745 Oyster-Closed 0
314.3906121198961 60.7779706637683 409.7497130742704 0 624.6286320248328 99.34265349689656 529.2706178303342 224.4977348282211 Oyster-Closed 0
638.2229453270702 243.66665059048327 579.1126839793287 244.92765900967524 574.4988006247877 28.62787918924603 633.6077997657412 27.366884011871647 Oyster-Closed 0
436.62071184342494 119.39582857800788 431.80522587688756 181.85987084756965 222.54550956422463 165.72596069540788 227.36164226233086 103.26246494535097 Oyster-Closed 0
114.57415987519198 260.690799451025 139.37075209258182 88.80354218255545 480.32757208631665 137.98614617590147 455.53578867220494 309.86942768409756 Oyster-Closed 0
4.8888889999943785 164.66666600000002 101.58708941766236 164.32102117476938 102.03307349758688 289.0861827663235 5.334873141691787 289.431823971754 Oyster-Closed 0
