81.3618869723723 622.3505781039709 0 496.41937723056515 150.4087412320223 169.2349076395972 321.78888336595264 295.1591025829341 Oyster-SemiOpen 0
133.788849860357 637.1922988026772 135.71657388980384 445.116868584885 449.5431926274614 448.2621303220179 447.6277133855183 640.3254252891138 Oyster-Closed 0
11.111109252233291 0.33333399322579166 202.40281101170694 1.0747728904182432 201.95836773396877 115.74143707505269 10.66666599996097 114.99999999999987 Oyster-Closed 0
466.9260935850616 639.1079896714995 464.49968965338485 524.9789695735012 626.0142486730183 521.5450440100916 628.4445185818186 635.6701210961623 Oyster-Closed 0
198.5183136456908 633.6928033482864 200.92581372402492 545.5884929235514 431.6596779226529 551.8879307566827 429.2567594409047 639.9878079022532 Oyster-Closed 0
612.5845962664607 201.8704328386487 391.38245354908577 180.80372161109062 408.7173127985443 0 629.9167803524324 19.87036547006548 Oyster-Closed 0
283.9109446191287 165.19805451555555 292.5894737818453 102.28692387464612 493.39664868384716 129.98712202463253 484.71890715896734 192.8975208847984 Oyster-Closed 0
165.2400728995417 278.62036595634345 183.28351817697694 97.52403456565418 529.28392714035 131.99491170232682 511.2458361515746 313.0862271109704 Oyster-Closed 0
152.25197162741097 175.77427895954935 145.21160931159102 307.20801555722574 0.06917309561686125 299.4320176978618 7.111110999976518 167.99999999996547 Oyster-Closed 0
1.7777769999520388 260.3333340000032 32.57444972652593 253.91253351439912 49.46317504327453 334.9126219786112 18.66652151773451 341.3333641228413 Oyster-Closed 0
