79.24748043158615 667.3209820875556 0 541.8332298545632 165.76017587802198 218.0826249709854 328.65964927885216 343.56273510520975 Oyster-SemiOpen 0
166.21642677149794 639.666080282168 166.233093811461 464.6564224150728 484.00270347650803 464.6800187113289 483.99733856458624 639.6787798650827 Oyster-Closed 0
477.3333339999954 639.6666659999703 477.3377253637591 557.3308868785822 639.1119249573967 557.3382678637431 639.1104910282593 639.6710740478084 Oyster-Closed 0
210.0122320027731 46.92347766907819 260.28978247442865 0 460.02143471923773 48.88590643992083 409.7443938449578 148.1189352964499 Oyster-Closed 0
231.45310336847615 2.8092505881056384 229.561633099147 171.81917817579836 7.55638499998895 169.33333399999458 9.448971526726382 0.32467229184124863 Oyster-Closed 0
670.2099033167906 119.32758520767054 616.9501843770558 261.3558824519398 361.07099427317735 165.40145598833283 414.33170141797746 23.374766616155355 Oyster-Closed 0
303.4780177155335 217.07245983063933 311.2880610319553 164.53943217590557 497.42695364497195 192.2108657419763 489.6177537537733 244.74313745488033 Oyster-Closed 0
550.6163726372324 185.54944683418717 536.4583605364169 353.49601144492004 183.06028134582448 323.6974917330431 197.2234555434261 155.75693509609013 Oyster-Closed 0
174.46476268814877 229.91405053821615 151.27306005364517 355.3725536058877 0 325.091399540266 10.659425068370183 199.6350586488076 Oyster-Closed 0
0.888878629921237 281.66666590594866 52.325316588176065 282.13316866271873 51.43643782786967 380.1331631117828 0 379.66666600000025 Oyster-Closed 0
418.52725196891697 34.213312628885994 443.8473500526743 0 661.7599298118876 27.036491047712595 636.4401405317767 104.9916012374934 Oyster-Closed 0
640 0 640.0000086002547 48.351649134889634 590.0379438160599 48.35163671809691 590.0379570000223 0 Oyster-Closed 0
170.63987251014623 259.30226331352526 106.72250750038074 125.12362752153797 334.2271659941616 16.75090759474033 398.14485114853596 150.92763251828023 Oyster-SemiOpen 0
