414.0747257584735 50.14403125931631 433.78279545715486 0 610.3953166685824 9.513162881541522 590.6874798797071 92.22556537854726 Oyster-Closed 0
102.72580474636925 680.588847274312 0 558.1060729933192 166.5383763067075 233.27541099377504 336.63760598275985 355.7506078621045 Oyster-SemiOpen 0
174.66749699997308 636.3333340000346 173.5488551812159 481.68486616141513 499.4484385216492 479.3225083662636 500.5774583163293 633.9604689268615 Oyster-Closed 0
500.44444499995734 617.9999999999845 501.2371345014981 572.8310751942242 634.5690494075825 575.1691273916385 633.7777177709359 620.336714715078 Oyster-Closed 0
233.4942715584475 71.702903468767 276.97569121322886 0 460.3691846237052 81.4383448314296 416.888340203659 166.00106731238287 Oyster-Closed 0
4.444444999971893 16.333333999996206 198.7006623693742 0 245.366964161949 135.6290594332511 51.11074514890788 188.333433260138 Oyster-Closed 0
667.7265802205511 148.21895221422477 604.7190163346386 278.0541643127284 355.65842604861245 157.18728272991967 418.66657945174666 27.353824615450396 Oyster-Closed 0
504.39574742646073 238.4535531854627 486.43896838046203 293.98037437636475 295.3964170341351 232.19966486020084 313.3537204859749 176.67377556377136 Oyster-Closed 0
319.0018747981958 0 323.31056411538157 40.6442804602191 91.86410950678692 62.21977895445369 87.555554999999 15.999999999966928 Oyster-Closed 0
182.98964187168167 349.0291374313057 193.52347707746958 181.41314314900717 528.7665974928677 202.47623356196772 518.2387903716153 370.0869756972559 Oyster-Closed 0
174.56458452172228 243.1366636458658 161.1627668003348 372.3512763071361 0 355.2122428293507 9.33333400003903 226.00000000002746 Oyster-Closed 0
640 0 640.0000248840661 70.10966000004358 585.4051976170012 70.10963628134313 585.4052202279854 8.386438160137976e-7 Oyster-Closed 0
162.93343352648662 277.10454130814514 108.15365058333555 144.618591141168 347.78217512881383 45.539192248656235 402.56263354604016 178.02301440422863 Oyster-SemiOpen 0
