3.5555549999844516 315.33333400000186 60.045123316012905 310.29970864095986 71.60046666089329 439.96648366212605 15.110911093943287 445.0000178127284 Oyster-Closed 0
105.56502230727347 706.3388330914086 0 574.1833709239288 158.04242360442004 230.14135714205455 346.6485327917326 362.2888478329995 Oyster-SemiOpen 0
585.509023154591 102.31570152458305 421.7456742784998 60.325121584274385 446.0149914368958 0 609.7777769999811 7.6666660000019125 Oyster-Closed 0
196.4343358246697 637.1845663124965 197.44435905347927 485.46618056628546 504.4011478809989 487.50550703732165 503.40093317776336 639.2139439544134 Oyster-Closed 0
515.1119420000032 628.3333340000116 516.5810600354598 575.1508723340438 637.468383891246 578.4884851365674 636.0007508077979 631.6694993708801 Oyster-Closed 0
233.9389575594396 74.74448241598822 286.88766702020075 0 470.76643635453365 94.2005014173374 417.81843632219534 183.62207164869017 Oyster-Closed 0
244.87717548072396 7.338396682629896 257.0877887318784 189.12688798336956 0.8888889999798266 206.33333400002715 0 24.546427037304873 Oyster-Closed 0
368.67599362805777 158.450661155143 436.1976868671627 29.52652089812755 679.5916656075133 156.99823149242712 612.0724819465249 285.9202096152957 Oyster-Closed 0
323.55555499998445 251.00000000001089 327.3706234485144 200.40583072641354 506.8943690939341 213.941320118184 503.08014220994664 264.5347073264561 Oyster-Closed 0
344.88282658516255 0.4165752225607662 345.1206556731631 49.45144757129981 87.34881801123265 50.701341486900276 87.11111099997652 1.6666660000244935 Oyster-Closed 0
532.7399743832939 372.3265494560878 198.55771100032143 358.0053013745676 205.80967028974555 188.96360368988908 539.9804055189452 203.28460731521457 Oyster-Closed 0
197.3960263022309 271.57543727295086 172.08507429873862 400.6115546919001 0 365.9196827343932 20.540407275839243 236.8862445534383 Oyster-Closed 0
145.71539640710398 289.05359626546124 103.12813728043693 126.49694972930179 419.0080614211911 43.74256180464913 461.5973496764491 206.29520471223898 Oyster-SemiOpen 0
