4.444445 309 81.777777 309 81.777777 441 4.444445 441 Oyster-Closed 0
130.0599144105945 692.4778738127894 0 561.8058618570636 194.41624487291847 240.95244112545043 369.51624375768006 371.61549399602796 Oyster-SemiOpen 0
449.3991115037352 55.04937104184442 475.9749584464589 0 636.812798728206 9.148982417044188 610.2372089392156 101.38902383516536 Oyster-Closed 0
515.0147910568921 495.72438852593007 506.15678893118456 651.0428060621463 212.0299779936613 634.2589333671885 220.89701313459955 478.95019790451187 Oyster-Closed 0
524.4444449999719 639.6666659999902 523.4702166930947 583.68949838472 638.1354926798667 581.6932743369919 639.1111518201069 637.6690078673446 Oyster-Closed 0
226.7901702549716 69.330228668107 279.6606354803225 0 491.9801005939371 94.00794971449407 439.1104714789253 188.33447498897192 Oyster-Closed 0
226.2529439944774 0 258.25268406479154 169.65228301196635 9.197850095588365 215.67207234144973 0 42.50322050242288 Oyster-Closed 0
634.6672694856534 244.66647977951763 462.7052548901702 267.0211843882963 434.5681638102542 50.57268879497556 606.5267326567846 28.218186438810235 Oyster-Closed 0
218.53531732871488 366.3421246024131 221.60565563113778 201.77395133453598 553.3179724915681 207.95795975204635 550.2535444286332 372.52078459434694 Oyster-Closed 0
357.32100475463085 0 358.0076842465496 56.25445134635554 107.35319399602304 59.27669989574993 106.66666600001918 2.333334000033263 Oyster-Closed 0
0 349.1797759121538 13.136762458016165 228.50707181659646 211.7045922196121 259.17175389396004 193.0703736912983 379.84184613511223 Oyster-Closed 0
499.4387888236088 149.99886709743313 454.3920069512387 318.53018816712375 129.60525819085888 231.71445995509967 174.6546740881604 63.18688432361998 Oyster-SemiOpen 0
