3.5554840540135046 297.66666431100026 100.47675408859504 299.9740525996747 96.92126833651855 449.3073406843854 0 447.0000000000001 Oyster-Closed 0
170.02259171378682 683.7498719906437 0 546.7573633067716 181.25259580127022 234.0268644253677 382.7015790088626 371.01004450548197 Oyster-SemiOpen 0
645.218516629684 9.480589502610814 638.2428185460594 104.55946884811893 446.7892807554017 90.51251112219359 453.76529157714685 0 Oyster-Closed 0
220.12143375104642 641.5290996782721 218.3883374348079 507.2083722546133 546.0264850979001 502.9761794399145 547.7688311283418 637.2873837214808 Oyster-Closed 0
547.5538970000343 638.666666000001 548.468633071534 586.3173398583482 630.2482752490323 587.7457072001714 629.33453157857 640.0940556653751 Oyster-Closed 0
258.73601188075554 75.2934521229365 307.0301538563217 0 509.9672802920395 87.95299135565118 461.6739318904001 180.8229784580089 Oyster-Closed 0
4.896690254463465 43.05491007934181 238.06460365209205 0 284.3537899680814 150.7510813058053 51.186047309383866 213.91873574336296 Oyster-Closed 0
638.2244168117177 296.33332328564177 460.716411457106 297.20025463529703 459.5555549999699 59.00000000000004 637.0581780131033 58.133081462288644 Oyster-Closed 0
370.00558226543944 246.4497297080251 377.0484688886063 197.45250783765923 547.8797207907337 222.00611059848853 540.8376549760578 271.0025939879305 Oyster-Closed 0
235.6229513357539 369.2769027755206 240.2744527538016 206.56951928417806 569.804085762662 215.98559499783786 565.1585943079408 378.6874393892648 Oyster-Closed 0
224.0603408637253 260.26753179365573 207.50522961825482 384.9239329664954 5.152578182314755 358.0484128616605 21.710100632481044 233.39484424133317 Oyster-Closed 0
181.60837532268488 261.32231329061534 157.05251989296812 124.13168611361124 471.02986961064744 67.93208943179002 495.5877935013996 205.1198447942192 Oyster-SemiOpen 0
