7.9998444757802645 275.9999917611383 126.51346700637077 282.2782215967444 118.51361198299855 433.2781056019675 0 427.0000000000008 Oyster-Closed 0
189.1091774443339 679.5728747910193 0 552.197083071577 225.37425318841997 211.1882542120779 416.4464684896666 338.55515705320386 Oyster-SemiOpen 0
248.65919051429955 630.6340865123641 252.41135833413864 490.9652483279789 556.186691603798 499.1198917102664 552.443707325001 638.7796590513576 Oyster-Closed 0
638.2230497193814 637.3332301465606 575.8031179864338 645.1744793815437 567.8040830706595 581.5078015196688 630.2222229999461 573.666666000003 Oyster-Closed 0
310.2494346181629 67.56571643199871 349.1587781735143 0 528.9674031725735 61.63101166029185 490.0585589680122 148.29401289655743 Oyster-Closed 0
0 209.6666659999779 0 33.27312140963868 289.43068555672653 0 323.3407554213045 147.50795761825609 Oyster-Closed 0
211.47050680810935 254.58140321101615 178.50243904060335 98.64208117646893 492.9666523683409 32.157957919769736 525.9367818664032 188.0950209548514 Oyster-SemiOpen 0
418.6666659999901 226.33333400002994 428.74483211176994 172.9107691118529 585.8130561056169 202.54009511894452 575.7356643543608 255.96198304054835 Oyster-Closed 0
605.0945802245406 198.51083685599914 597.3285262813442 363.2116130154028 265.0094951748906 347.53537679499027 272.7808281604666 182.84068734254265 Oyster-Closed 0
263.8404994006851 247.89695766921955 244.22997174871853 374.02374309773893 27.848091307969298 340.3783160750876 47.46099961310392 214.25448310092617 Oyster-Closed 0
