633.3119324201834 260.8945803957045 625.5992805711139 432.84417095016886 303.2577683038835 418.3783668944073 310.97705148255045 246.43633449589802 Oyster-Closed 0
312.9576419533987 296.25008482532286 299.1172555594676 422.1819022688732 65.69486784661422 396.52483939316437 79.53849865712982 270.5967358906911 Oyster-Closed 0
489.77777932690515 2.33300020066684 489.2183967299934 82.59233000223715 154.55132466566283 80.25877488610215 155.11111100000562 0 Oyster-Closed 0
164.383746153253 327.2141801120653 161.59990908839973 531.653670077132 0 529.4288288198745 1.3642282147338847 324.99436951265716 Oyster-Closed 0
232.81278330316127 706.34194633923 50.33147141497466 573.355277661254 269.19218396571523 273.1137991043398 451.6573491138115 406.0919160935507 Oyster-SemiOpen 0
294.22222299996065 638.6666659999638 294.62631574810075 548.5074687146721 623.2905873950222 549.9719803401797 622.8930754867906 640.1245820815575 Oyster-Closed 0
502.222223 3.666666 639.555555 3.666666 639.555555 144.333334 502.222223 144.333334 Oyster-Closed 0
331.9328128509369 108.33456744579797 393.1070272983925 13.895078199239887 622.8699907888222 162.72504304999393 561.6972885693394 257.163178719459 Oyster-Closed 0
367.3804128648044 53.946705274525385 387.2358714098664 243.9085849266402 4.107354316874989 283.94723287941713 0 93.9902098466669 Oyster-Closed 0
567.0902497739735 146.65485126337836 563.5628167603136 272.9407323883169 262.479288136019 264.5263208539989 266.00958565111796 138.2434970830961 Oyster-SemiOpen 0
