112.45080985863751 403.1758072935708 119.10320318100275 280.33124228208686 349.45659624230757 292.8018199355806 342.80796262901276 415.6430455949607 Oyster-Closed 0
634.2354956407507 433.26647981355455 369.7665267311095 438.42642277758057 366.51345859019784 271.36858079766205 630.9710650289344 266.20874726411523 Oyster-Closed 0
5.013499908382073 330.3736068222744 211.18580994632794 309.713943677747 229.63718893413898 493.82910109226407 23.464977409967105 514.4881799184222 Oyster-Closed 0
291.5738841451821 695.532077391115 119.20055296111968 570.4323841597392 335.1460011670133 272.95645771378906 507.503507015208 398.0478053771933 Oyster-SemiOpen 0
176.88696893659653 496.29335822953806 202.47053370214417 635.8754500189084 50.912137026680284 663.6417191854193 25.333823731925804 524.0642362968824 Oyster-Closed 0
345.89450025348924 638.6636490780937 342.4570345369284 518.3910130571433 621.89144927499 510.4027079825138 625.3358623149688 630.6680385746369 Oyster-Closed 0
636.4448383893614 170.6666428285237 553.3590596946306 175.56057239235545 543.5816484417592 9.56057630963958 626.6666659999464 4.666666000001749 Oyster-Closed 0
375.924137258844 146.84368121282873 404.3003853035043 56.73376318156767 593.5488366770733 116.32842730795561 565.1735695808748 206.43754175630423 Oyster-Closed 0
377.50101919045846 76.55307552958818 392.0857650862308 262.1929083039679 10.552880157265463 292.1598824970555 0 106.52465050583967 Oyster-Closed 0
519.3036906910856 294.39876815354273 525.6005195533362 249.8730532427577 638.2960869957606 265.80924176279433 631.9998455968744 310.33442589119994 Oyster-Closed 0
615.11294380849 192.3525750006275 587.6518471746385 319.6300782869011 307.4698839384655 259.1760960747414 334.9331699695904 131.90150013073924 Oyster-SemiOpen 0
