638.2245453880751 434.66668819559635 550.9459981253895 433.83254695778703 552.7255191362201 247.83254402350465 640 248.6666660000003 Oyster-Closed 0
3.6827503248059656 0 73.7777769999957 0.9999999999985464 70.09502607426839 78.33784900755201 0 75.00000000000068 Oyster-Closed 0
198.66749644577794 1.99995621741915 199.64943696730188 79.56425028870561 70.49137750749651 81.19912212207922 69.5095957499143 3.634936508875736 Oyster-Closed 0
643.514001082367 476.8631142638684 568.5579025768675 539.0409680247398 472.3084500555706 423.02583762790346 547.2622363554547 360.84951315808996 Oyster-Closed 0
125.17494699612143 629.9408029903277 128.27968426048756 292.8318953546642 372.3710764724092 295.08317254807787 369.28077878554177 632.1771896562714 Oyster-SemiOpen 0
3.9699180292518577 333.9994381632873 135.65588254859904 336.03596742135187 131.68595963717962 592.7031058579906 0 590.666666 Oyster-Closed 0
477.1909710359614 635.7119490590851 468.7003276552423 514.1899230133747 631.5056216478115 502.81691022630133 640.0000983835344 624.3347413590388 Oyster-Closed 0
359.5555549999699 634.000000000028 360.7405965297221 553.4362498608517 497.1825250628899 555.4419338019692 495.9999523652368 636.0032451527701 Oyster-Closed 0
630.3139097800158 5.72429512669259 629.186282428418 144.45786071858063 155.22218710160814 140.60165153394854 156.35155233925616 1.8701668081631715 Oyster-Closed 0
620.11174388972 312.50386347407675 352.4358521785325 296.1992831273309 364.76944504298444 93.78303683758743 632.4378334962239 110.0874017886405 Oyster-Closed 0
