638.2245443879947 434.6666881956081 550.9459975375648 433.8325464925338 552.7255195483303 247.8325435582499 640 248.66666599999968 Oyster-Closed 0
3.6827506835834356 0 73.77777800000331 1.000000000001214 70.09502739405434 78.33784937615208 0 74.99999999999942 Oyster-Closed 0
198.66749644577794 1.99995621741915 199.64943696730188 79.56425028870561 70.49137750749651 81.19912212207922 69.5095957499143 3.634936508875736 Oyster-Closed 0
643.5140017444064 476.8631133302497 568.5579035320552 539.0409680970605 472.30844953992346 423.02583825795347 547.2622355465865 360.8495127822307 Oyster-Closed 0
125.17494800173154 629.9408030017444 128.27968524921744 292.83189536653344 372.3710764583666 295.08317253851453 369.2807787883794 632.1771896462958 Oyster-SemiOpen 0
3.9699162336910376 333.9994387512371 135.655881108396 336.0359670983598 131.6859599925374 592.7031049470891 0 590.6666660000001 Oyster-Closed 0
477.1909710359614 635.7119490590368 468.7003276503674 514.1899229438637 631.5056216429366 502.8169101568013 640.0000983836071 624.334741358976 Oyster-Closed 0
359.55555500004266 633.9999999999993 360.7405965297221 553.4362498608065 497.1825250628899 555.4419338019344 495.9999523652368 636.0032451527314 Oyster-Closed 0
630.313908780081 5.724295118512498 629.1862814284832 144.45786071047775 155.22218710160814 140.60165153397884 156.35155233925616 1.8701668081161393 Oyster-Closed 0
620.1117438934307 312.503863413389 352.43585218224325 296.1992830666429 364.7694450466224 93.78303677689931 632.4378334998619 110.08740172795179 Oyster-Closed 0
