420.51462638526573 410.60285368984717 328.53488875676703 408.8126726664833 330.3021749335312 318.0759815168002 422.2796488649328 319.8661404892372 Oyster-Closed 0
442.5757370000065 356.66666599999047 483.2369541264052 314.25826043880693 553.1734273864276 381.30719410608833 512.5127894682373 423.7150323021121 Oyster-Open 0
288.5521453076217 394.88409125793225 236.90169761357538 437.13909275378745 191.27749495906755 381.37588213081125 242.92726836531074 339.121318320819 Oyster-Closed 0
266.36526629103173 363.89560878198995 307.77638400562864 332.43964838984147 366.57513869133254 409.8391279732988 325.16441058665805 441.2946477260942 Oyster-Closed 0
110.66654523892794 447.66670327110717 9.937765525173745 442.36584220764 15.389588995531085 338.81022149494976 116.11534982796002 344.1110034725332 Oyster-Closed 0
622.3676532784884 388.7052233023561 593.2161201246345 450.43244890785274 513.792146390042 412.92700609811567 542.9438705013308 351.2005732039172 Oyster-Closed 0
127.49193937015662 400.21326749947804 197.7512724560802 409.39622492163437 191.39589608246752 458.01505667303815 121.13657666835934 448.83217080034336 Oyster-Closed 0
167.97627712112444 444.61526653981764 215.42008885422547 429.3132570845247 233.21781393970014 484.48660440100866 185.77407191980456 499.7884608924533 Oyster-Closed 0
584.9394837817817 424.0531852113163 636.2872010019055 427.87733380088844 629.7789833872957 515.2508710825193 578.4312725534983 511.4267810511864 Oyster-Closed 0
474.735229126818 534.7101932623809 445.5162890847714 466.69668178658367 547.8253911174397 422.751543142416 577.0447653091105 490.76370428289493 Oyster-Closed 0
243.27245433829376 433.33785679323137 312.49272019478667 443.51552409355173 298.75575676749577 536.9273113389745 229.5355278920033 526.7498181331238 Oyster-Closed 0
244.99741551881016 479.4369855751549 239.3479418662173 544.5488377890562 74.36997991288081 530.2333961207237 80.02128263156919 465.1235433599569 Oyster-Closed 0
433.63268157794664 609.2440091981258 346.9689818437473 614.642283451029 341.8778002244653 532.9040767628251 428.53851620042406 527.5058952472831 Oyster-Closed 0
499.58419807495375 563.2349736689703 497.7494671264867 601.5588737440335 451.0546197405347 599.323513801199 452.8897180000058 561.0000000000023 Oyster-Closed 0
195.47040808443853 568.0850966707959 265.26396223976917 583.9987621883181 253.42100858521007 635.9251880940296 183.62751444110472 620.0117119293544 Oyster-Closed 0
6.857330051061581 54.31174568406264 63.454093286709394 61.07840002606997 54.13040441148041 139.061912005655 0 132.2952765630993 Oyster-Closed 0
295.93268102180446 87.72192602762135 289.99499670353543 142.34953894620432 198.81957137382415 132.43918188143903 204.75743304261414 77.81178506027645 Oyster-Closed 0
217.01180888776435 141.8433907242882 179.07849504590558 199.9139814810622 41.98634887448861 110.36202696684089 79.91960693761939 52.29184354986089 Oyster-Closed 0
397.7314376789582 139.7531069975764 396.68499521190824 96.49307890146088 527.259307562199 93.33437257370896 528.3059913955367 136.5941405555162 Oyster-Closed 0
227.11129669041838 166.99879555293973 218.94836170220515 219.94619646342503 67.62133713775256 196.61544109322688 75.7847227610182 143.6685558190651 Oyster-Closed 0
621.3969491771422 171.66397261843375 619.1221593552473 217.6705945034581 498.882317812313 211.72482924722124 501.15748182892276 165.71860616791636 Oyster-Closed 0
201.34854707524937 314.6613924930542 161.66063324402785 270.4682372512699 267.18231813974853 175.708658519035 306.8697878889361 219.90122667401977 Oyster-Closed 0
560.3393123689602 301.9815608495805 458.84711023238197 277.49582622066447 476.0969331079832 206.00238811993648 577.5877629151364 230.48794868624515 Oyster-Closed 0
96.24839059171791 297.87874451558224 89.22822161533986 238.43992292172533 163.5610336791433 229.66105064672752 170.58157704908808 289.0994353423732 Oyster-Closed 0
243.71092176930688 314.7375953305728 233.20717550028348 253.82989760221994 389.2962664899096 226.91253654888317 399.800769320791 287.81924850898884 Oyster-Closed 0
453.2417471160443 238.042745325221 495.95278231136035 301.21531228212376 427.2689382270619 347.6489506937754 384.5585467687488 284.47695456161716 Oyster-Closed 0
