463.6558649917424 322.1456734729667 402.8925110799901 430.6450493432985 283.8828398811165 364.0000814266863 344.6461934328545 255.50269673621176 Oyster-Closed 0
524.9863248899783 328.88369333692873 553.2653993523127 374.6465693213172 481.508290139609 418.983443757352 453.2298278745293 373.2211025568471 Oyster-SemiOpen 0
358.0390821945912 407.6186077665213 313.4477998736111 446.63245953736543 219.8043560415681 339.6124006792294 264.394600006126 300.59932633493116 Oyster-Closed 0
158.85984226333676 352.7180688949383 245.7126539820456 345.9068400131083 251.59847934832214 420.95159248510254 164.7456755564781 427.7627476563194 Oyster-Closed 0
291.8846262838633 551.8746340236753 187.74696602464246 548.6209167596144 191.6374391602585 424.217196558449 295.77035157577484 427.47083908986633 Oyster-Closed 0
0.6864196276001167 556.7246919948162 7.438548934296705 479.979268492953 202.73397012373607 497.1560879957702 195.98501929242047 573.8985458821184 Oyster-Closed 0
0 88.18480103927526 2.720296558836708 0 150.57520863803802 47.07852958238106 118.9733990165405 139.0102944423584 Oyster-Closed 0
298.60414647468133 95.08944485378751 307.514046533106 49.05590910105853 403.05042924097506 67.54705142539764 394.1406832019129 113.58045420633601 Oyster-Closed 0
635.161707731022 67.08821876743328 641.4837207661913 133.1139937998307 514.7239881289715 145.25070083231213 508.4023271883052 79.225233347113 Oyster-Closed 0
294.4537768678856 153.97155405926443 301.214644490683 97.63509344955962 421.60201986014727 112.08220697389466 414.84152054283186 168.41834617975817 Oyster-Closed 0
457.5522844093939 213.07595637304172 494.6767376635398 129.71288010590794 642.7519172235043 195.65406823757823 605.6287069090467 279.01607601360524 Oyster-Closed 0
182.55969499165076 306.9816030042742 157.66984297762974 214.28315441660345 377.3043025203515 155.31084453063093 402.1953843591473 248.00770161600636 Oyster-Closed 0
10.937358429146116 286.3247731325251 0 206.62355820689558 79.69029715597571 182.95508813355767 100.70580618848908 262.6556364235713 Oyster-Closed 0
453.67188992946467 170.1144861060014 521.5690425368666 248.83230772091213 435.29177056610934 323.245490590686 367.3954866922577 244.5284950792242 Oyster-Closed 0
