472.73393755087454 320.81117707812234 505.71025370612915 259.9855653973358 627.1943750065839 325.84296321147804 594.2192544696445 386.66754682723246 Oyster-Closed 0
0 279.6063613251519 179.21303294948302 265.3549438854766 191.52426790591562 421.7484527842364 10.469763731089188 435.9995757294464 Oyster-Closed 0
85.04350734008767 449.2730697971752 90.58805612941796 329.25875591879054 337.9877430103079 340.68507803797337 332.4478020650713 460.6949308119868 Oyster-Closed 0
298.1852319999598 525.0000000000153 303.6212972375506 465.28503364982885 574.3580240904703 489.9205656664088 568.9252612129349 549.6325136833868 Oyster-Open 0
261.2489031907171 0 403.4875846012437 61.48510097190851 307.84102174657164 259.37397149047956 165.602659505239 190.6266183268636 Oyster-Closed 0
22.221549257446895 275.6667817559704 22.22287723692716 136.33285351557396 157.333310931499 136.33395385176698 157.33340118727938 275.6665439759499 Oyster-Closed 0
469.66554681064736 275.20500454710765 380.3947366990906 270.62715084514844 386.9709791754576 142.4059434197069 476.2400441405771 146.98375285102577 Oyster-Closed 0
253.34569348713558 223.6095778884479 205.79066550068092 346.691443162485 68.36975109057676 293.59751514355247 115.92545657214941 170.51747320999704 Oyster-Closed 0
188.03363416380307 337.87535127487786 224.49110450732405 201.1799326297543 352.4542771177221 235.30676065767548 315.99907668627566 372.0002188246996 Oyster-Closed 0
618.6502754485991 400.2152453257646 558.7727715024812 515.8379308730207 325.6723796552251 395.1314512344205 385.55039054081135 279.51336881481274 Oyster-Closed 0
