169.63511805355665 322.05325228276604 206.01707070411067 263.38721568425365 324.39096863432496 336.7914934525808 288.01015882971114 395.4565256097494 Oyster-Closed 0
585.8990144099516 345.5376358164107 581.0862649681076 404.9148334598798 367.9632243711967 387.63761368252284 372.7775613072299 328.2620768653619 Oyster-Closed 0
2.9879430314031197 358.20715380824373 45.991582627320895 357.2436094228302 47.96835485933116 445.458235464694 4.9647156478022225 446.42176712241275 Oyster-Closed 0
455.3009296313394 472.6078047384121 504.0666490224976 381.3056045583219 685.203874627914 478.0389123349753 636.4421003628377 569.3377239001505 Oyster-Closed 0
204.3906875020184 567.9464093131772 157.4685491616401 646.4688635324339 22.793704311407055 566.008419237905 69.71575518342433 487.48851521050346 Oyster-Open 0
640.0013324919564 640 503.0208339999808 640 503.0232279266784 574.9999999999999 639.9996691089473 574.9999999999999 Oyster-SemiOpen 0
593.9014874458371 107.16761102437552 570.349410431445 95.16073512115878 583.5023965422442 69.36071273734592 607.0544362787041 81.36757712931184 Oyster-Closed 0
0.5213865175755927 141.1255232761201 97.4247442685737 138.28593863425365 99.57001537310134 211.49376309966001 2.666657977824798 214.33333423507423 Oyster-Closed 0
264.513047126311 147.15150366037673 273.55613181644003 266.94949049256024 103.84254016651539 279.75785489289893 94.80114826386853 159.9613527246978 Oyster-SemiOpen 0
639.5555549999699 214.99999187244748 639.5556347678939 277.00000000023005 613.3333014763048 276.99992354702556 613.3333696218324 215.0000624037861 Oyster-Closed 0
370.03026442660484 324.75242098231456 318.72464540479996 357.8019605993427 234.92867022636347 227.72458022423766 286.2331040587742 194.67554479804267 Oyster-SemiOpen 0
316.2505210962263 421.10623157627106 256.4802864343801 514.0134047796836 1.532842293891008 350.01065027725656 61.30229374677583 257.10771271023975 Oyster-Closed 0
