171.26024904435326 296.3116469886746 200.68535342208634 385.33114514223 60.14909638397512 431.77820328923593 30.726118769671302 342.76053169532815 Oyster-Closed 0
282.4458606917324 513.0328636568876 288.4069455421559 426.63384480197584 522.5999751490599 442.78726840272583 516.6427408007439 529.1825708885766 Oyster-Closed 0
143.1899143460032 570.5629365263262 18.027550437109312 565.0621967774568 25.173812435241416 402.5637438828539 150.328812005464 408.0643214956743 Oyster-Closed 0
365.9553462048643 638.65191822668 365.9589755845809 572.690101977356 551.3009950314154 572.6978893637679 551.300120816959 638.6569450049064 Oyster-Closed 0
297.08832081916626 109.31657443867435 334.5920700819988 0 564.4459618826659 28.209817595831467 526.9430505553464 170.07846293587255 Oyster-Closed 0
631.3664036193222 174.0200281553257 585.5061009697965 174.7351886494727 584.4001102085895 103.80026349950506 630.2600479999819 103.085106 Oyster-Closed 0
633.4383783242083 182.09387261147953 619.7390404903126 340.88006116342603 451.85939029426663 326.39458563171723 465.5610277377127 167.61107295961023 Oyster-Closed 0
146.68223213666352 268.6592535669858 147.8621419241972 246.95249350275046 229.4911178485927 251.38916852999304 228.31138870351424 273.0957547020843 Oyster-Closed 0
302.99738248177164 201.17901053057903 340.27335779705027 257.41592513163704 214.12555531329417 341.0257615513163 176.8505437434942 284.7896994753412 Oyster-Closed 0
184.76539490286086 384.7083940495548 174.4196479303355 280.2520323974114 383.24478100148553 259.5691520650399 393.59288646090135 364.0229211743606 Oyster-Closed 0
373.0336434070341 391.78710512877296 388.5058026607294 274.27023555241544 523.4589178775059 292.03679235956037 507.9890266509028 409.5515699932045 Oyster-Closed 0
