0 426.832427 301.108806 426.832427 301.108806 640 0 640 Oyster-Closed 0
21.75288160717173 470.17865873243284 0 159.85775972359448 294.843495176101 74.70570728118602 370.6021855126892 385.01624701002385 Oyster-Closed 0
0 0 201.21864 0 201.21864 188.137789 0 188.137789 Oyster-Closed 0
181.54350500000874 98.6272990000048 190.26746634895972 0 289.03856562494184 2.9554133557765927 280.31481687852647 106.91559445482036 Oyster-Closed 0
521.8080039997585 0 521.8083408918756 109.4017262130525 257.9177736300335 109.40150610654311 257.91802100000496 1.61890233286493e-11 Oyster-Closed 0
567.4222472103429 291.09828098060126 394.0480642743205 366.4518179268444 266.05232688096294 71.96051953555015 439.41910311019456 0 Oyster-Closed 0
250.9471724370087 639.9999770539484 250.95672526971612 445.8934776926284 400.5518966713862 445.90158550385206 400.54821873636683 640.0021952783359 Oyster-Closed 0
386.19058711163234 639.9997463798768 386.19537699996727 537.8917379999983 532.4397612473695 537.8978303829853 532.438230963744 640.0025865305938 Oyster-SemiOpen 0
639.999999998181 0 640.0016691188648 343.9648370126969 514.336612231491 343.96353207047304 514.3376806925517 0.00009893111602721073 Oyster-Closed 0
640.0041773331031 551.981352 528.7755090038263 551.981352 528.7792992783216 324.8899249999999 639.9997060395253 324.88992499999995 Oyster-Closed 0
579.7362271622842 317.58164971474787 432.74208646260377 367.56443045420576 361.12810443446506 156.95762248670465 508.1158996637532 106.97611970097651 Oyster-Closed 0
569.9926499599678 526.8273104752586 433.71532227021817 622.4177262549957 200.1548587095749 289.47957643968994 336.4211166390305 193.89458471419587 Oyster-Closed 0
640.0010396571452 640 457.2637058786495 640 457.26831818392384 542.0357420000003 639.9978031520732 542.0357420000003 Oyster-Closed 0
0 47.241647 34.815206 47.241647 34.815206 346.145045 0 346.145045 Oyster-Closed 0
