240.840949816411 338.706409078502 178.39858689781977 421.4445767070065 65.07793432858307 335.9276750169647 127.51971231249627 253.19097098763916 Oyster-Closed 0
396.0149618381547 75.23535730876173 399.04424714433844 3.5464465982302973 473.82156265273807 6.706240868812432 470.79236395758926 78.39506217817652 Oyster-Closed 0
301.8895333218097 396.0793769706173 297.7528825705667 495.3523601374608 127.97187622105412 488.27534694833133 132.11118090293894 389.0052028902807 Oyster-SemiOpen 0
0 477.5926772119577 7.3013172953506 409.7193407133043 138.07188730803318 431.20566986642416 126.91989866798394 499.07745273120105 Oyster-Closed 0
208.07677451099153 486.93086344723037 217.2307778657705 541.3115222908548 64.71290685032727 566.9764976150439 55.56076000983012 512.5974806972737 Oyster-Closed 0
6.873101748642512 530.2524122867185 59.27133124285319 524.3731120145166 71.06464181488263 629.4541928003566 18.666434771221248 635.333359944223 Oyster-Closed 0
263.3439405721583 555.9169123966933 252.99125430065033 638.7349777394985 54.16611805725552 613.8817360345263 64.52187045164465 531.0673391181601 Oyster-Closed 0
529.685773418314 639.9997779725139 529.6883865651762 543.3314351004235 640.0002663168561 543.3342497043313 639.9999999994907 640.0002462083614 Oyster-Open 0
32.444445000001 638.6666660000035 31.067435529912473 613.3857970556726 159.51135986862937 606.3900037583087 160.88907744611788 631.6701238170033 Oyster-Closed 0
246.4399161926849 121.4536307898941 232.93723728806071 55.43905050049616 369.5467791678675 27.496742654758386 383.0496521668829 93.51108035478555 Oyster-Closed 0
206.1360674743628 0 259.47779039612215 74.17429911330305 41.94623297757062 193.66276189923852 0 96.55497765821457 Oyster-Closed 0
374.67089872625365 123.95015461961803 394.90645051446336 65.49305460428172 489.2091426875413 98.13665024929298 468.9738746378134 156.59350942399078 Oyster-Closed 0
378.2668586721411 87.5860317139392 395.6242889304849 150.26417444676116 296.200921695272 177.79665595126363 278.84386453210027 115.11883356496116 Oyster-Closed 0
497.90421729601803 213.65115521966231 531.9966201911302 144.33540581527393 668.9604695328308 211.69803511144767 634.869059985067 281.01293861161605 Oyster-Closed 0
260.3686777178518 350.2692275862082 137.16089541158 291.13247473095294 206.92056745407172 145.80360661656616 330.12528847430076 204.93949549061267 Oyster-Closed 0
487.92432529007783 329.75838407878746 385.64401226285554 327.6764558480235 388.2817588992475 198.1657784489045 490.5594820366241 200.24768037855566 Oyster-Closed 0
613.7747228426451 0.11856613180068218 613.999882891294 55.57331349479047 435.34658865552046 56.298484372554036 435.12153199997556 0.8438829999827012 Oyster-Closed 0
80.91996451388695 259.8941386741077 90.51921720310929 343.09664407346594 1.7777770000247983 353.33333400001345 0 270.1316850843379 Oyster-Closed 0
