480.89928557172243 427.6506795823374 422.3400977532583 379.48616994394746 533.6944933512132 244.11362874560322 592.2519938342884 292.2770218970104 Oyster-Closed 0
585.56603415258 315.6539900689428 611.3247570920066 351.54190038077564 507.78588513465365 425.8488245923027 482.0278591581882 389.96154314942044 Oyster-Closed 0
559.5200827417284 582.3336318121611 483.6454952101485 530.3923514239253 594.3668799041188 368.68463166677134 670.2376172109507 420.6240849819044 Oyster-Closed 0
229.8119072035479 534.1213814538148 227.4405957484123 436.0586818200892 350.99538545822725 433.07089098758604 353.3688146810164 531.1314519934227 Oyster-SemiOpen 0
634.6671954040357 567.0000086063769 586.3703095282108 566.2148592359026 587.259731787999 511.5481932894993 635.5555549999553 512.3333339999998 Oyster-Closed 0
324.65033489017515 107.73427960098888 309.268267796142 36.24332339984231 463.3011831040494 3.101318811927248 478.6834209853987 74.59206420120493 Oyster-Closed 0
639.1121467792982 638.9999453196563 572.1419475850416 642.5353996202946 567.8807762423094 561.8178146436843 634.8486022208817 558.2824224323103 Oyster-Closed 0
309.33333399996627 637.6666659999795 310.85068212036276 566.3074523825696 405.0713345825352 568.310338480506 403.55552601919044 639.6680303021107 Oyster-Closed 0
545.8965846791398 92.53520140665427 525.6507327929285 107.52646415808269 493.3437662330107 63.895750080311196 513.5895713556238 48.904512817894876 Oyster-SemiOpen 0
0 65.85397379393739 108.1178544209979 59.688438953679 115.44998233250226 191.16783886950765 4.888862245570635 197.33333549197403 Oyster-Closed 0
340.9373809599492 174.18846733041988 340.30071628490987 94.72988106547959 490.3073433265672 93.52767987031372 490.94459071384335 172.98568522135807 Oyster-Closed 0
254.9805771442334 112.50926121153627 271.15667712561844 205.96650540978567 141.06427301070653 228.48217753204602 124.88906022677838 135.02572557225892 Oyster-Closed 0
635.4234400225687 272.7229631110912 455.6866321444977 268.543188291641 458.77157155322493 135.95338787272004 638.504854705534 140.13312247064644 Oyster-Closed 0
234.33088121812034 182.3343000372589 308.72333682433236 256.72165447768714 166.2246336867247 399.2197003499199 91.8337459936447 324.833918517233 Oyster-Closed 0
644.4291973558575 283.04924556557796 637.3333339999954 353.3333339999737 578.5403386299731 347.39761075613626 585.6366323830298 277.1140062459688 Oyster-Closed 0
22.394852138022543 385.30603707520936 14.802706556365592 280.17256200174427 115.96304547907494 272.86788646120925 123.55638955225004 378.00006302578873 Oyster-Closed 0
520.7479589096329 426.33888383866855 489.9501106340176 491.23400751172665 370.7464564507245 434.6688755117872 401.5446024155244 369.7751419530791 Oyster-SemiOpen 0
431.82246572032454 236.75412977185857 370.7898286087584 304.2992919733727 260.20618489797926 204.38060276162025 321.2381941419153 136.8362586566015 Oyster-Closed 0
