480.89928557172243 427.65067958234545 422.3400967719499 379.48616913684043 533.6944915628555 244.11362891967536 592.2519930272392 292.2770228781969 Oyster-Closed 0
585.5660335949506 315.6539895379496 611.3247569579835 351.5418997438759 507.78588560962817 425.84882495959556 482.0278592095565 389.9615436226238 Oyster-Closed 0
559.5200827417284 582.333631812137 483.64549521022127 530.3923514239442 594.3668799041188 368.6846316667857 670.2376172109507 420.62408498188086 Oyster-Closed 0
229.81190860868082 531.9235795326722 227.44059040727734 433.8608880607307 350.99538598311483 430.8730861089464 353.36881229399296 528.9336488569325 Oyster-SemiOpen 0
634.6671954040357 567.0000086063769 586.3703095282108 566.2148592359026 587.259731787999 511.5481932894993 635.5555549999553 512.3333339999998 Oyster-Closed 0
324.65033517008123 107.73428004611661 309.26826778151735 36.243323794764365 463.3011829291354 3.1013186301175826 478.6834211049427 74.59206406959949 Oyster-Closed 0
639.1121467792982 638.9999453196559 572.1419475850416 642.5353996202945 567.8807762423094 561.8178146436837 634.8486022208817 558.2824224323099 Oyster-Closed 0
309.33333399996627 637.6666659999854 310.8506821204355 566.3074523825609 405.0713345825352 568.3103384805045 403.55552601919044 639.6680303021093 Oyster-Closed 0
545.8965846791398 92.53520140668157 525.650732793074 107.52646415802643 493.3437662330107 63.89575008025294 513.5895713556238 48.90451281792353 Oyster-SemiOpen 0
0 65.8539737939372 108.11785442281689 59.68843895357688 115.44998233432125 191.16783886940573 4.888862245570635 197.33333549197346 Oyster-Closed 0
340.9373809599492 174.18846733041988 340.30071628490987 94.72988107348291 490.30734332663997 93.52767987831692 490.94459071384335 172.98568522135807 Oyster-Closed 0
254.98057851946214 112.50926126583141 271.1566781078727 205.96650550433594 141.06427264800004 228.48217730267464 124.88906025704637 135.025725302645 Oyster-Closed 0
635.4234400225687 272.7229631110912 455.686633143996 268.54318831488507 458.7715725527232 135.95338789596386 638.504854705534 140.13312247064644 Oyster-Closed 0
234.33088121812034 182.33430003725186 308.72333682433236 256.7216544776841 166.2246326867171 399.219701349867 91.83374499370984 324.83391951719807 Oyster-Closed 0
644.4291973558575 283.0492455655773 637.3333339999954 353.33333399999054 578.5403396199399 347.39761085608393 585.6366333729238 277.1140063459113 Oyster-Closed 0
22.394852138022543 385.30603707520936 14.802706556365592 280.17256200174427 115.96304547907494 272.86788646120925 123.55638955225004 378.00006302578873 Oyster-Closed 0
374.5032121481927 451.13146916139385 388.45243917596235 371.7787615955432 521.9116323458002 395.23586305829645 507.96432587871095 474.5868630487991 Oyster-SemiOpen 0
419.13038770762796 228.74948184919316 369.2826576570951 293.7428642343564 255.7324404323299 206.6560086697839 305.57985517923953 141.6633651348366 Oyster-Closed 0
