608.7955786855309 409.40712117868907 527.6870345804491 390.4833628709659 555.296748077817 272.1624890576677 636.4028685496305 291.08595132202174 Oyster-Closed 0
396.6781671458011 435.84773083636753 338.62598721934773 400.41984937755853 419.340227888315 268.17605267721694 477.39059554136475 303.6032147126698 Oyster-Closed 0
473.3338359329355 325.33021953372497 504.7922343391838 359.72075272350514 426.5430893496523 431.2902606547352 395.0852266451693 396.90024269466903 Oyster-Closed 0
644.9303814426094 410.96391691175734 634.3564331271773 482.43008962029245 494.4203087844653 461.7261302361237 504.9956003949774 390.2615952363845 Oyster-Closed 0
161.77279800001998 471.66666599998644 187.12708170336555 410.40872673026297 293.6342623356177 454.48436734571953 268.28141042831703 515.7410933082369 Oyster-Open 0
489.57898092616233 546.7296890485919 508.7489753594855 479.1688720330888 636.5423829104111 515.4216357340329 617.374462764783 582.9806752556652 Oyster-Closed 0
476.24006358404586 620.3940065223381 487.0830629601551 552.1839216767908 580.581954469817 567.0428743248277 569.7405488363438 635.2515443939557 Oyster-Closed 0
246.22139200000674 638.6666660000342 230.38965200488747 586.3630877562629 308.2491327061143 562.8019793844253 324.0814103955199 615.1046045678304 Oyster-Closed 0
105.3007372104912 55.4096770484215 65.14884027128574 129.97754252903238 0 78.28740384451568 9.304773046460468 3.719717500916318 Oyster-Closed 0
234.56488667921803 131.69980488579452 216.40107672537852 59.606867323656225 360.3281188099936 23.344414883527776 378.49213781155413 95.43705632303471 Oyster-Closed 0
552.235411172951 115.84770916659592 550.282738049209 51.272271120331254 625.4771497202455 48.99848397969635 627.4299656436779 113.57377793799944 Oyster-Closed 0
231.04545583446452 95.71848803324856 224.93978404643713 149.74545521927635 139.06881804694422 140.0408874760458 145.17466765202698 86.01412421043953 Oyster-Closed 0
1.7777698919235263 99.66666584389108 33.74185417429544 100.28208838246913 31.964084159044432 192.6154194798351 0 191.99999999999972 Oyster-Closed 0
249.07343864193535 115.45323243506905 362.5830823816068 131.9634282273036 351.83067492027476 205.88627084757212 238.3210450063052 189.37614782480586 Oyster-Closed 0
148.4444451067975 1.666658951039355 147.90943378669908 36.97842131140604 51.350771874858765 35.51540966959468 51.88580546229787 0.20365998626863063 Oyster-Closed 0
165.4968012273457 145.9947771128318 179.49730484215252 229.27418966315585 54.340151434371364 250.31339521285827 40.34053980190947 167.0347933390461 Oyster-Closed 0
529.2895098463487 34.98271901900115 535.1688147724053 0 586.2213920000067 2.6666659999733042 580.3421026435535 42.5150854048797 Oyster-Closed 0
336.78280715612345 270.9076764128544 349.5861446332856 150.2109401926798 613.4998679483397 178.20494685384813 600.6994908813067 298.89879038443456 Oyster-Closed 0
280.88889097409265 7.333312679557156 276.713459634484 52.42819978328698 204.7134297557932 45.761526825537345 208.88888900000893 0.6666659999772689 Oyster-Closed 0
82.86396314681042 412.5287146488754 15.003405405805097 342.07633576601813 153.3150592099264 208.8636998002774 221.17416509885516 279.3145051093865 Oyster-Closed 0
322.5086758436373 253.84986183045646 259.91980526436237 316.41362605410177 164.85366588567558 221.3125204256559 227.44179033645196 158.7494976116692 Oyster-Closed 0
304.43439617018157 456.2054402284293 322.5268888487335 388.39749882089876 433.73601799416065 418.0661515554879 415.64501200191444 485.8728070350853 Oyster-SemiOpen 0
