575.3344238729915 396.60611594624646 563.7811291026446 327.8809103033095 636.4444450000155 315.6666659999864 647.9982687572192 384.39120453187775 Oyster-Closed 0
566.9923568663944 480.7994710931148 410.8875213556894 457.11181011074507 433.4064117346861 308.7519536117568 589.5044037944899 332.439081995606 Oyster-Closed 0
259.0316777084081 495.6410791553649 192.3151237671118 434.0627303169783 310.2467825817439 306.3073894387518 376.96151932024804 367.8842197213155 Oyster-Closed 0
341.63770642226154 370.16063105309826 378.1070865959191 412.07332965436615 289.7263969308551 488.9643471031647 253.2578438551718 447.0524329964618 Oyster-Closed 0
24.864881053799763 530.7574239756535 65.73928040656028 447.21275671863816 177.66265252423182 501.9612695055238 136.790594644699 585.5039400835585 Oyster-Open 0
654.8995526476938 471.2368226471187 637.4110729166568 602.4177256500911 318.98142497535446 559.9596149080127 336.4767163278884 428.7864353259612 Oyster-Closed 0
604.7949638211139 574.0934415611013 600.582467512213 647.1418744000139 390.77042562326824 635.0388977222498 394.98615618023905 561.99387511709 Oyster-Closed 0
210.5867618587945 615.774943272547 221.75187051238026 560.2835488937606 328.9411317928898 581.8443473173025 317.7775651327829 637.3343920743548 Oyster-Closed 0
638.222387157075 149.0000010314243 585.0719235512224 148.66807053768568 585.9609969917801 6.334736416114742 639.1111110000202 6.666666000000121 Oyster-Closed 0
101.97512700055086 145.30180697516636 79.46878831440699 59.18900024319453 230.37730664756964 19.747771356878523 252.8839134316513 105.86014713663809 Oyster-Closed 0
447.5859516100172 127.35550329772323 444.9355947555159 57.995917476821226 541.085277969396 54.32181557587317 543.735851148158 123.6811851436802 Oyster-Closed 0
79.79433619286283 216.40849880772612 80.15974948175426 135.72311936833205 227.3970856799133 136.38959712927362 227.03245193995826 217.07420253458645 Oyster-Closed 0
494.7561146674707 225.58891334876492 444.6430316133774 246.05847570862937 410.6084834731155 162.73777567283065 460.72096798387065 142.26835382307127 Oyster-Closed 0
352.11378454303485 1.447493932139985 352.91733182828466 36.088666987255756 252.3105075895728 38.42232394232996 251.50698673911393 3.7811774458215957 Oyster-Closed 0
617.566045780477 211.5490337247972 632.444445000001 262.66666599998837 572.3572071144736 280.1545910356197 557.4791425913281 229.0372392126896 Oyster-Closed 0
506.00371886670473 2.4110376127340363 505.7777779999742 46.99999999997669 424.66291667631594 46.588930886209454 424.8888889999944 1.9999999999831897 Oyster-Closed 0
204.93676702913945 326.1319344743599 202.9400085031375 181.6274013971963 497.382216841288 177.55811236128025 499.38295364212536 322.0582126959658 Oyster-Closed 0
0 259.66666599999905 52.280501439090585 257.78282724178666 55.836016871908214 356.4495178027895 3.5555162909440696 358.3333353948002 Oyster-Closed 0
309.38171878486173 478.7793126716425 295.7460322498082 536.3955583447888 172.20250090002082 507.16065629802415 185.83909894208773 449.54575358423085 Oyster-SemiOpen 0
185.2922371700697 293.26058866610526 125.71014752677002 346.5120642174608 30.890802112335223 240.42531388363312 90.47189518460073 187.17461071046912 Oyster-Closed 0
