308.7841161612596 397.09364734519903 314.9661425642262 333.64251058804206 399.34786313307995 341.8629206332676 393.166641549833 405.3133103604514 Oyster-Closed 0
579.7245357569773 429.5499399447541 547.4500001064007 356.284127370981 635.0197711124929 317.71244466526554 667.2945871211414 390.97728349535134 Oyster-Closed 0
369.4017247531883 489.547002497958 408.8142532238271 312.5804943779784 599.5185919512005 355.0476009597576 560.1122947816475 532.0087070353775 Oyster-Closed 0
203.91327127021214 535.4096430218258 124.17005996059743 467.69065053740985 246.78259354630427 323.3305832604334 326.52291570942907 391.0475357473527 Oyster-Closed 0
293.6760589779442 398.310353915725 336.1626829357556 447.6253299933015 238.7508083616558 531.5343111653377 196.26533712435048 482.22042919497585 Oyster-Closed 0
236.91831493189966 642.4240731748017 235.46630628457933 499.18070797645726 636.758245976016 495.1037224844564 638.2222384959459 638.3348494443898 Oyster-Closed 0
0 520.282283 91.994191 520.282283 91.994191 640 0 640 Oyster-Open 0
392.859535514217 573.9538579843738 403.7260671013064 619.8193912433316 254.4014832013636 655.1850036939659 243.53681835709722 609.3211003349059 Oyster-Closed 0
636.444640072441 135.6666672876054 572.4361480658263 135.24416950794492 573.325200716281 0.5775032325261431 637.3333339999954 0.9999999999998106 Oyster-Closed 0
411.7330530592153 108.34269059556057 415.1225055917166 31.14820274308668 528.3345087657653 36.119041222244576 524.9453002779046 113.31329645019358 Oyster-Closed 0
173.56147922298987 176.44839470886933 135.11682583994116 258.19848747475896 0 184.49757195554906 16.839810836318065 102.74849606747321 Oyster-Closed 0
461.028382405857 252.29244075199645 359.7403045761166 225.1074441794496 395.1590276924253 93.14860840227294 496.4452739999979 120.33333400000684 Oyster-Closed 0
633.4197081745515 281.9982580494384 543.1273793007131 272.53948176843323 549.5848050953646 210.90484749457286 639.8761285458022 220.36357113926587 Oyster-Closed 0
122.95844943306292 340.22163839544595 135.9527526623424 167.0283959856101 480.0501565245213 192.84313746710006 467.06229851908574 366.0298165167545 Oyster-Closed 0
257.8673203426297 520.4307384824021 234.94603479208308 586.3843490982274 100.6785319926712 539.728934048503 123.60070277332852 473.7771811694619 Oyster-SemiOpen 0
107.06346592385671 310.59490571810903 48.71557752521767 361.72801068449655 0 241.94962061739875 2.089483778763679 190.81741963176708 Oyster-Closed 0
