366.8044571790233 393.8484697066693 408.3929049440485 261.127577686105 594.2227415049274 319.3520773400206 552.6382599648059 452.0696354373506 Oyster-Closed 0
616.2432646630623 469.6983689725239 610.7193779847148 587.1421134964022 223.09129588626092 568.893536281126 228.62356211509905 451.45831967283385 Oyster-Closed 0
1.7776936136215227 402.33333337640266 210.03592939501686 403.8907730000743 208.25823006467544 641.5573665226643 0 640.0000000000001 Oyster-SemiOpen 0
421.3333340000099 639.6666660000092 419.05300888814963 532.8945233500455 637.0886888577661 528.2361207241408 639.3739703839674 635.0032349071075 Oyster-Closed 0
178.1883979741542 637.6325426598974 179.16496416088194 547.8556925606906 367.19497761099774 549.8994680256407 366.222159584795 639.6725186869317 Oyster-Closed 0
116.158925523996 114.93457606612645 121.25750902021537 0 418.8367792594363 4.780125063426313 413.7390520387271 127.31519920476947 Oyster-Closed 0
637.790278228058 0.5173987344582514 638.2222229999752 165.66666600003643 453.7643285949889 166.14815118158813 453.3333339999808 1.0000000000346694 Oyster-Closed 0
484.3904214895156 41.7762276153866 539.4067113431083 112.72565205410532 459.58433553241775 174.62146961328 404.5683586910309 103.67232740772525 Oyster-Closed 0
640.1936579366156 324.9333671559444 472.29139028400823 327.0452539845054 469.98049862420885 143.09107087223512 637.8773168510088 140.97921862432938 Oyster-Closed 0
458.61242454680905 96.7028713548315 507.69643393548904 309.37937448890193 197.93395506691013 380.8591323994948 148.85679109756893 168.18845700296674 Oyster-Closed 0
206.14098288198875 413.68111626528474 0 403.4830910675874 14.256779905117583 113.87289210159784 220.45743294627755 124.0705917697311 Oyster-Closed 0
