535.4246644637169 82.7869446179472 405.6767019534891 45.333983651072344 426.2831758077664 0 556.0308940327377 11.400660253787724 Oyster-Closed 0
272.7270167768438 556.4016386335486 50.51498798718967 515.201463464099 97.1242481416266 263.9000762265812 319.3196975135652 305.09869036951966 Oyster-Closed 0
139.65585333760828 510.41922186603836 146.77184025553288 328.78055817153984 593.759923775724 346.281630990253 586.6574339793442 527.9070460022506 Oyster-SemiOpen 0
322.66470265916723 577.8689590139479 347.0566284259985 498.31267318394515 462.32999664534873 533.6474386331582 437.94039814667485 613.2017389267822 Oyster-Closed 0
447.99998412177956 639.9991378002893 448.00622919545276 503.995379357111 638.654821497621 504.00236071024335 638.654087997129 640.0007061466432 Oyster-Closed 0
638.2224473490351 126.99999678353029 548.500861080829 128.28632609579938 546.6666660000192 0.3333339999999676 636.3877642333682 0 Oyster-Closed 0
317.9259009015368 0 374.11826727919106 70.26246161096041 222.23820270606666 166.26487290338065 166.04635415009398 77.36741540188709 Oyster-Closed 0
366.22276255300676 232.33339661191408 282.0105736343248 222.56106646394923 306.38966690486996 12.485569090250761 390.60034899710445 22.25781493278661 Oyster-Closed 0
477.1779869601596 193.30815745427452 476.421360555687 69.50536998422419 635.6868539931747 68.53209913789877 636.444447918766 192.33381085173596 Oyster-Closed 0
607.1443322937557 357.09612445294044 512.5889685525908 339.7581551346445 540.4320742324489 187.92897471618633 634.9844940190087 205.26666395882393 Oyster-Closed 0
557.1454053439084 363.6292812596216 484.29797524826427 403.8179368924077 417.62982681808353 282.98079726920247 490.4752469489904 242.79283753330998 Oyster-Closed 0
