538.6153149518213 466.5760075658932 433.00754676776705 519.5806328548601 359.12262568883307 372.38628038076735 464.72602652524074 319.3829550030313 Oyster-Closed 0
145.05837045588123 411.616560849701 301.54490765075025 299.21016157714183 418.1841657249606 461.57101999733777 261.70071443331835 573.9737325324975 Oyster-Closed 0
186.9276750455174 630.3945390381848 170.55787236218748 512.7744842508339 390.2691140173556 482.2014697345282 406.6433894907095 599.8159869106895 Oyster-Closed 0
106.32393378655252 640.0179629254321 105.79657804279123 558.7964529637658 195.42033043871925 558.2144656175085 195.949296241306 639.4343677541582 Oyster-Closed 0
471.45956996166205 125.6061862902174 450.59093448740896 5.955204541205495 627.0453358441591 0 647.9142927686189 94.82985144405554 Oyster-Closed 0
84.17650633957237 208.54400809291263 100.59980181824358 83.80637875239412 227.4213825683546 100.50389786563835 210.9991174069728 225.24057100654454 Oyster-Closed 0
639.9999999991269 180.71499890297534 640.0006217548071 291.5906290016718 553.6452406896569 291.59033253552406 553.6454500511172 180.7155174757773 Oyster-SemiOpen 0
202.52324446228158 196.5625702520811 302.4450837176846 167.60105291972963 336.34777656567167 284.56668541104136 236.4260722904146 313.5278888371024 Oyster-Closed 0
199.25119593797717 182.23982088243002 245.20428453892237 302.58315934492555 74.55077724458533 367.7405721054126 28.600344686346943 247.39948796820553 Oyster-Closed 0
653.2343541743467 307.43995907310943 612.1637773059047 385.8210363073489 481.69694662385155 317.46166587519883 522.7677213565767 239.08187150042963 Oyster-Closed 0
