16.352552322277916 418.94921281907546 3.307113052942441 277.8055752823019 266.22996493199025 253.50413845948418 279.27952837897465 394.6432000351607 Oyster-Closed 0
376.5385124462773 427.68165966445224 359.47750137878757 363.57629085419603 494.76975068791944 327.57261969978356 511.831567047775 391.6767428097683 Oyster-Closed 0
201.81952757106046 98.35256962826777 172.22221901429293 23.810098697414105 398.3614400024089 0 427.9587320752762 8.5629292503598 Oyster-Closed 0
445.5397141137655 374.66296380425183 481.2542347989802 557.1377927932599 143.08857907977654 623.2951063376639 107.38760268133774 440.8323292441696 Oyster-Closed 0
530.7777779999742 640.0000000000115 530.7830294108135 510.33014667296743 640.0022334802634 510.33431110380593 639.9999999798456 640.0012170331311 Oyster-Closed 0
591.4768318989081 223.84216291446558 419.5273448091757 256.1327660059685 374.08864718687255 14.162601869593184 546.0342865969142 0 Oyster-Closed 0
3.492829247843474 6.448362547194751 109.43752691207919 7.869674428075951 105.9446978453343 268.22229967342435 0 266.80100800000025 Oyster-Closed 0
444.6715315853362 196.4375533805584 386.14010042947484 288.55307543199433 191.61834722035564 164.95261253307237 250.14964785703341 72.83844336609553 Oyster-Closed 0
53.01375836963416 260.35522653242003 103.6034389782435 80.93934751977342 328.661604008812 144.39764380239976 278.0757289970643 323.81016276569875 Oyster-Closed 0
482.91545129388396 254.86212966510652 491.5598485990631 330.9212166832669 384.7545144268224 343.05817147316725 376.11111099999107 266.9999999999971 Oyster-Closed 0
