562.9275396426965 405.2637365577795 556.5791863944469 499.3606683625762 239.21992646210128 477.942021850783 245.5728106607421 383.8499665492334 Oyster-Closed 0
54.90252379015146 534.2904391068988 23.54477052409493 546.4071223286252 0 478.3140369460614 28.585728162288433 466.1975214005659 Oyster-SemiOpen 0
634.9882677446294 466.46874807585016 660.2530076425319 515.0280917581761 519.4969878329721 588.243692722421 494.2339995436487 539.6858459355983 Oyster-Closed 0
135.65025649222662 551.024008941413 182.44756740372395 441.391417741524 344.38273821986513 510.5004399260485 297.5899306550855 620.1292023046618 Oyster-Closed 0
5.792387053224957 637.7802126991585 6.6704824146290775 533.3497424902325 272.764546144972 535.5832084116416 271.8925544841477 640.0074881565413 Oyster-Closed 0
107.79435619158903 167.8674145915735 94.98144567034615 11.810880658194577 398.15097686398076 0 410.9651189835131 142.97391890679546 Oyster-Closed 0
638.4247827526269 10.359065985371167 677.2161671541107 168.80307259426428 439.85463506709493 226.9128048502388 401.06518676155247 68.4704245263973 Oyster-Closed 0
0 12.2077 78.596491 12.2077 78.596491 213.86082600000003 0 213.86082600000003 Oyster-Closed 0
147.78840072896855 260.9343363431 140.060278030287 140.6956389193487 370.2345769578824 125.90142034442917 377.9645529299887 246.13796864412538 Oyster-Closed 0
353.39118479649187 116.26836040377106 480.4532998556533 149.3240153860379 439.1185205709189 308.2051338213909 312.0565966144932 275.14991016733075 Oyster-Closed 0
659.8311308555276 440.37017234007055 517.0695629088004 466.8925404889405 461.2878316604474 166.63884137768886 604.0410208769026 140.1171995790495 Oyster-Closed 0
510.0191539997468 339.508775576711 475.5998277750041 426.42514122504485 192.26351073266414 314.22505801765476 226.68416836451797 227.31176355661333 Oyster-Closed 0
