447.18241742601094 423.63418024418 313.20158030583116 519.0025152658613 178.8896647436195 330.3258324361644 312.8643698107044 234.96060419722164 Oyster-Closed 0
172.88224270392675 303.33496732197796 189.94473394828674 412.47506606362776 67.16042599997309 431.6666659999681 50.10001109287259 322.5284257240788 Oyster-Open 0
425.02778230656986 461.9914760550238 466.55342108395416 351.28008981235723 663.3753225475812 425.0935730626039 621.8542045364302 535.8011323557058 Oyster-Closed 0
600.6196884345263 639.4933042255622 488.57320042290667 639.8514877185561 488.09696406933654 489.68820109312736 600.13663206395 489.3300282400176 Oyster-Closed 0
266.8901101530355 620.3901609593911 256.3060961960582 564.6568172566898 427.76663738935895 532.1019663261562 438.35222257672285 587.8331918793684 Oyster-Closed 0
274.6805184868572 554.2472274346527 261.20169366862683 650.9608189373661 53.47943985565507 622.0124460025207 66.96193105599377 525.3033959781202 Oyster-Closed 0
577.6839486833342 15.67078391696369 570.3394299410866 125.3535804714704 351.78196975895844 110.71784814344525 359.12700497574406 1.0355765799548238 Oyster-Closed 0
231.55712392785063 135.67290934641335 245.24645925033838 48.62665588534688 383.22401401776006 70.32550778535271 369.53520458024286 157.37128076342685 Oyster-Closed 0
336.16622921261296 213.66678406253004 336.16697901925363 115.33296143298288 529.0553704754711 115.33375503946405 529.0557711636211 213.66646928698094 Oyster-Closed 0
244.90051764048985 238.39592571669078 207.8200736445433 230.66054097189794 228.6271090873197 130.9238074891921 265.70702901146433 138.65913438090317 Oyster-Closed 0
