355.00509033525304 288.0257068645417 153.99235310265794 465.6959860207639 0 172.8350024712263 96.14035796759708 0 Oyster-Closed 0
0 594.609495045851 2.5967587422201177 379.699754881183 406.1858650060458 399.5434899299959 395.6312378158327 614.4368810643135 Oyster-Closed 0
178.86924300000828 402.361275000004 249.67927162026172 304.12437241054516 484.3310871358699 473.23982562512356 413.525972617208 571.4722388335093 Oyster-Closed 0
640.0152052173507 640.0000000000001 246.82926399997086 640 246.84203598255408 471.24262100000004 640 471.24262100000004 Oyster-Closed 0
263.79157477029366 289.69948052577956 419.10623350435344 166.5930997772351 630.6915108110843 433.51608339624994 475.3818215773208 556.616785190627 Oyster-Closed 0
573.8267439106858 347.04708185847903 640 344.4605029999998 645.3202718529792 480.55445629629895 579.1470195139846 483.14098033169904 Oyster-Closed 0
169.31544115257566 70.13273259538657 327.2242168697994 0 511.9636816093407 241.5838201011676 354.0563339487562 346.96012089945833 Oyster-Closed 0
228.77110819143127 86.55619683108102 189.5119592671108 16.7532923913761 309.8220560847403 0 349.08113000550657 18.890292466041533 Oyster-Closed 0
412.3347122114501 179.07899356240534 341.4473680000083 19.519874000003334 539.7741365899128 0 610.6617892870418 90.9677272618653 Oyster-Closed 0
422.1311392665666 296.1608636800123 438.96235946427623 158.4291702132807 647.7963916160661 183.94767668828285 630.9680154565285 321.67680984954427 Oyster-Closed 0
477.0853033543244 160.14993088228735 531.5131024958828 37.78535816517424 693.8387511366454 109.9875569936587 639.4123847327137 232.3508635003443 Oyster-Closed 0
0 0 50.14769100000001 0 50.14769100000001 55.411256 0 55.411256 Oyster-Closed 0
25.2834106143564 48.94134089702636 53.182393128590775 0 237.03947207439342 58.24293146961975 209.14079742113245 125.36268008247133 Oyster-Closed 0
