83.93843028563424 349.46725204371404 0 183.45699929812568 160.16894687811146 0 305.2219391019753 156.11739586360034 Oyster-Closed 0
0.7114857225678861 486.8180518643274 0 295.04128365985457 262.08301251215744 281.32911975665235 271.7916629750107 473.0980793575415 Oyster-Closed 0
0 496.490047 109.979005 496.490047 109.979005 640 0 640 Oyster-Closed 0
113.03536513813015 581.6316603348773 160.21851018551388 387.95586369723316 480.4386251526739 465.9504441670285 433.26997229421977 659.6136685707269 Oyster-Closed 0
360.8750961874466 431.6772933072165 426.06030215974897 285.36158461837226 646.5050509288994 383.5619101303645 581.32624808939 529.8721568464252 Oyster-Closed 0
332.2162424907583 111.40052500110016 452.9091149190208 238.3488512595629 266.87376353758737 415.204742605169 146.18391320000228 288.2594574965112 Oyster-Closed 0
330.6136469199555 363.17181559032696 303.0133252264932 210.52101350841141 581.4306790484989 160.18126760467425 609.0343389537884 312.82804391394535 Oyster-Closed 0
124.11346799999592 7.1540320000270246 192.84461870614905 0 411.5386572579155 65.92511504039284 342.80781482651946 162.61306728960196 Oyster-Closed 0
431.53797 566.599599 566.736615 566.599599 566.736615 640 431.53797 640 Oyster-Closed 0
569.3484563418315 639.9999794159921 569.3506972417526 533.6894276247966 640.0006037316052 533.6911175187369 639.9999999997817 640.0000407824417 Oyster-Closed 0
76.8095120000362 640.0000000000024 76.81146693321352 613.8090567438711 287.92662742700486 613.8202430758862 287.92596075138135 640.0098988931528 Oyster-Closed 0
