410.952404771233 188.85241897194715 261.6675041860435 210.83993995361337 235.6579445841635 34.24273075181892 384.9409097800526 12.25534298713855 Oyster-Closed 0
374.4074582732719 37.41012311372286 522.6631622121204 0 571.5490003149898 96.84375532623825 423.29343275639985 157.29710559391742 Oyster-Closed 0
183.55525064827816 121.79414775284951 273.56055866679526 172.2859096552042 175.84491103451 346.4638868298659 85.84024247342313 295.97301002787833 Oyster-Closed 0
474.6946307532926 673.6786538023327 342.57817801699275 588.4497553644625 444.568889815273 430.3946921378189 576.6774688428268 515.620174270344 Oyster-Open 0
296.02736146021925 351.1289973417264 221.154884806092 224.31518577837537 357.20935680503317 143.99153388507526 432.08167926924943 270.80332088206524 Oyster-SemiOpen 0
434.48489990965754 317.48026098225114 379.8310777251754 214.78192208671845 553.289573306829 122.47408245646477 607.9436049024662 225.17082774385392 Oyster-Closed 0
472.47744096246606 322.2415481878104 483.81024783753674 252.66965629221588 648.9466138913122 279.56681768202697 637.615288234374 349.137380125274 Oyster-Closed 0
0 176.262295 128.391022 176.262295 128.391022 360.25536 0 360.25536 Oyster-Closed 0
560.227912516275 640.0007416288973 560.2311789170926 398.6876346815327 639.9999755460885 398.6901648876217 640.0004646037269 639.9994661661865 Oyster-Closed 0
323.5199315447244 376.8731570160051 502.04795095800364 335.6431656830569 526.5037432527606 441.5267859537277 347.9759711927909 482.7560965271362 Oyster-Closed 0
215.4684689160058 639.9999280469451 215.47326164836704 541.3723595555341 366.52507903432706 541.3785254942054 366.52356086655345 640.0028518088166 Oyster-SemiOpen 0
