0 0 241.044776 0 241.044776 114.508788 0 114.508788 Oyster-Closed 0
512.4214589229814 0 512.4217957068322 141.57452250721084 319.80140048042813 141.57416813712618 319.80174455587985 0.000021160453992138913 Oyster-SemiOpen 0
99.03512627119198 229.18677278487237 155.02476831548847 10.609495803063488 397.080693261305 72.61275233453307 341.094713100174 291.18682026116454 Oyster-SemiOpen 0
122.24301899994316 258.165253000011 297.0429473042168 190.92830465823286 390.57572037279897 434.07440231502915 215.7770720575354 501.3090214148448 Oyster-SemiOpen 0
458.04116345607326 402.42624452728194 350.9390446425823 393.01683486197027 367.49279973497323 204.636703017723 474.59031143233005 214.04590731782224 Oyster-Closed 0
589.49463337005 295.8066938256098 476.118732598552 327.8240003696816 439.94176881955354 199.72044635537102 553.3150315957027 167.70353696867016 Oyster-Closed 0
457.59384181503265 579.4983484401437 495.5694276622671 451.91676264960176 651.2136822113098 498.2361660767554 613.2429699935165 625.8135816541167 Oyster-Closed 0
0 118.672737 112.36507700000001 118.672737 112.36507700000001 272.739103 0 272.739103 Oyster-Closed 0
0 260.247233 56.390113 260.247233 56.390113 389.32986 0 389.32986 Oyster-Closed 0
109.31790847120283 413.4936774772957 203.7763963980251 511.7561922384667 98.18667502542667 613.2358657920912 3.7310188427363755 514.9761122359376 Oyster-Closed 0
315.7876658328314 589.4348143539132 294.4235688439949 672.0165016730125 134.08586515346542 630.5435368939944 155.4519807179895 547.9648749863914 Oyster-Closed 0
323.093062215994 639.9996760877686 323.09745709797426 539.2286758228773 461.38641364457726 539.2341877754661 461.3850908096356 640.0021107594594 Oyster-Closed 0
489.11556449878844 488.05277460219145 414.5854720166244 465.95543776450245 453.5036886501621 334.71431940285095 528.030852926895 356.8111932446436 Oyster-Closed 0
458.2162491750205 472.43280288608946 396.93667419443955 549.9651889784737 299.6738573195762 473.1027485991308 360.9525743503764 395.57208102651487 Oyster-Closed 0
327.8512840948679 613.1813815942348 257.378341875592 595.5875013186703 286.2284406796243 480.06083407227163 356.69816418878327 497.654296553735 Oyster-Closed 0
189.74225199999637 458.0351280000009 264.989566905424 448.1199342047971 278.76162154541817 552.6186231641667 203.51434593489103 562.5336199924511 Oyster-Closed 0
45.69545142854622 591.2177161945018 0 586.6373952551997 1.4054957982443739 414.11750292676254 59.335898909994285 418.69767562773313 Oyster-Closed 0
640.0007269070193 320.240761 578.2738571087975 320.240761 578.2753230906383 110.344827 639.9999643892806 110.344827 Oyster-Closed 0
