0 502.8388696242586 68.29640984244179 278.29928126945015 369.89126960725116 419.434687488747 264.81720952739124 643.9613387920515 Oyster-Closed 0
499.03488581388956 358.56801516593066 430.59290703160514 526.3638985239996 126.87466567113006 402.48449715127026 195.31933027741616 234.69636218008375 Oyster-Closed 0
0 281.402258 105.259438 281.402258 105.259438 640 0 640 Oyster-Closed 0
158.1211817131407 297.5980222468114 92.60834702348802 363.63678168506624 0 237.55321588470392 31.019174837056198 171.51558946787205 Oyster-Closed 0
0 141.461676 16.97455 141.461676 16.97455 279.781451 0 279.781451 Oyster-Closed 0
335.50656516126764 176.99549036132993 203.6189593108429 343.75368059383675 0 148.85973647048772 89.08069272678404 0 Oyster-Closed 0
389.2497399998683 0 389.249874092784 77.57578931065669 153.30702017796284 77.57565325411615 153.30716199998278 2.3464542162497095e-11 Oyster-Closed 0
113.20124240221048 25.846275607037143 157.90971711925522 0 342.7376292347617 118.71517618834133 298.0296167598135 174.3563936280937 Oyster-Closed 0
102.21354028391943 639.9999450517113 102.21635357193009 563.5650356003588 211.6544071208773 563.5689028259188 211.65347197762458 640.0019146702002 Oyster-Closed 0
265.81942299999355 639.9999999999815 265.8323117128748 497.39003067629204 528.4228620948852 497.4100686971848 528.4178735805472 640.0121962429369 Oyster-Closed 0
657.878877334806 616.6850347085784 608.0179478928767 681.7056318372232 447.05896563515125 558.3025261601014 496.91868512527435 493.2847463804219 Oyster-Closed 0
491.1388171067665 454.7320710066543 493.94807966207736 542.0881017013897 278.6815856605972 549.0042477272618 275.87593399999605 461.6518119999894 Oyster-Closed 0
640.0115292845294 601.7083220000001 444.0688482652331 601.7083220000001 444.079491939774 243.3749259999999 639.9999426744762 243.37492600000002 Oyster-Closed 0
600.4497429990442 0 600.4506365837733 200.0241949736942 378.6692889596452 200.02342866742498 378.6700308582658 0.00008974766405298611 Oyster-Closed 0
613.3055017320294 72.59747658958199 692.8294076510065 215.91330548436156 380.5799974236288 389.163040806465 301.0609005687729 245.85132320752595 Oyster-Closed 0
317.472167479209 286.97159527816103 251.82392139686272 240.60051191357422 341.8932135945215 113.09297215981651 407.54047642352816 159.46356940864118 Oyster-Closed 0
377.09626562776975 29.73467832437756 422.23068194434745 109.9894734776879 326.35766867388156 163.9066554208515 281.22362767826417 83.65218601917587 Oyster-Closed 0
601.7818359957892 0 648.8022615040245 5.331035800189339 633.0469203512621 99.79730268929588 586.0264961083158 91.95513262538805 Oyster-Closed 0
