640.0070557767322 640 323.16332199996396 640.0000000000001 323.17117501428584 514.0047359999999 639.9981433674839 514.0047359999999 Oyster-Open 0
172.60977746307617 473.6413647569176 180.1954346344428 511.45796343765875 83.13992191026045 530.9213771378363 75.55506051496195 493.10547214283355 Oyster-SemiOpen 0
316.33461616125714 382.0913925306962 272.12055520045396 459.7539458797006 109.84072414241382 367.3738955970203 154.05482592941553 289.7133723647717 Oyster-SemiOpen 0
332.40473104633566 390.55795393627136 341.72136364162725 409.5609101203243 310.4205586152966 424.90481326187677 301.1040437934571 405.90195752989473 Oyster-SemiOpen 0
539.7465899936651 137.8427979017818 426.5428431590408 395.18680710250385 192.37252253107727 292.1767535106964 305.57765273100813 34.83848309249189 Oyster-Closed 0
442.32258514428395 496.5102554169027 469.71869177825283 371.9915128204238 656.3674005722714 413.05117747145516 628.9759605457948 537.565808489033 Oyster-Closed 0
507.52232683094917 102.18313858929443 595.8065286775673 107.1857047368608 587.8001407052216 248.47803022530252 499.5159432517539 243.4755093931365 Oyster-Closed 0
239.2438659457548 696.8027494947085 149.38295350468252 570.137225481633 410.378140979592 385.0177732687529 500.23675387688854 511.67542941508464 Oyster-Closed 0
98.63838259581826 548.9771756792497 126.69432471258915 482.5438772276259 251.32042278099107 535.164102893697 223.26661141443765 601.5955961611463 Oyster-Closed 0
0 395.119287 120.922779 395.119287 120.922779 640 0 640 Oyster-Closed 0
125.06094488751842 355.6376528888933 101.76313101183041 357.77306699952936 97.40323925740086 310.2082475356144 120.70078078642837 308.072845940478 Oyster-SemiOpen 0
96.39852939530101 305.00796368936415 80.83360790806182 310.21355563300017 68.75021410669433 274.0858676493595 84.31501887047489 268.8802968120386 Oyster-SemiOpen 0
196.60066682154138 278.53945434431364 184.64070325055218 332.5857092408538 96.33520561175828 313.04501074300714 108.29554914875189 258.9992774365364 Oyster-Closed 0
179.39200989203528 272.248573617889 190.47861771097814 233.8598133755697 264.0757365281752 255.1133875619038 252.98946645387332 293.5018586788869 Oyster-Closed 0
268.79538210632745 370.66745001061213 258.53222929705225 325.88994516576463 316.13753548626846 312.68771217129813 326.4009210662334 357.464879882726 Oyster-Closed 0
193.45503025237122 228.35907783717826 144.3855034628359 240.5931198990911 125.2847235097579 163.98304915846575 174.35371047518856 151.74907753867663 Oyster-Closed 0
64.15074199576338 256.64346191284125 52.995113582292106 202.00928497042275 137.24608818367415 184.80686105189025 148.40199758677045 239.44063606943135 Oyster-Closed 0
227.7325618568284 205.81107610073354 197.97636987510487 190.536918703677 222.56772862994694 142.63085119871857 252.3237507068552 157.90495607573382 Oyster-Closed 0
221.50566082294972 237.5865650673177 191.20810074899055 227.01127735360245 206.73076487531944 182.54166982884627 237.02811916009523 193.11691803794236 Oyster-Closed 0
315.46577833585616 637.5932371680519 265.97126283049874 590.1967337899947 368.4539297779702 483.20437878971296 417.9467921266041 530.5993959122603 Oyster-Closed 0
541.8308576460549 201.34769093957607 582.1110795552522 217.52172445335253 534.5690942327928 335.9154137239067 494.2889841894066 319.7415854290679 Oyster-Closed 0
