540.848129921942 0 540.8483352872281 130.03176782212918 404.61287698184606 130.03154836477827 404.6130974137486 0.000009915100769851538 Oyster-Closed 0
639.9999999998545 0 640.0003399416892 178.79369245027678 532.3855313289823 178.7933831820394 532.3858232396015 0.000024908697728525482 Oyster-Closed 0
47.999339 0 231.968905 0 231.968905 156.444445 47.999339 156.444445 Oyster-SemiOpen 0
278.0144196199399 16.031235555720535 404.695415873648 215.08515471216495 225.5796849365288 329.0717672791539 98.90212297577818 130.02085260174428 Oyster-Closed 0
226.6378848325985 251.29167001949216 313.0506460351171 289.0355672331358 178.7500675949559 596.47207466103 92.33852699995623 558.7301599999877 Oyster-Closed 0
41.98430748168903 109.20329445830335 194.82153015873337 110.50766542727756 191.0749531370675 549.477227862534 38.23772747135081 548.1729278518542 Oyster-Closed 0
35.21700999997847 639.9999999999911 35.22513675445225 524.1822222738693 242.54958439414622 524.1946856130348 242.54667259425332 640.0072519334082 Oyster-Closed 0
173.59057252258935 487.51049473339094 341.89173451093666 421.34285359507555 421.9793819159531 625.0106496766999 253.67967701873567 691.1753657155442 Oyster-Closed 0
252.42298814540845 309.92375804244807 380.5384143882111 326.4008229563637 355.8530000938481 518.3178587324115 227.7376809999987 501.8412690000006 Oyster-Closed 0
578.2054759967286 640.0001412807306 578.2094721215981 459.17249640245666 640.0017013699835 459.17465749705866 640 640.0000000000188 Oyster-SemiOpen 0
0 193.015874 41.650132 193.015874 41.650132 500.66754 0 500.66754 Oyster-Closed 0
420.69373332218674 610.0867506301757 351.2312284205109 605.0990893921305 375.63878901426506 265.29029089550426 445.0942438519269 270.27771278892953 Oyster-Closed 0
548.1392587279697 637.158384043115 420.0207002096431 642.493670388957 405.38537573593203 290.92822263513136 533.4882226985792 285.5932662683781 Oyster-Closed 0
534.4587336789118 301.6311063359557 639.6591088811692 300.2265425453315 644.1543691237166 636.8715054715631 538.9539974013314 638.2759888564956 Oyster-Closed 0
220.80360389285488 7.5041126509422895 344.05852696902 0 496.1823659123911 145.26887820129468 372.9281632419588 229.66582565091255 Oyster-Closed 0
419.0979198349669 100.07930586400327 583.7884501304507 132.2323860630845 551.8575105841592 295.78076280724497 387.1671036131738 263.6280789249814 Oyster-Closed 0
640.0007476557948 318.984126 564.1196953495819 318.984126 564.120733941163 188.95238000000003 639.9999378532812 188.95238000000003 Oyster-Closed 0
0 34.539683 22.602513 34.539683 22.602513 137.795888 0 137.795888 Oyster-Closed 0
