376.8924480429996 358.080112229957 549.803395706258 305.4354409818468 604.4212952469388 484.80747470344636 431.51096293819137 537.4505993362613 Oyster-Open 0
640.0002839992521 383.23809499999993 598.7177223270555 383.23809499999993 598.7181718424836 312.380951 639.9999635537824 312.380951 Oyster-SemiOpen 0
123.95036830857862 644.003949525828 0 505.3056299991655 93.77041418672889 357.37672063076644 252.90219625021564 496.06997571086146 Oyster-SemiOpen 0
118.54865599998448 639.9999999999652 118.57648906669056 383.9853415961319 428.41561726352666 384.013444386996 428.40270665634307 640.014364720379 Oyster-Closed 0
351.5337922983599 334.43393521299873 436.057941418112 357.7108167124975 417.52560130829806 424.99921401457664 333.0015394512884 401.7225602121932 Oyster-SemiOpen 0
605.5798824788508 231.74607362551944 616.3269007698545 250.06595834798614 536.6738639503455 296.7902171063685 525.927037854708 278.47049870880386 Oyster-SemiOpen 0
482.11830172404007 188.80373515883505 487.15366213131347 222.03583559844867 413.43921940795553 233.20445356666067 408.40407745832636 199.97255055609625 Oyster-SemiOpen 0
227.32764015927387 176.12698925441603 239.07310473179678 84.04667364578778 421.2813381785236 107.28801858900674 409.5368688592862 199.3674001024253 Oyster-SemiOpen 0
2.1505053839064203 347.77928984291714 16.029043683811324 278.24619994020236 184.81726391371922 311.93242118660993 170.9404056695348 381.4640267631146 Oyster-SemiOpen 0
80.83488510535972 412.95191245548494 56.65895913851273 435.16188516956925 0 370.02220759896 20.98535383003764 347.81252399891343 Oyster-SemiOpen 0
0 300.9473245533314 0.18067886143398937 195.34336850659642 122.81305451302615 196.30363395593838 121.9870150868519 301.90647638464316 Oyster-Closed 0
556.1309201038239 272.88538761461535 482.4578919765918 267.53729085084757 491.52632595760224 142.62979357746053 565.1979503480834 147.97783955165312 Oyster-SemiOpen 0
414.5035280420416 360.2921089074671 396.4170857901627 270.34746223314124 516.0037064104108 246.3017595971257 534.091071546427 336.2451953714159 Oyster-Closed 0
289.12779095851874 230.98095038038673 348.4037356760382 162.67943119147725 459.0082043282746 258.66481233075604 399.7332462346094 326.96540080555025 Oyster-Closed 0
265.9276133507228 364.74145991922506 226.52775523922173 344.64832917900173 281.37921244546305 237.10077180781823 320.7782121602213 257.19364167950806 Oyster-Closed 0
311.4963431627257 223.6163936004715 386.3566665347753 252.66017012422049 324.60217257525073 411.8210983830701 249.74217601615237 382.77790213438095 Oyster-Closed 0
349.4760893822968 340.65765337930554 359.6401195107319 297.9726570053996 421.56211120389344 312.7161969919837 411.39846345780825 355.40086136443665 Oyster-Closed 0
580.0219627730257 379.42777418627145 519.0598325292376 320.377816047495 603.204574866686 233.51548367557328 664.1657725501136 292.5645838641474 Oyster-Closed 0
194.02801720811112 299.18311946925166 266.36183936680027 321.56694664114 224.81670547582326 455.80717880746926 152.4830737125012 433.42379334814154 Oyster-Closed 0
156.49345874560822 46.04029160275134 248.1559361575637 128.1705344532748 129.3691360745288 260.74095187992094 37.70739523875818 178.61150726432285 Oyster-SemiOpen 0
332.06204154157604 99.80856953638335 394.95115574638476 16.164773847970547 486.8069623399788 85.22807232384724 423.91823423167807 168.87151889737083 Oyster-Closed 0
445.91625895722245 23.853087617312745 481.56376703722344 0 561.7428563952853 89.35741014638398 526.0954261874576 119.30194088482534 Oyster-Closed 0
