582.8490461863112 395.75820629620546 523.583656841729 688.3134719452371 144.50773881588248 611.512084346382 203.78866283434036 318.97721998818446 Oyster-SemiOpen 0
640.0047100750089 617.303793 551.8914671734819 617.303793 551.8957519426476 313.667285 639.9999846013816 313.667285 Oyster-SemiOpen 0
151.8466581575194 0 382.4499336896406 7.098798762054709 353.368783600381 397.50336249406905 122.76560306352621 380.32670547664236 Oyster-Closed 0
223.66491423927073 398.23265713616416 109.67557314623264 565.7616950732208 0 480.8400580621358 98.84222479995515 313.3150176768683 Oyster-Closed 0
0 486.827458 158.218944 486.827458 158.218944 640 0 640 Oyster-Closed 0
417.01167899998836 639.9999999999675 417.01863730544574 537.284113316125 605.1643461470667 537.295433154263 605.161660824233 640.0070098029676 Oyster-Closed 0
640.0078957695223 389.8577610000001 301.59026908819214 389.857761 301.5987166222476 134.570192 639.9995270638465 134.570192 Oyster-Closed 0
348.1868676016893 10.266616401925601 441.127851591591 0 461.59128535444324 157.20889453028374 368.6503117810935 169.1771166953357 Oyster-Closed 0
0 0 150.118653 0 150.118653 393.815708 0 393.815708 Oyster-Closed 0
445.16333299994585 0 445.1637089267024 176.12870471698696 291.06336381351866 176.12838628497212 291.0637242165103 0.000002775935185648685 Oyster-Closed 0
157.4066304956068 639.9998990819953 157.409327108835 563.0178453700465 272.484388758603 563.0219649916883 272.4836779831094 640.0019859331276 Oyster-Closed 0
456.5079759999935 8.905380000001589 529.1449416481919 0 582.5494842933404 88.96807363905518 509.9125680400175 122.97481367008275 Oyster-Closed 0
640 0 640.0000450852531 71.24305804210742 559.1833322570892 71.24302411064784 559.1833656873496 0.000013922756946924567 Oyster-Closed 0
