610.9815709522081 128.49162419939938 659.5060893723712 191.5062456259226 543.3878603187623 280.9195471696106 494.86410049838014 217.90562901173385 Oyster-Closed 0
552.1074883252004 107.37992126691248 472.6450213036878 168.9814192725913 358.20337536635634 21.358200316359877 437.66507529806404 0 Oyster-Closed 0
195.43135100000654 0 195.4313594407722 31.43859624276069 102.95050042084767 31.438587610727286 102.95050900000206 0 Oyster-Closed 0
0 46.596491 60.178263 46.596491 60.178263 142.035088 0 142.035088 Oyster-Closed 0
0 140.91228 54.491498 140.91228 54.491498 239.719298 0 239.719298 Oyster-Closed 0
138.39388849999523 17.251777301273904 168.15821246222185 114.70528041068269 76.12699377837998 142.81308892267614 46.36298647084914 45.35984864087052 Oyster-Closed 0
0 266.985942 67.128754 266.985942 67.128754 372.300148 0 372.300148 Oyster-Closed 0
3.220687368157087 523.0296126152392 0 449.6605074746511 168.44891177795944 427.2279757023332 177.8753907911596 500.5947743999968 Oyster-Closed 0
0.3135283111623721 629.7432804791804 0 527.4986624103685 164.52501155501523 501.56438154716 179.34196701193287 603.8052092138948 Oyster-Closed 0
176.2715730920172 501.96832293416617 277.4880354946072 513.1342006432845 263.0925158438913 643.5963016613397 161.87610053289973 632.4307354183942 Oyster-Closed 0
237.1824419999757 640.0000000000363 237.1836599225935 597.893920965819 316.97811846046534 597.895870776439 316.9776749878656 640.0011759793757 Oyster-Closed 0
452.127888 563.649123 605.670528 563.649123 605.670528 640 452.127888 640 Oyster-Closed 0
640.0011166759214 617.7712060000001 588.6096102068404 617.7712060000001 588.6107939470094 510.97520499999996 640 510.97520499999996 Oyster-Closed 0
476.8019275125698 625.412117002205 370.6117446473945 603.6869495102227 399.78211737841775 461.1557679080804 505.96615269016183 482.88027989892976 Oyster-Closed 0
351.1087868753384 397.7323437071368 358.2794821260177 307.13184266730525 523.7575577093958 320.2267119969957 516.5890090973699 410.8252233888359 Oyster-Closed 0
565.0920537894854 461.29825645096497 517.0235964776657 503.4731860004273 458.49221727767144 436.7718541035598 506.5598383433826 394.5975489429999 Oyster-Closed 0
233.73383562502568 433.0605884477606 149.12711412842327 474.07613465818764 99.53696214855881 371.7915339792138 184.1412951934035 330.77666768956624 Oyster-Closed 0
202.872222990336 360.14317660915543 91.91633818227274 358.95391227456025 93.12891873814806 245.9554836242684 204.0820536382671 247.14473349133965 Oyster-Closed 0
173.15367887946195 455.4801191550019 92.07275741631747 496.27736596996374 10.292216395755531 333.7616533768646 91.36967838465353 292.96543285998393 Oyster-Closed 0
207.14400097313046 355.0282867718818 303.4232506254193 399.1340365085597 246.10585132228152 524.2349406604358 149.82722357235616 480.13019130228435 Oyster-Closed 0
380.8584473397059 397.98477877625436 292.236010680499 452.21069607818094 207.18537471548188 313.22160467446264 295.8049800169829 258.9968061366624 Oyster-Closed 0
280.9972242332151 394.32998029152265 419.5878487477603 423.7568849248594 401.1104691005312 510.7658073934396 262.51998340696446 481.33934502016876 Oyster-Closed 0
435.74682232494524 478.75765718085086 430.6542681813153 556.1691596306855 262.60446208187204 545.1117068096876 267.69932468494517 467.7026264259049 Oyster-Closed 0
