431.0001897013717 551.9661966424044 394.6334403281071 661.211370821717 254.58305587584618 614.5986999626042 290.95150599998306 505.357143000009 Oyster-Open 0
353.25482766093046 110.30416125610928 649.1621197372297 309.3495651247437 454.8540686612978 598.1797325252344 158.95409632226801 399.1435036894729 Oyster-Closed 0
229.404813755973 0 381.55258098493505 144.62057660114337 130.83013039635262 378.6866854578437 0 215.72253419250174 Oyster-Closed 0
477.7968247748504 247.67113563686274 338.8383927756513 291.2911589780666 248.1411118863616 2.3612807519269774 387.09643320995383 0 Oyster-Closed 0
236.6088302735443 639.8859936026754 142.61330612847814 689.6441222886933 0 405.15970717883016 85.97621785949741 355.40456051127603 Oyster-Closed 0
226.5950250482274 299.99553763467526 213.84519335406367 454.579661896687 39.248324271684396 440.1770540409137 52.00155946229643 285.5967487979394 Oyster-Closed 0
0 398.214286 78.937223 398.214286 78.937223 640 0 640 Oyster-Closed 0
110.34203319752123 637.3895353967656 73.23306843230966 646.8063234596302 35.694422920569195 498.90838290140084 72.80117123737 489.4918844588947 Oyster-Closed 0
576.2383864030562 433.923387916519 663.7595578275796 516.0775622378806 480.90617907379055 710.8240985858033 393.38949805322045 628.6745801075215 Oyster-Closed 0
133.7392162228207 481.93046827581486 208.6128543518862 416.5903164315031 366.70303010694624 597.7122765378853 291.8324112000846 663.0492661813769 Oyster-Closed 0
469.40663700000005 0 640 0 640 292.857143 469.40663700000005 292.857143 Oyster-Closed 0
494.9878245617583 0.9891790592235057 612.1482095037209 0 622.4909136068891 194.5864154819071 505.33053271756216 200.65524812034087 Oyster-Closed 0
624.5808098031557 308.85818385896187 551.4762689470081 314.2799165213363 543.2509402550204 203.36824317495297 616.3539276258234 197.9465686308991 Oyster-Closed 0
640.0006441032019 523.214286 608.2947527313809 523.214286 608.2960221074609 347.94793100000004 640 347.94793100000004 Oyster-Closed 0
562.6235984817322 507.4980426389586 644.3373929618974 512.7254918897454 637.2819696427177 622.9883458079687 555.5681851393456 617.7610182930741 Oyster-Closed 0
544.192726 610.714286 609.557712 610.714286 609.557712 640 544.192726 640 Oyster-Closed 0
