229.42540118674515 395.13131463195873 184.56487291157828 381.15013733091143 203.77735987349297 319.5115155927895 248.63716889922216 333.4925722844176 Oyster-Closed 0
357.8030350612971 372.8162290596294 368.59470532224805 310.3111275264243 512.0806948960671 335.081339001744 501.2903715388529 397.5852571486049 Oyster-SemiOpen 0
536.6788323860965 419.74143976231574 559.8766167469148 347.06659045881275 661.5063101972919 379.5031656503135 638.309888270378 452.1768488298702 Oyster-Closed 0
297.2323961773509 359.3461531444331 303.60876323306 449.5298550343523 221.68202572887822 455.3206197956292 215.30685298988828 365.1380446899218 Oyster-Open 0
126.85246152264881 456.1789314555586 111.34591917827493 384.61326191230194 204.5077771810611 364.4296365145803 220.01506680353486 435.99427181002625 Oyster-SemiOpen 0
308.4777155207121 480.6680771871647 287.74592466412287 415.77055714735684 463.51735373726115 359.62529343697315 484.2501498546335 424.5209684045925 Oyster-Closed 0
583.1228125117923 444.3653972576837 510.1625528441946 502.3991400847188 458.24767967184016 437.1395531694887 531.2066852262797 379.10657968002454 Oyster-Closed 0
0 403.00970899999993 102.696871 403.00970899999993 102.696871 501 0 501 Oyster-Closed 0
241.4650068100309 455.82924535810724 271.7013202080125 414.07831926183377 363.54909307920025 480.58466608857975 333.3136924887367 522.3347692653554 Oyster-Open 0
410.57583709523897 426.749675373017 436.18824247409066 473.22278689203785 360.72270765318535 514.8057494984652 335.11111099993286 468.33333400001845 Oyster-Closed 0
500.88262868746824 92.86265394376876 419.6054158361949 67.1668084746307 439.0865235435922 5.5475462726561995 520.3635619392298 31.24336231908397 Oyster-Closed 0
154.46024134391337 489.0640792869424 203.27015758324706 434.69383830119676 291.98491406415997 514.3219725539285 243.17625284740643 568.6910065514438 Oyster-Closed 0
380.99589539997396 537.8642415485244 426.6418398384121 441.95441352108946 526.9543565376807 489.6873613221376 481.3108063544496 585.5951528731207 Oyster-Closed 0
253.30297578468162 530.8934181815271 317.58819337068417 501.7575234682562 349.7940560198185 572.8012782024339 285.50912508195324 601.9367076988352 Oyster-Closed 0
321.7777770000248 510.3333339999857 364.78927878299146 477.44962870894574 438.5522343613411 573.9107387205785 395.54143847686646 606.7936365126394 Oyster-Closed 0
12.551584823813755 538.0697042819207 98.90715960980742 479.23426691039884 178.30815838373383 595.7500338391942 91.95401306460553 654.5837338062257 Oyster-Closed 0
211.3066904785228 548.5344888050474 245.51427182646876 596.500813910109 178.522726773881 644.2628351998812 144.31612276668602 596.297386227247 Oyster-Closed 0
551.4623777540692 533.2239868483796 590.6751322231139 591.3829396348428 481.779324133895 664.7823593434509 442.568481585331 606.6251043386278 Oyster-Closed 0
292.8888890000235 639.6666660000025 291.83789307855477 596.8665721947043 375.2813422215695 594.817660788354 376.3331381938042 637.6169368488887 Oyster-Closed 0
217.99958499999775 636.3333340000123 220.00921920029214 594.0313311126281 290.23068858179613 597.3662069328349 288.2217671498074 639.6675261660183 Oyster-Closed 0
0.43149999997694977 48.220065000000176 73.03232965248753 47.72618628273163 73.46382677824295 111.15660721826418 0.8629971726622898 111.65048500562807 Oyster-Closed 0
241.35435089854582 86.09693115315459 216.17503512185067 140.04300993515065 91.55539004597813 81.87679894555367 116.73476504591235 27.930945610170788 Oyster-Closed 0
317.7436184074759 153.98436612403026 354.35703245580953 73.78588056514891 430.3056405004463 108.45878889315233 393.69262194639305 188.65693392304453 Oyster-Closed 0
608.2626364993484 133.09688254753826 586.9499977684609 224.9056204303584 497.1774815559911 204.06564888791894 518.4904928768083 112.25743771874322 Oyster-Closed 0
213.89680955355288 229.80826524377702 145.70420329284389 206.2803119843629 175.47876313379675 119.98602711807843 243.67063405108638 143.51384275581486 Oyster-Closed 0
221.89666826860048 231.59633682211899 225.35110892255034 159.44745764931173 276.1223252479249 161.8783143220649 272.66816311916045 234.02692943836283 Oyster-Closed 0
409.4786645116983 231.23911316065863 352.93196030223044 231.92450553386254 352.40025439779856 188.0433073997022 408.94657510601974 187.3579173374296 Oyster-Closed 0
348.1561557547684 181.27166547765205 367.8431837777316 211.26943989319153 278.35338554250484 269.99750330826964 258.6666659999901 239.99999999999486 Oyster-Closed 0
78.74762928862765 176.23139623312915 95.85802467809117 236.11435548446823 2.36452021774312 262.82673281761606 0 202.94425166234132 Oyster-Open 0
616.1897063794459 224.17858828653422 610.756024457296 268.0656959554667 458.2195386573585 249.1794586340839 463.6537299866177 205.29292600483413 Oyster-Closed 0
265.9078558917099 269.43496576244763 225.3855889577244 338.35434649306245 43.55084443377564 231.44486609881147 84.07300166814821 162.5269126148423 Oyster-Closed 0
229.5254029102216 0 238.37517434949405 41.77983848129032 111.55520360305673 64.98968701714857 102.70550199995341 16.634302999977344 Oyster-Closed 0
563.1105567469785 254.38946749217226 550.8303435777634 314.426970663679 445.79338240429934 292.94283129614536 458.07407400003285 232.90598300002827 Oyster-Closed 0
142.35118594457163 338.06570118921786 88.79903043540253 331.8183950620461 97.67635410411458 255.73149998382095 151.22760163852945 261.97875213563566 Oyster-Closed 0
423.64502557815285 280.0453056187245 427.4446350913058 321.48753427591726 301.6564146436576 333.0183355848078 297.8574437003408 291.5766950393838 Oyster-Closed 0
282.5770267928601 296.1548068548258 276.10931262337544 352.37809485409286 104.91171572830353 332.68310417803684 111.3804162908491 276.46090623886204 Oyster-Closed 0
