62.99295455421088 26.758505579345645 78.68437705401448 0 219.69420634377457 12.922164255081439 204.00283905146352 67.38506107828749 Oyster-Closed 0
261.27121667101164 385.5033911267848 250.94544868385128 318.9550065891607 433.7483285792405 290.5917995255554 444.0753535753902 357.1386616583594 Oyster-Closed 0
492.6712317680358 300.25756642013016 545.3161820334208 365.6367204381814 472.7198229177884 424.0866392809252 420.07576735712064 358.7083103156366 Oyster-Closed 0
0.444445 318.333334 73.757106 318.333334 73.757106 420.6666660000001 0.444445 420.6666660000001 Oyster-Closed 0
209.4039913143206 379.3725999550288 230.8270313864341 344.5777983924444 316.1440573666914 397.10145341388625 294.7215965855139 431.89574847140864 Oyster-Open 0
395.46623999362055 343.21722940275123 417.410633012114 390.20310138500327 316.25761167168093 437.43919292663696 294.31410323995806 390.4540709929318 Oyster-Closed 0
353.89553300236 404.3012665511561 449.84894628105394 380.87927747747807 474.5459431569907 482.04269561385024 378.5926719224517 505.46428553616875 Oyster-Closed 0
260.76109669440484 438.5054566975177 214.32915141893318 515.3841551088361 85.10802529744979 437.34879525686813 131.53983337702812 360.4720265082236 Oyster-Closed 0
297.26415495380934 507.346758678499 227.95164810151618 510.49680200792005 224.40252867781965 432.3956456346564 293.7131556508393 429.24564492433257 Oyster-Closed 0
469.6299815787643 494.0109373001859 475.5524247773428 435.7926819771331 573.901767912248 445.79564316318175 567.9804167084512 504.01289520568156 Oyster-SemiOpen 0
282.601262723183 438.3875153737914 326.1783902669413 402.0794440179696 408.99742302797677 501.46413528571406 365.4210572870943 537.7713823527508 Oyster-Closed 0
6.976134703145362 543.3316216474268 6.244176264226553 421.929129789795 116.15456852603529 421.26652642224764 116.88888900003803 542.6666659999701 Oyster-Closed 0
189.37207442919316 472.55145568762555 215.37010745334555 529.0963147631909 134.68936375189514 566.182756240057 108.69246413873043 509.63885793257305 Oyster-Closed 0
327.2572535643121 639.3814840727272 240.7034132489207 629.1780905389772 254.96003210617346 508.2950072016662 341.50943655258743 518.498136882754 Oyster-Closed 0
628.3807791525032 518.9166886992901 652.5517546661285 617.872341713342 524.0633939964755 649.2456564538263 499.8957167291519 550.2928597019068 Oyster-Closed 0
67.88940461374295 639.5633936303831 68.0550676889834 572.0169338413747 250.00234115992498 572.4612026434679 249.83945027743175 640.004862538228 Oyster-Closed 0
366.66655658184027 16.999881285363166 415.0960500744259 69.54400725109869 341.3182226321078 137.54397251041863 292.8888890000235 84.99999999998643 Oyster-Closed 0
572.354001564745 62.03725029042242 568.3084517339012 148.3478031028926 449.0667903243593 142.75828165634252 453.11270862315723 56.44810572953713 Oyster-Closed 0
186.97984233011084 155.9672863755088 116.41748060275859 138.32685899184074 138.95366749311506 48.18308224645001 209.5155729106773 65.82345129386893 Oyster-Closed 0
180.65550192943192 117.83541597887148 230.7767016460275 90.36200496830156 258.5474934452941 141.025235451169 208.4263465422555 168.49857093990892 Oyster-Closed 0
389.8761594694952 122.9551080554501 387.62481099474826 164.2314920337452 317.5774058773095 160.4107397819598 319.8288976875483 119.13450975829659 Oyster-SemiOpen 0
316.7686086399772 109.00769937070035 336.0428254358703 146.2582491080887 218.6123735190631 207.01769762327928 199.3385020000278 169.7674430000184 Oyster-Closed 0
433.0835018280777 186.22479109259308 433.4898040459666 141.4062753837479 587.2819731598429 142.80008965761152 586.8760977805505 187.61815813092227 Oyster-SemiOpen 0
232.4224884234718 190.23192389125313 193.21633677755017 259.70686975369017 35.28159501780465 170.5821092731773 74.48776087236183 101.10801630516504 Oyster-Closed 0
246.667031637553 224.33104516501288 237.4753868640255 281.8692778713454 70.67193657305324 255.22208555539214 79.86428609583527 197.68469765695173 Oyster-Closed 0
457.5443053352501 54.228846277452405 456.6571588383522 3.360567911370229 562.9019788248843 1.507602379085316 563.7891812591988 52.375836823018524 Oyster-Closed 0
209.9997411478398 386.03100475175336 168.98264646719326 332.8363909608877 295.6923784457467 235.14124537957667 336.70898964257503 288.3348247671378 Oyster-Closed 0
638.401081474367 315.60381707048913 608.8628456819424 383.42921988640313 501.4580986410874 336.6565827288162 530.9966479149443 268.83211097865245 Oyster-Closed 0
93.4623991697299 371.2802404554224 83.70759292592993 305.2879180754249 168.19220499906805 292.80054026720785 177.94758173367882 358.79216494164615 Oyster-Closed 0
