420.5146268129465 410.60285339496045 328.53488912071043 408.8126743843104 330.30217332394386 318.07598254445696 422.2796473190101 319.86613950420485 Oyster-Closed 0
436.6601077676751 348.4608178588245 473.32247725731577 308.7922633172455 562.100864092281 390.83530152974953 525.4391899555776 430.5031916553579 Oyster-Closed 0
288.5521453076217 394.88409125793225 236.90169761357538 437.13909275378745 191.27749495906755 381.37588213081125 242.92726836531074 339.121318320819 Oyster-Closed 0
266.36526629103173 363.8956087819872 307.77638337152894 332.43964887148616 366.57513805723283 409.83912845493944 325.16441058665805 441.2946477260896 Oyster-Closed 0
621.4790964324493 388.7052242660394 592.3275633152662 450.43244737604647 512.9035881948948 412.9270024429609 542.0553122695128 351.2005720442603 Oyster-Closed 0
109.3337163056276 451.00003759028874 8.604919588469784 445.6991863737224 14.05675649009936 342.1435591425635 114.78250848260359 347.4443305919816 Oyster-Closed 0
479.95614107909205 356.8521881161433 522.1159694789822 410.22978247808885 414.5885326406278 495.1468422990239 372.42996494518593 441.77040019720494 Oyster-Closed 0
124.3819888595317 400.21326845405065 194.64132289096597 409.39622393363095 188.2859478858154 458.0150561553574 118.02662752619653 448.8321722252238 Oyster-Closed 0
167.97628125772462 442.6152782590552 215.4200883048179 427.3132515518522 233.2178102650505 482.48659571950566 185.77407262993802 497.78847012251737 Oyster-Closed 0
584.9394837817817 424.0531852113163 636.2872010019055 427.87733380088844 629.7789833872957 515.2508710825193 578.4312725534983 511.4267810511864 Oyster-Closed 0
476.9566144804412 533.043530374798 447.7377020271524 465.03000964400434 550.0467985970317 421.0848691688807 579.2661436998605 489.09704425739153 Oyster-Closed 0
243.2724557360052 430.67118654566343 312.4927182436659 440.8488728942235 298.75575537400437 534.2606538725391 229.53552963976108 524.0831406657553 Oyster-Closed 0
244.99741551881016 479.4369855751549 239.34794185872306 544.5488378751642 74.36997990538657 530.233396206829 80.02128263156919 465.1235433599567 Oyster-Closed 0
435.85407480168215 609.2440074316988 349.19037522020517 614.6422841043175 344.0991913253674 532.9040776756659 430.7599071486766 527.5058937404492 Oyster-Closed 0
580.4883777508803 567.6092450571659 563.4241592395119 617.0060981338409 470.9352770329133 585.0624736721928 488.0000000000291 535.6666659999918 Oyster-Closed 0
169.18957037683867 539.5412177458295 161.44682574697072 625.096082052731 0 610.126107589481 3.791278689241153 524.5741997309447 Oyster-Closed 0
500.9170341348363 563.2349737788605 499.0823030994943 601.5588738333141 452.38745565366116 599.3235137805839 454.2225540000072 561.0000000000078 Oyster-Closed 0
195.47040808371094 568.0850966706256 265.26396223976917 583.9987621883173 253.42100858521007 635.92518809402 183.6275144404499 620.0117119291899 Oyster-Closed 0
6.85733019709005 54.3117444624071 63.45409441870288 61.07839892228896 54.13040539737267 139.06191212352985 0 132.29527656309813 Oyster-Closed 0
298.1540723879152 80.38860221885726 292.2163847544289 135.01620645445206 201.04096477174608 125.10584682546727 206.97881781932665 70.47844502563153 Oyster-Closed 0
397.7314392371045 139.7531085117786 396.68499528321263 96.4930799551294 527.2593086350389 93.3343691488738 528.3059939552913 136.59413759121102 Oyster-SemiOpen 0
217.011811289849 143.51005604323407 179.07849124872882 201.5806432662258 41.98634278494865 112.0286870892072 79.91960602608742 53.958513099130855 Oyster-Closed 0
227.11129669041838 166.99879555293973 218.9483617253427 219.94619631284667 67.62133716096287 196.61544094265 75.7847227610182 143.6685558190651 Oyster-Closed 0
618.2870011746854 169.3306445907379 616.0122087331547 215.3372638027184 495.77236948156497 209.39149583138868 498.0475315673539 163.38527061968267 Oyster-Closed 0
201.34854444957455 313.99472647978297 161.66063728982408 269.80156711004975 267.18232279570657 175.0419881671681 306.86978704521607 219.2345620037989 Oyster-Closed 0
560.3393229538779 306.3148817288712 458.84709686979477 281.8291834426319 476.09693131482345 210.33574024557174 577.5877620294341 234.82126156763914 Oyster-Closed 0
96.2483906862326 297.8787448154754 89.22822144748352 238.4399231072374 163.56103341684502 229.66105053228785 170.58157704908808 289.0994353423251 Oyster-Closed 0
242.82236446561 314.0709268274761 232.31862033986545 253.16322943338534 388.4077127404453 226.24586797126074 398.9122115538339 287.1525819885671 Oyster-Closed 0
453.2417464297032 238.04274578919382 495.95278162501927 301.2153127460847 427.2689382270619 347.64895069376917 384.558546768676 284.47695456159516 Oyster-Closed 0
287.98424309585243 331.82662223357795 261.48271088946785 365.7880058969954 192.17383860697737 311.70709393870845 218.6752004572918 277.74606853251646 Oyster-SemiOpen 0
