463.6558638797578 322.1456720472151 402.8925153271848 430.6450475320651 283.88283986649185 364.0000828698893 344.64618805926875 255.5026985649104 Oyster-Closed 0
436.79088747776404 323.2706473513753 482.3330096615973 265.0848002786704 602.3260376448889 358.99633240076236 556.7851631846861 417.18104302566167 Oyster-SemiOpen 0
358.03908104680886 407.61861042528574 313.447796450273 446.6324612975179 219.80435698998917 339.61239950940444 264.3946032298845 300.5993260636817 Oyster-Closed 0
158.85984217406076 352.7180691293511 245.71265378559474 345.9068398039772 251.59847954302677 420.95159228356135 164.74567585835757 427.7627478983168 Oyster-Closed 0
0 338.33333400000004 60.444445 338.33333400000004 60.444445 469 0 469 Oyster-Closed 0
486.20937661522476 355.5888705641398 528.3377612726326 423.17448340459885 408.2669178676588 498.0065259238821 366.14024826776586 430.4224121402506 Oyster-Closed 0
289.6632260208571 550.2079698702174 185.52557589893695 546.9542450591041 189.41604400868528 422.5505259643159 293.5489623432659 425.80417629363274 Oyster-Closed 0
549.8291773988603 404.3622483239654 632.9652667873597 462.7993558397247 550.7743248335464 579.7069820890723 467.6394818270637 521.2713860975598 Oyster-Closed 0
5.129204611948808 556.7246918966749 11.881334035788313 479.979268409494 207.17675518208125 497.15608820959943 200.4278042336955 573.8985460812637 Oyster-Closed 0
462.9525743157137 622.9226432931011 474.3032699303876 541.4088111028743 619.7632957657333 561.6584921349751 608.4155563554668 643.1696198702336 Oyster-Closed 0
0 88.18480834396476 2.720295955732581 0 150.57519768044585 47.078511143043904 118.97340702067595 139.01028879224182 Oyster-Closed 0
574.2716312476841 72.38551820427183 499.4330016024469 143.06629944465718 434.48979869943287 74.30278843914274 509.32822557173495 3.622173037483379 Oyster-Closed 0
298.60414792012307 93.42278134233361 307.5140405984712 47.38924625525801 403.0504256735003 65.88037903254366 394.14068385362043 111.91378392398582 Oyster-Closed 0
635.1617049009656 68.75487609869795 641.4837286002148 134.78065808594894 514.7239925991744 146.91737278605535 508.4023266327131 80.89190355661175 Oyster-Closed 0
294.45377153810114 155.63822038969755 301.21464515512343 99.30175953702253 421.6020208693226 113.7488781041071 414.84152020857437 170.08501331957947 Oyster-Closed 0
238.22222299999999 0 321.777777 0 321.777777 29 238.22222299999999 29 Oyster-Closed 0
457.5522844093939 213.07595637304172 494.6767376635398 129.71288010590794 642.7519172235043 195.65406823757823 605.6287069090467 279.01607601360524 Oyster-Closed 0
182.55969499165076 306.9816030042465 157.66984297260933 214.283154398234 377.30430251540383 155.31084451225215 402.1953843591473 248.00770161598888 Oyster-Closed 0
10.937358429218875 286.32477313256385 0 206.6235605698265 79.6902977785794 182.95509049659864 100.70580618805252 262.65563642371865 Oyster-Closed 0
237.33333192794817 0 237.3333560716128 49.00000712593538 115.55555090184498 48.999974562353415 115.55558229119924 0.000028498984134589838 Oyster-Closed 0
453.6718865211151 170.11448627515418 521.5690421222826 248.83230669686967 435.29177249736676 323.2454919523493 367.39548562967684 244.52849763405766 Oyster-Closed 0
