613.1950583565776 339.777222948239 540.6056354236352 475.274002125324 332.12481980946905 363.5913495487861 404.71453158439544 228.09890227075883 Oyster-Closed 0
175.28461794900068 415.30815608306654 213.86464444716694 307.3752606953071 463.14692861633375 396.46860902481757 424.572035393212 504.39712249878676 Oyster-Closed 0
201.7903512927296 429.9122374757101 200.93495615357824 501.9571887835365 44.614834581443574 500.09816963073024 45.472157608310226 428.0551430198591 Oyster-Closed 0
312.8831214132515 639.6660667414603 312.8949349538743 447.6600855964009 576.0006037928542 447.67431911599687 575.9989868373668 639.6701187268511 Oyster-Closed 0
0 637.5854299711023 1.7777770000247983 495.6666659999792 157.42200868226064 498.5436248276997 154.80269658764882 640.457724855413 Oyster-Closed 0
637.3339480761206 185.66666599999996 563.5553999914555 185.6666659999999 563.5559405313688 4.333333999999965 637.3333339999954 4.333333999999934 Oyster-Closed 0
507.38340036114096 3.4378800692067237 545.6371864477842 162.52004374282964 210.82029197801603 243.02771377962915 172.5692648783297 83.94784998781128 Oyster-Closed 0
91.46099336750922 66.02100451247927 253.65439557717764 114.39324475387832 206.63766176636273 272.0384124540126 44.44444499997189 223.66666599999678 Oyster-Closed 0
667.1612676209043 246.75299836717426 576.1691873389645 349.72256466290906 430.7501010346459 221.2223358812396 521.7408189186244 118.25460218580531 Oyster-Closed 0
285.7116000298265 209.4622945570373 392.32421298060217 141.77509715690104 455.11111099993286 240.66666600000391 348.4990415055654 308.35318852645423 Oyster-Closed 0
244.34330596632208 191.2258879583783 301.2781826562423 340.27499351573636 49.7547695182584 436.34084196142135 0 287.2965432986103 Oyster-SemiOpen 0
