169.63511867106718 322.05325372928246 206.01707154288306 263.38721588020576 324.39096935464477 336.7914924570675 288.01015932935115 395.45652586477155 Oyster-Closed 0
585.8990142415132 343.8709886872124 581.0862592047488 403.24817707153335 367.9632259601931 385.9709398110474 372.7775613369158 326.5954043850004 Oyster-Closed 0
1.556247911794344 362.18804375875004 61.85150477314892 258.54364322315587 315.85097163952014 406.29145462486247 255.56061319686705 509.9315806647328 Oyster-Closed 0
0.7665499694121536 358.20715411365666 43.770189742645016 357.24360918227666 45.746963089186465 445.4582353423003 2.7433237004152033 446.42176754597835 Oyster-Closed 0
469.986037286435 427.44200870296913 416.7712004585337 514.5840325459535 284.4016614798602 433.7589642465991 337.61637014787993 346.61904348899225 Oyster-Closed 0
455.3009447566001 470.9411495516486 504.0665933497803 379.6389405074218 685.2038249318139 476.3722096883954 636.4421079309977 567.6710417365176 Oyster-Closed 0
44.99770048234495 495.49306940256633 69.67379265748605 428.9059223817891 228.43279948712734 487.72844638327945 203.75915632561373 554.3135075257317 Oyster-Open 0
208.09294681319443 565.6130621971728 161.170869704074 644.1355393609226 26.49608310930489 563.6751124223246 73.41807323915418 485.1551747628344 Oyster-Open 0
640.0002999993012 129.00000000000003 549.7776999762573 129.00000000000003 549.7780041406804 0 640 0 Oyster-Closed 0
593.9014872006373 107.16761137542309 570.349410209601 95.16073444508112 583.5023971001647 69.36071276453544 607.0544368131959 81.36757818362153 Oyster-Closed 0
0.5213864170946181 142.79218905424008 97.4247433621349 139.9526052400074 99.57001409318764 213.1604300028835 2.6666581678728107 216.00000022950508 Oyster-Closed 0
264.5130485844129 147.15150431297894 273.5561317698739 266.9494919847336 103.84253941148927 279.75785421731126 94.80114901343768 159.96135120956254 Oyster-SemiOpen 0
245.33333400002448 151.66666599999462 306.19409095270385 110.40136894832698 411.9701839896152 266.40278676588105 351.1099134455435 307.66747796681005 Oyster-Closed 0
640 214.9999918725078 640.000079767924 277.00000000024556 613.7777444763196 276.9999235470441 613.7778126218473 215.0000624038485 Oyster-Closed 0
