171.26024864446663 295.75608891428664 200.68535163882188 384.7755832321825 60.14909862249624 431.22265712650056 30.726119189494057 342.2049866464321 Oyster-Closed 0
345.19474313354294 421.5679438956495 310.8902670099633 478.9449064766737 154.93805643942324 385.7134893691469 189.2424312170624 328.3381093173948 Oyster-Closed 0
639.5407030890783 464.3575952425443 604.1173603577045 545.8483912535589 344.842385456941 433.15533992271247 380.26680815353757 351.6686111586492 Oyster-Closed 0
282.4458655132912 512.4773106682643 288.4069426279166 426.0782941863818 522.5999729181058 442.2317060477403 516.642741855685 528.6270103501272 Oyster-Closed 0
143.18991434593045 570.5629365263228 18.027550437109312 565.0621967774571 25.173812439170433 402.56374379512386 150.32881200932025 408.0643214079408 Oyster-Closed 0
366.6958112047723 638.6519182266999 366.6994405844889 572.6901019775164 552.0414580313081 572.6978893637432 552.0405838168517 638.6569450047635 Oyster-Closed 0
299.3097095579287 110.9832385968533 336.81349491889705 0 566.6673527610692 29.876491467615107 529.164429658631 171.74513184252044 Oyster-Closed 0
631.3664018824056 172.35336105940968 585.5061023053713 173.068521763264 584.4001092490362 102.1335977406554 630.2600479999819 101.41844000000052 Oyster-Closed 0
635.6597714947566 182.0938729780604 621.9604331519804 340.8800614830383 454.0807830715494 326.3945854190578 467.7824210238032 167.61107279392292 Oyster-Closed 0
146.6822321370273 268.6592535670168 147.86214181607647 246.95249549683604 229.49111774054472 251.38917052405452 228.31138870365976 273.0957547021201 Oyster-Closed 0
298.5545997480949 201.17901181269798 335.83057434450893 257.4159287989558 209.6827695070533 341.0257616200527 172.4077586561907 284.78969715891844 Oyster-Closed 0
184.76539526760462 384.7083945352989 174.41964788813493 280.2520329437232 383.2447827779106 259.56915160571094 393.5928886443435 364.0229206544193 Oyster-Closed 0
