192.14494723593816 417.4766565071236 168.98052640273818 470.37504870576527 8.80010961802327 400.2377555930078 31.96495653661259 347.3407618399768 Oyster-Closed 0
491.19636065952363 431.57847652792145 472.80391279258765 537.6395642386917 186.34213524630468 487.96096877320383 204.73870921501657 381.90499120411977 Oyster-Closed 0
126.4192612595798 501.9216230815687 139.2226320556074 419.5389925350423 283.63630917694536 441.978586859147 270.8353137831 524.3590903362507 Oyster-Closed 0
513.3981997711089 604.4268904968344 510.4084936455183 472.797081802443 622.4169907844043 470.25375267933305 625.409575895028 601.8806162844155 Oyster-Closed 0
173.06484787994123 538.4802608820481 212.44525120826438 611.4855900702466 81.1274801237596 682.2984048705767 41.749966864445014 609.2955528676862 Oyster-Closed 0
193.5923954928876 637.8030215700663 192.8975037827331 567.0521237354271 397.01229250524193 565.0458013709597 397.71038719693024 635.7933909960313 Oyster-Closed 0
358.3269690918678 0 415.53294400902814 70.10413317710218 199.76855951077596 186.6162991234031 142.56340515916236 80.6807164387758 Oyster-Closed 0
395.1302018800925 140.39569652648967 370.3310908548883 65.74690041687953 516.4565843080345 17.202460941323586 541.2558854139206 91.85095728345385 Oyster-Closed 0
533.6536078056815 137.18413831587557 545.2093391841481 76.69732044640551 634.1454759070621 93.68794324712485 622.5900053027726 154.17454024763083 Oyster-Closed 0
441.6337740384188 181.77894704825835 421.86722536534944 122.70656335173497 531.1870427770918 86.12678338306175 550.9537649180857 145.19882752018614 Oyster-Closed 0
308.24901491250785 149.05719375474473 310.4009479233355 236.51428355659658 121.06983320591098 241.17098310910822 118.91912388164201 153.71512839373548 Oyster-Closed 0
357.48264136884245 145.8366622796436 489.4103936827014 216.19498547222634 408.7520445889095 367.4282955689329 276.82510559367074 297.0711172285423 Oyster-Closed 0
141.29980072677427 190.53651342588395 179.8881524382159 241.24415363268415 57.16671611327911 334.62918455131773 18.5792217314156 283.92231858220975 Oyster-Closed 0
168.7566521314875 246.28713929616438 178.91821756238642 261.77057203157625 144.05551056224795 284.6491936970709 133.89401682361495 269.16582430015774 Oyster-SemiOpen 0
229.35833922390884 252.97061750615626 251.09851210007037 339.33010019445067 40.544004727344145 392.3276180501141 18.806483000007574 305.9704629999761 Oyster-Closed 0
