476.4444459885999 2.3331823936374785 475.95203974226024 77.85765813950503 271.5073575758288 76.52426422744746 271.9999999999709 1.000000000023911 Oyster-Closed 0
162.31794304614596 435.8418670113256 129.07189039346122 530.031157624134 0 475.25391992020906 7.114476720234961 381.067249681116 Oyster-Closed 0
0 505.6666660000001 67.555555 505.6666660000001 67.555555 550.333334 0 550.333334 Oyster-Closed 0
530.0864133509458 599.8695134460232 534.6707680521649 532.6664263298859 643.2207284713513 540.0692365536402 638.6380200538406 607.2707651515072 Oyster-Closed 0
109.74136731827457 540.983100008452 117.9862626191607 620.9523338213943 0 633.111110999986 0 553.1439378413778 Oyster-Closed 0
424.9864008570876 655.6846883618969 363.68272403706214 598.2386778028629 448.6285931252496 507.6131562052455 509.93045951523527 565.0576111917321 Oyster-Closed 0
233.4910127749754 17.833062178625543 309.4088424277288 4.7719815173235975 327.1111110000493 107.6666659999967 251.19329307315638 120.72771476593104 Oyster-Closed 0
304.00000000001455 635.6666660000228 295.0212719060801 583.3761045245489 368.7984980196052 570.7111310323894 377.7779170872236 623.0008157564264 Oyster-Closed 0
548.8896497917449 637.3334916817786 451.6732207892346 640.5731444274002 449.6944581831485 581.1651707901835 546.9082709855138 577.9255616632172 Oyster-Closed 0
533.8916144472751 76.4011601655444 479.7878320534801 135.85576975291107 416.50901370965585 78.27205733039584 470.6126818257326 18.817590745927156 Oyster-Closed 0
72.92862783207966 159.32294234244856 0 150.8069433128566 5.08730918612855 33.397060768298374 85.38096740885521 41.91303851860955 Oyster-Closed 0
105.4993305185053 137.09147021722575 93.4321242931037 73.35013702417109 215.41389469704882 50.257115920946774 227.48131349573669 113.9981795713002 Oyster-Closed 0
226.388906120701 150.08660031549675 234.3070277827792 88.8573974088237 349.5201607479248 103.75641615932965 341.6024107518024 164.9852795574364 Oyster-Closed 0
138.36971514319885 176.22217034180318 138.37005708686775 117.5552122206824 240.59204802928434 117.55567200888665 240.59203439181147 176.22230513088536 Oyster-Closed 0
590.6365358874609 73.80127090659738 692.7562314987154 152.2321155968079 576.1814914433489 304.01153569857996 474.06263159937225 225.58171315328522 Oyster-Closed 0
518.73300198582 285.0358506471467 441.54972299351357 332.09701401404396 354.85394376766635 189.91514497761864 432.0355209882109 142.85465083093607 Oyster-Closed 0
47.040172200941015 167.77374433690056 168.3796984678338 207.12553153532585 122.8698255274503 347.44648653753785 1.5305701913166558 308.0952567705689 Oyster-Closed 0
244.39254521159455 216.24829561506255 349.3037215627555 213.98093366993942 352.09487242515024 343.1212091990363 247.1836958338099 345.3885406699039 Oyster-Open 0
638.6795490000077 1.3767746393950864 638.6796142081585 65.14493485971376 500.83733416213363 65.14489795875832 500.83737819397356 1.3768293839693426 Oyster-Closed 0
