1.7777697979909135 459.33333385983923 27.467956561013125 459.83329734453696 26.57907567358052 505.4999593957342 0.8888890000525862 505.00000000000057 Oyster-Closed 0
612.6764103893947 560.8517229652088 615.2669543754018 628.473147002657 407.9557065884728 636.4066457512183 405.36840157816187 568.7883487185075 Oyster-Closed 0
640.0000815205567 640 592.888863541084 640 592.8898564239353 575.0000000000001 639.9996653864218 575.0000000000001 Oyster-Closed 0
254.92087200000242 639.1904770000082 254.92262768864748 577.6182827335472 402.03190178770456 577.6215275759408 402.03219492774224 639.1916423590131 Oyster-Closed 0
320.6346830000257 637.1904770000215 320.95960679420386 609.5685424584325 434.73661606876703 610.9053190101108 434.412430125376 638.5265268000469 Oyster-Closed 0
156.13093433144968 10.44845205841371 344.66911527051707 3.4003089333090024 348.99640347292006 119.15547594101655 160.45822398300515 126.2035995788444 Oyster-Closed 0
401.3826110248192 165.12984480488802 365.69940189838235 58.40134775324604 498.3177575702575 14.062415860117941 534.0012217720505 120.79041530698619 Oyster-Closed 0
393.7086893792002 149.48749462910442 330.4281943424576 172.67400759216798 301.0431138378044 92.47671648648347 364.323175672107 69.29028991987724 Oyster-Closed 0
117.14774142135866 191.22061697879818 126.58767952292692 137.44484811597792 232.13332841871306 155.97212301462014 222.69381488171348 209.74750977124256 Oyster-Closed 0
7.306292727516848 207.94437383362495 18.269869954965543 140.9500463180881 133.97114635256003 159.88382721378815 123.00816625931475 226.87763385544247 Oyster-Closed 0
442.31495960979373 353.5518365981278 344.52880145123345 269.49249330805293 487.9034824604605 102.71358935571841 585.6874307357793 186.7713578187549 Oyster-Closed 0
390.6513606574299 324.8333579053278 307.26876563960104 374.7661305359133 225.04728166743007 237.47120842812419 308.4277566678793 187.53925014981837 Oyster-Closed 0
592.2542045616865 0.46294929818421615 593.9885679093277 54.679170855023436 509.6030459940084 57.378578005670946 507.86873161414405 3.162397031148863 Oyster-Closed 0
5.036981592493248 238.19047439591873 35.445257480823784 239.61962373173023 30.408274793226155 346.78627587555366 0 345.3571430000014 Oyster-Closed 0
123.44541658450908 253.28893610436756 231.2292334518861 255.6839648368381 228.45113151655823 380.69877021601377 120.6673153401789 378.30377683820257 Oyster-Open 0
528.9939353620139 274.6540967327381 586.43737972081 296.88854728994806 551.9864357083134 385.88658096083117 494.54312846086395 363.6523900805923 Oyster-Closed 0
