140.62854409632564 422.33991021832264 37.204260780563345 403.7646150818615 59.07857714009879 281.99325928169003 162.49957213338348 300.5682510500617 Oyster-Open 0
484.77022411279904 423.63746604963035 422.3695489478996 412.853245586127 438.0420321760903 322.1820983393374 500.4411599528976 332.96618263473 Oyster-Closed 0
510.78083421016345 395.56556002878375 521.7495454535674 431.1333948301035 414.4497957256681 464.21775807868676 403.4818394196918 428.6505711226169 Oyster-Closed 0
513.7777769999957 639.0000000000067 512.4815972128272 583.9207462477419 604.9456200058194 581.7450429959083 606.2429277384945 636.8231373529019 Oyster-Closed 0
324.07235099999525 638.3720919999735 324.47802010006853 601.4187763959636 395.2784342774976 602.1954650543246 394.8733752081898 639.148179290619 Oyster-Closed 0
514.3352086962841 52.755916756727586 484.04400407875073 118.18494926389862 424.2489881871006 90.50210246227282 454.54022179612366 25.07318417436703 Oyster-Closed 0
251.62407711039123 8.793730684084636 299.2139136109472 127.51062499047661 123.51893145787471 197.93954426163072 75.9301188277459 79.22351943463242 Oyster-Closed 0
636.2174811078148 149.22481707926175 543.1574336539052 146.81082072991828 545.7416805824323 47.19841579208335 638.8010340000619 49.61240300000078 Oyster-Closed 0
429.688709184702 76.70077294880224 446.80719351992593 180.00814621122822 306.92615656837006 203.185724353513 289.8085138930037 99.87907210326259 Oyster-Closed 0
160.81971556021017 188.3113322178541 121.52220704621868 228.87607951481286 43.229350766778225 153.03029852561212 82.52663390150701 112.4657987313838 Oyster-Closed 0
251.2219591477333 126.97824839876708 313.62672776915133 129.5515820816748 310.3419561847113 209.20763511448934 247.93718821762013 206.63431412089793 Oyster-Closed 0
662.5662979030312 196.97208974029928 582.1491836474888 298.3666541828973 431.12762438286154 178.59172281647417 511.5440278874303 77.19854972699709 Oyster-Closed 0
163.19276718051697 201.36909450445668 152.63823668967234 252.6343360673691 48.590801999816904 231.21305689602903 59.1456549456052 179.94824446251943 Oyster-Closed 0
399.95751138609194 163.11776615191394 494.4629668336711 247.2705821329319 357.92181948439975 400.59884062068085 263.41808399680303 316.4478124659171 Oyster-Closed 0
182.26139626902295 0 204.19974494769122 37.63998155847976 126.38274244243803 69.40701251712254 104.44444499997189 15.666666000015361 Oyster-Closed 0
306.66831271970295 366.9991124605657 215.343550952457 416.2204864336103 146.25532033998752 288.04301486278166 237.57754547332297 238.8224719410692 Oyster-Closed 0
