255.84680022555403 387.9370363072486 159.98631159607612 426.3328976639553 109.24523174937349 299.6592011097189 205.10274125204887 261.2640119616557 Oyster-Closed 0
87.49630015045113 449.0655564828831 0 405.5549156518526 30.981327851040987 295.769442860162 133.90858151418797 339.2793916411125 Oyster-Open 0
629.7777771411347 1.9999766682378484 629.3049536526087 80.18534776907279 531.0389769120229 79.59095015866062 531.5119195421721 1.4056894614502053 Oyster-Closed 0
293.99497005695594 3.381742130045588 297.9505629684718 80.73416613326096 195.05706352661946 85.99570381589864 191.10160500000347 8.643410999973737 Oyster-Closed 0
459.99916900000244 637.6666659999712 459.13344015047187 597.9886292174962 550.6882164524723 595.9909916460676 551.5547594354575 635.6681969092941 Oyster-Closed 0
137.77777700001025 637.6666660000179 138.46652228734456 602.2363974567938 241.57673652669473 604.2392760226513 240.88884934819362 639.668708260017 Oyster-Closed 0
462.31099477059615 98.52910858064617 414.69407052172755 152.49472752899055 366.78462877149286 110.22171901507919 414.4014583990793 56.256230649634 Oyster-Closed 0
209.08105742571934 44.25406450676002 255.85448802317842 155.64453300208544 88.25608725092025 226.01772146603778 41.483835077815456 114.62824306234069 Oyster-Closed 0
478.38822465266276 172.00682540733766 482.0224094763398 84.80586317775769 641.8972521677642 91.46856543707773 638.2637825208076 178.6688033187306 Oyster-Closed 0
259.8777749778674 228.73720109129198 246.40830475720577 130.4866356353795 384.60786905750865 111.5406603545787 398.07805996664683 209.79034533663122 Oyster-Closed 0
196.43267456209287 161.55200561575387 252.6403517471772 151.07633707981745 266.6666660000192 226.33333399999813 210.45900359058578 236.80894524377067 Oyster-Closed 0
594.6096949856292 240.2885999140862 515.2176488177065 324.024315981591 378.0855571888969 194.00923832200274 457.47654672857607 110.274768835955 Oyster-Closed 0
124.99268523053615 231.53842202446853 106.14295701030642 281.8033842586871 6.149043955883826 244.305931411714 24.99897085399425 194.04144970528228 Oyster-Closed 0
293.1962911129085 415.3419390617497 206.9557791842817 328.72728046802473 361.9417881337722 174.42237279904072 448.1802618474467 261.034988687723 Oyster-Closed 0
144.65125522838207 301.5986355984445 137.14529031974962 343.1696129583687 39.01973227970302 325.45289813851645 46.526067626691656 283.88241411473587 Oyster-Closed 0
