432.7880939999159 421.4113373115588 376.6109547783708 384.74841699202454 461.5706579371181 254.58152035544742 517.7461823140038 291.24372799214774 Oyster-Closed 0
511.94688501986093 316.58521047819426 540.0852861608291 353.56284597613126 451.09766836649214 421.2710136171494 422.95988922160177 384.29394603263626 Oyster-Closed 0
465.0408857985167 418.12741701064203 431.0512284050492 486.76814849585134 304.08709310228005 423.9044409174362 338.07701968857145 355.2652415530266 Oyster-Closed 0
530.6365014585754 403.5016459485389 560.2934300636116 350.60129046318275 668.4628924338904 411.236007796648 638.8071216223034 464.1353651567144 Oyster-Closed 0
115.19547827134375 1.248420989110344 114.2196207321831 90.6003012458894 0 89.35171472646246 0.8888889999798266 0 Oyster-Closed 0
190.4197519999434 460.64814800001557 220.6451716828451 403.08828629415336 307.3619510374556 448.617466881667 277.1376307323226 506.17638652029547 Oyster-Closed 0
499.19766226834327 565.6592120688998 429.0128771325544 498.5130619477332 523.7635823289747 399.4931045807522 593.9465294727415 466.6376090647616 Oyster-Closed 0
634.7918551808107 498.1535096900576 628.4444449999864 558.3333340000332 525.0932641496911 547.4330296548906 531.4417392313044 487.25441294180143 Oyster-Closed 0
508.6077239102451 608.3653365380261 525.355105429262 539.0896073074938 614.5300621892966 560.6422155630747 597.784275743179 629.9165682708688 Oyster-Closed 0
268.5382341634977 107.31569599395928 254.78744288404414 33.977256854097405 396.7547299614671 7.358635097842025 410.50570100887853 80.69684836281853 Oyster-Closed 0
256.8888889999653 637.3333339999807 257.4178564920294 555.2863671483545 361.4159468113212 555.9564309802666 360.88887929712655 638.0015104941416 Oyster-Closed 0
431.55555500001356 637.6666659999776 432.7703322190064 595.8374897850462 513.2139485806692 598.1727561532055 511.99996645933425 640.001155659657 Oyster-Closed 0
40 639.6666660000074 39.64792707920424 607.9768204429533 129.42506950399547 606.9790839109719 129.77779484921484 638.6682695582992 Oyster-Closed 0
634.6667220933887 100.6666652483318 595.63622913367 101.18968574853045 594.74740311809 34.85635375323166 633.7777770000685 34.33333399999949 Oyster-Closed 0
418.3624964066257 62.457942975561174 476.45342677984445 51.778624432095064 490.42966337307007 127.80298892606928 432.3387417494814 138.48227786519988 Oyster-SemiOpen 0
639.5223984470795 0 639.6732318153954 21.69413428583351 569.3351823089324 22.182588919703722 569.184355000034 0.46296299997331336 Oyster-Closed 0
7.5555549999990035 69.33333399999897 50.43354929257475 67.04042873896333 57.100181620553485 191.70711036240763 14.222187881387072 194.00000187795962 Oyster-Closed 0
274.70356456702575 176.06687753276904 275.34463494484953 101.35224486870997 409.2724299997644 102.50112978719795 408.63188016788627 177.21525574180671 Oyster-Closed 0
577.5545701869851 114.88059497658584 647.0846841097955 134.92496382568532 629.64440023934 195.42092983076026 560.1143105467054 175.3766329056785 Oyster-Closed 0
69.1950010106666 215.32176751388556 76.52768450396252 127.33989645006929 211.97548088428448 138.6281110839605 204.64364142790146 226.60919579566144 Oyster-Closed 0
646.5991490476881 162.57793564020164 632.604080118399 285.213801621778 382.32438226637896 256.6491738613086 396.3215825099178 134.01553640246655 Oyster-Closed 0
191.14850857564306 186.62198493852102 267.6677475838369 122.00825104758367 366.2494822384906 238.75138751883694 289.7309826532728 303.36433123123675 Oyster-Closed 0
118.52143592717766 396.3771579275627 46.704874538918375 328.040688548088 180.02995171307703 187.93584145126712 251.8449976989359 256.2709629184945 Oyster-Closed 0
591.0998008130264 363.8875368911982 523.9186381805484 371.7247858938567 513.1184773806308 279.14518005413606 580.2981710000313 271.30801699999586 Oyster-Closed 0
634.667448782784 390.00001175926343 584.922337640237 389.2527215318058 586.8294579138455 262.35530578893537 636.5730488064582 263.1025846511513 Oyster-Closed 0
