477.6285692696547 316.5423894756292 620.296626813797 315.81363948206683 620.9734252367343 448.2978968010809 478.3053680563171 449.02663299814594 Oyster-Closed 0
419.9763363121019 366.9449762398693 449.0048731330171 402.26758051625956 367.8056972686318 468.98869619172956 338.7777769999957 433.6666659999746 Oyster-Closed 0
465.6973396432295 80.2506326717468 495.7210515623592 0 573.0357054409978 13.690392875135709 543.0121723673074 105.52666676829205 Oyster-Closed 0
191.10880560590886 0 277.3178599456878 37.03936508438434 228.08994215090934 113.05293395745431 141.8809647924354 57.22246308824353 Oyster-Closed 0
253.82367776706815 84.15176469522416 249.06771750545886 46.94908762802956 348.8848947103543 34.18851539182718 353.6409240086505 71.39110211859806 Oyster-Closed 0
631.2611465156078 556.8759781696041 613.9110896335478 630.397983400396 430.9711929785408 587.2333576290181 448.32324002120004 513.7143541976636 Oyster-Closed 0
582.6614417474048 111.610488 542.7112191205379 111.61048799999996 542.7113333902525 13.48314599999998 582.6613419999921 13.48314599999998 Oyster-Closed 0
317.6604348154797 78.16571654383552 334.5834569499857 146.75854962574186 202.54503841264523 179.3336287156053 185.62254000360554 110.74125281757425 Oyster-Closed 0
502.2333070473542 166.76756259519698 498.92164975091873 111.76980776042402 580.1409680377401 106.87928201931899 583.4528392813081 161.87679757406514 Oyster-Closed 0
379.69299756601686 168.66666244393602 357.99387159269827 172.6104109205804 351.01221792254364 134.19667552997362 372.7112500369549 130.25293583707838 Oyster-SemiOpen 0
615.2320814045379 161.78590187022508 629.816969320309 221.14554845266576 529.9928064931009 245.6712703316465 515.4084498333395 186.31207738717222 Oyster-Closed 0
195.7726230344997 243.50630045906885 193.81265076910495 177.63323899735747 318.5492104902369 173.9217788519497 320.50980084946787 239.79418205653639 Oyster-Closed 0
20.219584890219267 281.09865330103895 16.1318764470343 202.05453794523126 157.95319067357923 194.72029901327335 162.04183852249116 273.76340670362504 Oyster-Closed 0
297.2216951310111 334.90340349433234 293.03221911199216 207.48787686495248 552.8049465829099 198.94650213160247 556.9976403034525 326.35830177067584 Oyster-Closed 0
283.1875271489116 311.6099706387866 221.8498970498331 366.7661864092454 126.76074214999971 261.0255887416693 188.0973547531903 205.87017066321465 Oyster-Closed 0
