575.3344238729915 396.60611594624646 563.7811291026446 327.8809103033095 636.4444450000155 315.6666659999864 647.9982687572192 384.39120453187775 Oyster-Closed 0
569.2137488665321 480.7994710931288 413.1089133556816 457.111810110747 435.62780373475107 308.75195361175895 591.7257957945549 332.43908199562054 Oyster-Closed 0
259.0316776285181 495.6410781586663 192.31512476719217 434.06273031701966 310.2467831217655 306.30738993714067 376.961518780372 367.8842192230001 Oyster-Closed 0
341.63770642226154 370.16063105307376 378.1070865959191 412.07332965433574 289.7263969308551 488.9643471031362 253.2578438551718 447.052432996437 Oyster-Closed 0
311.07861325923295 471.07548435882853 288.3459325928561 542.3394182410815 149.13514990737895 497.937527251577 171.8688269883569 426.67547262803237 Oyster-Closed 0
654.8995536302391 471.23682277810315 637.4110738817399 602.4177259121303 318.98142495789216 559.9596150390407 336.4767163278884 428.7864353259612 Oyster-Closed 0
604.7949638211139 574.0934415611013 600.582467512213 647.1418744000139 390.77042562326824 635.0388977222498 394.98615618023905 561.99387511709 Oyster-Closed 0
212.80815483019978 615.7749431271249 223.97326374455588 560.2835488470993 331.16252305371745 581.8443474160213 319.9989561327675 637.3343920743331 Oyster-Closed 0
479.286337028243 40.36073224683952 484.60358513220854 72.25200579942572 404.24086202387116 85.65078018921244 398.9236820102815 53.7595670558924 Oyster-Open 0
638.222370255753 142.33333491962776 585.0719389601727 142.00140482750083 585.9609917948546 0 639.1111109999474 0 Oyster-Closed 0
101.97512793667556 145.30180673051584 79.46878925045894 59.18899999854963 230.37730664756964 19.747771356878523 252.8839134316513 105.86014713663809 Oyster-Closed 0
447.5859526084969 127.35550325956436 444.93559575406834 57.99591743866473 541.085277969396 54.32181557587317 543.735851148158 123.6811851436802 Oyster-Closed 0
77.57294419287064 216.40849880774778 77.93835748168931 135.72311936828416 225.17569267991348 136.38959712469662 224.81105893995846 217.07420253008985 Oyster-Closed 0
494.6928817270964 233.10460052731509 472.052220348196 142.54235857654527 588.810290146721 113.35329948616086 611.45140127177 203.91481478374652 Oyster-Closed 0
492.5347218671959 225.5889142166731 442.42163810064085 246.05847599856148 408.38709118361294 162.73777542012436 458.49957640690263 142.26835414833886 Oyster-Closed 0
349.89239254304266 1.4474939320800915 350.69593982829247 36.08866698726715 250.08911359065678 38.422323988710396 249.2855927401979 3.7811774921266466 Oyster-Closed 0
617.5660452948068 211.54903377270742 632.444445000001 262.66666600003214 572.3572085077467 280.1545912174483 557.4791434989311 229.03723944236827 Oyster-Closed 0
506.0037152273435 2.411034254128067 505.7777769999666 46.99999999997025 424.66291757751605 46.58893309492542 424.8888889999944 2.0000000000162235 Oyster-Closed 0
185.22556152165635 282.04004924614173 129.7871871676034 339.0834971695011 18.925916704538395 231.3460550524961 74.36349692783551 174.3034559685433 Oyster-Closed 0
204.93675652447564 327.7985976750751 202.94002032991557 183.2940595485043 497.38221479907224 179.2248117257282 499.3829552689567 323.7248907391737 Oyster-Closed 0
0 259.66666599999905 52.280501439090585 257.78282724178666 55.836016871908214 356.4495178027895 3.5555162909440696 358.3333353948002 Oyster-Closed 0
