637.7817904301628 478.9585086369449 545.950315899172 481.160428197098 543.2586990149139 368.86143632940303 635.0869436912035 366.659555346287 Oyster-Closed 0
225.37930847291136 456.49516416598556 234.9317122164939 376.1816149028617 337.11069700002554 388.3333340000292 327.5597374165227 468.6455339197081 Oyster-Closed 0
348.9399462352594 79.8184090693407 360.5372685282782 0 507.5639204645995 17.39936307132876 495.96686610508186 100.36911228847191 Oyster-Closed 0
318.4770978354936 616.4578392568238 319.3949401756254 368.70015858171627 565.5455223060562 369.61141039790857 564.63889786668 617.3580657237536 Oyster-Closed 0
198.63210391093162 448.1163853026401 261.82991379042505 512.4702164895901 137.5065269372135 634.5312450987577 74.31098377775925 570.1796707389577 Oyster-Closed 0
225.67438482692523 636.3135157659956 225.83872310977313 588.1262885257665 638.3819012121967 589.5206851414902 638.2221020917495 637.7031388297307 Oyster-Closed 0
592.4857672401413 83.39311868955389 608.0116842679126 208.96943158007468 398.9471389310347 234.81492658746643 383.4229410685657 109.24014452400421 Oyster-SemiOpen 0
426.667756741881 257.00000000000006 309.33255250660295 256.99999999999994 309.333943669335 89.66666600000002 426.66658675872895 89.66666600000005 Oyster-Closed 0
178.50567853223765 0.33815138413238127 178.32828273589257 51.43478837354824 79.69517685443861 51.092286730973164 79.87262159549573 0 Oyster-Closed 0
10.7015362882521 157.9821121684792 434.3908072113845 179.708407628851 422.1693021974352 418.03268749724236 0 396.3069541853928 Oyster-Closed 0
