446.31373113072186 413.05725857169955 452.43779436365 291.98373915542766 579.6488348890853 298.41762182186403 573.5268952034676 419.4891200651234 Oyster-Closed 0
628.8885119794577 411.66663900004585 595.0547815168102 413.6788642754997 589.721823883956 324.0122005962791 623.5547260000021 322.0000000000004 Oyster-Closed 0
0 538.3419573930383 0 345.01963400000955 289.5373302801454 379.6937756072696 266.3900061405002 573.0069077215094 Oyster-SemiOpen 0
384.5623958701617 434.74241148333135 370.39844390812505 492.5734997213587 291.6992491797282 473.300627008433 305.86373029051174 415.4703245100191 Oyster-Closed 0
441.7777770000248 631.3333340000218 430.08156229501765 508.75000832615405 630.8449043234577 489.59683124723705 642.5456813394703 612.1750380782167 Oyster-Closed 0
143.11111099996197 605.00000000003 158.38475671771448 490.89342609287496 429.830940452739 527.2138010634768 414.56451089383336 641.3140010448636 Oyster-Closed 0
17.079889927626937 619.3891296185874 29.68419346922019 547.3530343277849 143.0188454590825 567.1779609892234 130.41660609829705 639.2122309752291 Oyster-Closed 0
190.1723235958343 133.9554223078181 199.50460675070644 26.306768060595576 399.1499951409787 43.614110700306306 389.8184889595723 151.26203397304016 Oyster-Closed 0
632.2292050073156 183.3749646780576 472.7350971424312 176.95672008646935 479.9209836758382 0 639.4128215885576 4.834640491939556 Oyster-Closed 0
253.99902584358642 343.6004875865232 251.36482824666018 151.3136034600995 515.0954653035296 147.70026318854505 517.7342691719241 339.9823393866575 Oyster-Open 0
276.1001641453913 388.3280551697425 107.63379591837293 384.8791321461974 112.64292934029072 140.41083796520286 281.1010736408207 143.85967592034544 Oyster-Closed 0
