189.4779306993587 422.9337731053133 188.16664466707152 331.93936901111124 290.0592661616247 330.4710646063103 291.3718279553723 421.4641793208492 Oyster-Closed 0
0 583.0710105368092 0.6782433037733426 395.60925950264595 437.28817077229905 417.1255356512094 428.05778020527214 604.5731445053117 Oyster-SemiOpen 0
438.4367394902074 30.311589865516414 426.0569708199182 112.52102464505249 280.34666318832024 90.57846566097977 292.7266495999356 8.369295946312713 Oyster-Closed 0
380.8888889999798 627.6666659999638 384.3628629032901 568.5856376967845 531.9161218166846 577.2583317897139 528.444206403874 636.3373940051317 Oyster-Closed 0
589.0849878535664 154.6940110300214 430.3103713730525 151.14598890150683 433.67110192775726 0.785325328312799 592.444445000001 4.333333999999886 Oyster-Closed 0
205.33333548999508 0.33247112337030793 205.0156845897436 184.51889326293465 12.125502794369822 184.1849717526831 12.444445000000997 4.2937488199757475e-12 Oyster-Closed 0
629.3336325498967 224.66667609581924 582.174511213525 223.07193411850625 588.9219048721134 23.552913932046767 636.0803236876382 25.147645891429825 Oyster-Closed 0
265.91195739543764 55.944563746137696 185.83273160511453 248.13400628397574 110.89753422835201 216.91089024819337 190.97703946579713 24.722176592149 Oyster-Closed 0
468.7299592731142 228.12829900051497 366.7151923723577 264.6206785198491 324.88519964746956 147.68566187333028 426.8984580096003 111.19356801623064 Oyster-Closed 0
279.11111103261646 1.6666620367462779 278.735444558406 47.249651122161744 201.9698746150243 46.6169565557977 202.3455711378483 1.0339960595151136 Oyster-Closed 0
1.716905567300273 170.59179683712534 103.37467647172161 155.43294456772253 128.98438035932486 327.16947859529375 27.326671454284224 342.32808779919674 Oyster-Closed 0
397.0029781141784 413.36856502418925 395.08410561044 237.79209217456594 630.7756555738888 235.21653340524557 632.6994953765825 410.78767648045465 Oyster-Open 0
409.16099994661636 469.3172918160999 262.3963163539156 435.1313202725661 316.9174192063656 201.10917460429388 463.6736430000019 235.29411700000477 Oyster-Closed 0
