516.6655531268771 437.2772999066751 395.3797458502231 659.2202348359059 0 419.022835745736 77.1053281614877 197.097386394336 Oyster-SemiOpen 0
246.3454270719376 580.3280736840984 263.64725114290195 495.7740847349828 379.10123117879266 519.393492889162 361.80174171648105 603.9454356437338 Oyster-Closed 0
625.7777763925696 0.3332133303923702 626.3333953075926 110.68627707599646 476.90621624591586 111.43824213149094 476.35092859345605 1.085512624663981 Oyster-Closed 0
352.805757890892 638.9317050532138 353.2138098852738 486.9819972376999 635.9546214616421 487.7367448765446 635.5555262835696 639.677609785627 Oyster-Closed 0
223.61740912499954 29.957335545006 229.6806870852015 122.3446828191014 94.65920538961655 131.20549009725067 88.59634300002654 38.81856499996613 Oyster-Closed 0
398.95247174492397 169.90909627118324 398.3029794268077 61.04544667481086 562.2788498455338 60.067041171967986 562.9290961239167 168.92989370299364 Oyster-Closed 0
35.45950254025229 193.37685982295952 85.97016924613854 94.0444406369954 221.80610314571823 163.11611224892414 171.2966395841795 262.44750363993825 Oyster-Closed 0
640.152139116326 203.3055234458939 607.7024879170494 354.6832094128769 435.5778730707243 317.78540350802757 468.02937742409995 166.41016872987294 Oyster-SemiOpen 0
498.0416252195573 0.06760359671447087 498.67523737819283 57.93419364787673 352.6318623233965 59.53314783501291 351.998339999991 1.6666659999811348 Oyster-Closed 0
479.95501518169476 347.98378518053516 400.59137627664313 391.17184849055894 335.39188610338897 271.36603342551444 414.7534955494484 228.17865107254963 Oyster-Closed 0
