291.61534917941026 479.1648154151457 214.5655368424923 364.1843889119302 412.97123389376793 231.24340740344107 490.02031810217886 346.2202207861625 Oyster-Closed 0
524.693546260678 1.1110606836154722 524.6935957209644 77.56749671055327 428.47875384788495 77.56744027607807 428.47881249974307 1.1111244090338772 Oyster-Closed 0
171.3792728028784 498.58536227590116 127.32197282923153 362.31571080846845 239.72592541584163 325.9791916044796 283.7845190381631 462.2463683343802 Oyster-Closed 0
35.37961404494126 397.28723990884026 137.85763905783824 395.1358037953292 140.04382292601804 499.25426546996334 37.56579942077224 501.40566410231196 Oyster-Open 0
212.12003329703293 102.0684798471895 263.30838649526413 226.27970587774723 87.88359386875527 298.56921464080676 36.69727471678925 174.3596950704853 Oyster-Closed 0
635.5162076368288 143.64450208826418 642.3277394658362 234.45252202221153 494.2774016743351 245.55618431476913 487.4669103571796 154.74913701281992 Oyster-SemiOpen 0
260.37789639238326 289.04560061662136 256.7384419535665 185.022850174231 411.88492621469777 179.59462754894867 415.52574684115825 283.6159462123257 Oyster-Closed 0
407.2222231854539 0.9999528805544295 407.01632187119685 53.31064201031705 237.68290152169357 52.64394023091003 237.88888900002348 0.3333340000172579 Oyster-Closed 0
608.7169042749883 311.53153771489394 532.5599832489388 393.8906728642794 389.7581595005613 261.849066666052 465.9137230376655 179.49159878942078 Oyster-Closed 0
18.824393194154254 320.04912616756263 33.39319109691132 273.43455915494326 138.65412696985004 306.32993406103344 124.0860279995104 352.9439083078017 Oyster-Closed 0
