637.6551653456409 348.8385495326354 642.9015559872641 507.55616904968736 454.52318440809904 513.7766827330965 449.2816833574034 355.06374220004636 Oyster-SemiOpen 0
1.6692663942376385 344.6293834474531 119.20047303996398 345.31358429047066 117.97565130778821 555.684177089836 0.44444500003010035 555.0000000000001 Oyster-Closed 0
350.5775237281341 442.17209190954685 497.6667095906305 366.69683235610603 632.8469978598878 630.0967303710936 485.76103279483505 705.5675130415195 Oyster-Closed 0
144.30908157817612 656.1245930136411 30.69980924781703 618.358368854832 91.58930738201889 435.24988426742624 205.19045976936468 473.01464541833985 Oyster-Closed 0
447.22787032114866 636.9969187851148 363.7794229685096 682.5264651647446 267.2316193288134 505.6076793096472 350.6746023258165 460.0799409529453 Oyster-Closed 0
207.22121883598447 513.6663665431216 291.89144018855586 538.9161771225881 255.00325333581713 662.5824361810876 170.33333400002448 637.333334000003 Oyster-Closed 0
0 212.00000000001526 0 45.739725073935986 228.5585398213152 0 262.2946189560753 158.77788800994804 Oyster-Closed 0
407.97834709548624 285.95153107843663 364.8039867951593 177.21602059190857 613.8738116694731 78.32270585964567 657.0488972287421 187.0559897635826 Oyster-Closed 0
138.09072423122416 348.6526988123888 211.23824539172347 90.9306553509716 460.752405563544 161.74626563644432 387.61209193129616 419.46228990116833 Oyster-SemiOpen 0
415.99999999998545 330.99999999997044 420.4336783065082 221.7171615301571 612.4002268703043 229.50372313913536 607.9687898311386 338.7845001107764 Oyster-Closed 0
