0 404.73407177977515 3.6256869976205053 287.3014608396607 156.49480698230036 320.68583646284435 130.84951797442045 438.11600531403235 Oyster-Closed 0
513.132654528963 334.5599000611845 539.0983290139411 427.7519739521291 328.8178124029946 486.32868060951836 302.8557221551455 393.13964291147124 Oyster-Closed 0
258.30767401152116 1.515712712870745 257.59387556921865 99.57418496170307 44.335274722689064 98.02117104878691 45.049482971880934 0 Oyster-Closed 0
615.285154948433 446.3996768026783 632.6965944375843 479.4202054629957 509.2950123110495 544.4750721116252 491.8845545654767 511.4553845483622 Oyster-Closed 0
341.62428424191603 597.2788987019705 332.6523546729004 499.7286259671236 576.7149718260043 477.28435401841455 585.6911784928525 574.8296187754624 Oyster-Closed 0
232.52319500003068 640.0000000000005 232.52650151851412 589.3094738496632 413.8504921747517 589.3183838158845 413.84928784158546 640.0068192083842 Oyster-Closed 0
0 129.203052 81.526517 129.203052 81.526517 239.870246 0 239.870246 Oyster-Closed 0
430.1207031359081 249.12713748069217 296.8478067185788 302.30503099182704 232.52153659181204 141.09485620622814 365.79156853753375 87.91760152223816 Oyster-Closed 0
287.57709117766353 254.76508565132514 206.92764166095003 321.9035585312472 76.11031935884967 164.76441997118422 156.75832543776778 97.6269200517565 Oyster-Closed 0
555.2706752494123 196.53440761125233 582.8791419292975 268.3112587689924 456.7413515026419 316.82564412354907 429.133976467856 245.04971745982732 Oyster-Closed 0
638.6968893825542 222.88754262584715 704.7062800768617 279.23901749064487 591.8794089117728 411.391929500222 525.8710325665015 355.0415823423559 Oyster-Closed 0
272.6714600328705 388.7857883849205 254.45620280719595 275.0639635734216 492.75315038263216 236.8958040927938 510.97098152778926 350.6144536408706 Oyster-Closed 0
