533.7404582645831 461.9248569572182 428.13277689121605 514.9295867983813 354.2477990614134 367.7351481003873 459.85116328629374 314.7317030745951 Oyster-Closed 0
147.2797625370731 411.6165587605037 303.76629925151065 299.21016052825854 420.4055574094673 461.57102006918075 263.922106598111 573.9737315640322 Oyster-Closed 0
19.880614319481538 454.4805294604341 105.39384189316479 396.00356641468517 195.18248228130687 527.2842168995975 109.67066669334599 585.7594684929388 Oyster-Closed 0
186.92767483305943 630.3945389741396 170.55787211022107 512.7744822081743 390.2691139680246 482.20146810417214 406.64338948095974 599.8159872588559 Oyster-Closed 0
106.32393254418275 640.0179624252536 105.81677511552698 561.9062509587279 195.4405835508078 561.3242213269989 195.94929288163257 639.4343846683234 Oyster-SemiOpen 0
389.3432342287997 639.7954043271501 387.7205712126306 576.109277407813 528.3220264939155 572.5270894612569 529.9466538728302 636.2111644945384 Oyster-Closed 0
467.01678473058564 125.60618628640425 446.14814957458293 5.955204246273866 622.6025509927422 0 643.4715075989516 94.82985197372716 Oyster-Closed 0
81.95511331774469 208.54400790109042 98.37840899846924 83.80637851849572 225.19998871546704 100.50389769553522 208.7777233520319 225.2405708785126 Oyster-Closed 0
0 138.341085 85.405685 138.341085 85.405685 237.565891 0 237.565891 Oyster-Closed 0
638.3559379992221 181.27054894523425 638.3564814153942 292.14618300151733 573.6456398411974 292.1459678647878 573.6457218164287 181.2709449651858 Oyster-Closed 0
202.5232463076827 196.5625687842907 302.4450855721079 167.6010541121711 336.34777580868104 284.5666883481299 236.42607152432902 313.52788911397937 Oyster-Closed 0
201.47256071912125 183.90648877338515 247.42568596113415 304.2498246684932 76.77218677381461 369.4072250190262 30.82173364877235 249.06615707228627 Oyster-Closed 0
653.2343651948031 309.10661644787314 612.1637683826702 387.48769163593136 481.6969263736246 319.1283250646661 522.767721898781 240.74853989071056 Oyster-Closed 0
