193.8583205985924 338.1487868772268 223.64624742345768 386.07705172152464 136.45411176825291 440.26088839043183 106.66699800007336 392.3333339999891 Oyster-Closed 0
492.3206303227198 329.46009070518517 494.86442497815005 446.91564839645247 290.465370920283 451.33741748431703 287.92513797423453 333.8854112821628 Oyster-Closed 0
639.9999996344559 0 640.7199565415794 83.8634347453557 505.8591086239903 85.02095754113807 505.1393319790077 1.157641018354619 Oyster-Closed 0
640.0037114143197 538.9999999999999 470.66371205575706 539 470.66809402960644 389.666666 639.9995753211988 389.666666 Oyster-Closed 0
214.60172055049043 432.5320495256592 201.87440816516755 524.17322873669 5.65828905266244 496.92215724897375 18.38820274162572 405.28413737374774 Oyster-Closed 0
233.58134031062946 491.2178096568308 355.78458906798915 403.86409152200997 435.7592042813485 515.7261238432567 313.5578195076232 603.0776027421817 Oyster-Closed 0
602.0304296437098 521.4084288483713 618.36983930305 614.8893216705543 279.3537089128222 674.1133042222508 263.0223546562047 580.6395156133067 Oyster-Closed 0
179.49382871091075 140.74990738770768 128.7540736358642 37.6802413777614 362.4659827094729 0 413.20560593630944 25.696345123407216 Oyster-Closed 0
586.4813849840721 204.3786826083262 336.4892361443344 193.7125555079858 342.132489537762 61.49818225222664 592.1210506234638 72.16422791505647 Oyster-Closed 0
115.98794973680924 94.5427273621925 118.23658225504914 197.5815639554868 0 200.1610740000061 0 97.12288267241075 Oyster-Closed 0
313.7924725939956 230.17118443861588 205.65135786906467 330.960992611155 74.93970736941264 190.71838725374147 183.0792575274245 89.92991198466818 Oyster-Closed 0
643.9814990625018 390.7491541669407 480.38526692231244 397.00422051672706 472.9368401967804 202.13414757708813 636.5264130374271 195.8792040872022 Oyster-SemiOpen 0
1.1420386360987322 204.8394378393732 161.7438341939851 206.24813573609887 160.08763555764745 395.0560843858317 0 393.6474161853271 Oyster-Closed 0
374.6223525384994 242.7239641268737 393.8315618623892 348.49360984693635 177.3498854596255 387.8025300067678 158.14377394453913 282.0356250243949 Oyster-SemiOpen 0
392.2320012090495 319.03695597522466 427.12133641922264 257.9878491781619 542.7574166538398 324.06876948999815 507.86921757688106 385.1168937107821 Oyster-Closed 0
