415.9906977330684 328.91521825576956 504.96149875551055 205.55831404474378 642.4464695599454 304.7131923050629 553.4784353847499 428.06759561829557 Oyster-Closed 0
91.05600942348246 427.99945981926834 172.61438156121585 223.039627782028 422.7094256077544 322.55038105780756 341.1602881455474 527.5023152230068 Oyster-Closed 0
0 305.825503 185.986577 305.825503 185.986577 608.214765 0 608.214765 Oyster-Closed 0
140.55555500031915 535.0000000000127 185.1942691498698 430.32709943811994 407.2194542475336 524.9916028726111 362.58659520433866 629.6595407836827 Oyster-Closed 0
359.83327145637304 637.640679296168 361.26078109053196 469.671844233349 641.4177236682735 472.0494239213181 639.9999276876042 640.0085695253692 Oyster-Closed 0
138.33333399998082 640.0000000000016 138.27185081179778 594.8457499274334 368.9361380390619 594.5265910327417 369.00001668436744 639.6784541108541 Oyster-Closed 0
442.99762216964155 172.57820508213945 329.326416439726 117.77632276483081 412.1403599605401 0 525.8102430000145 0.8060450000132291 Oyster-Closed 0
558.3053809194826 0 714.1766863773955 42.79460421919566 569.3696133214689 301.3321022513678 413.49922255714773 214.03126849905237 Oyster-Closed 0
189.42196083466115 28.348568416662747 300.81185248294787 83.65361012845435 161.86628725627088 363.4950935066883 50.477079495613 308.19133901034985 Oyster-Closed 0
2.6666416291118367 128.9999995256449 64.48912922394811 130.20331397076586 61.82248734221503 267.20330189336835 0 266.0000000000004 Oyster-Closed 0
