613.2231627733563 425.1688599187722 515.6987740527256 473.0714245766849 444.25392833356455 327.6296708631843 541.7747675356077 279.7281250867096 Oyster-Closed 0
343.0050966451381 507.23479228877807 279.05487295793137 367.29638096015196 433.45390087284613 296.74657496868883 497.40505820002 436.68141225459556 Oyster-Closed 0
279.12684721413825 0 279.42618452165334 83.75803058342889 169.6234995337727 84.15011434209582 169.32431075438217 0.3575816696342441 Oyster-Closed 0
0 0 135.302014 0 135.302014 88.360498 0 88.360498 Oyster-Closed 0
347.6296589577396 446.8728518993638 331.2002664134343 545.680817740632 8.870373547979398 492.0813189628235 25.30423827825871 393.27878360734917 Oyster-Closed 0
489.06347332558653 597.5912732684718 380.2956415191875 578.5871514516791 401.4267460629344 457.6862130027868 510.189413845801 476.68987114300285 Oyster-Closed 0
606.397448081625 486.2955183854988 613.2338798818091 574.3363283383002 455.00462742507807 586.616349304404 448.1711742312473 498.57832753120397 Oyster-Closed 0
0 567.8630368510845 5.193296444995212 483.9193197657869 159.12656839631381 502.67119431631977 148.9008629132877 586.6123207770398 Oyster-Closed 0
343.7462216907443 479.26415764363435 430.9548047817225 581.7075984332436 319.36787527309207 676.6730473671947 232.16275252569176 574.2328562643069 Oyster-SemiOpen 0
385.25931118674634 136.4765212424266 378.91161841194844 23.0507195718503 637.7387945992814 8.565369922525626 644.0872202567698 121.99038384579544 Oyster-Closed 0
286.4293119939248 69.46114846422822 336.15368393620884 200.21379566961417 207.7438670695119 249.04506685037842 158.0207103788416 118.29343002570396 Oyster-Closed 0
451.56434101983905 156.41190361413052 401.14194168352697 228.56054206402376 278.1126294049318 142.58015716690156 328.53479696692375 70.43219302109443 Oyster-Closed 0
171.9350338831282 96.4299815177862 237.86710844928166 140.7944813079041 149.9094285764295 271.50883874753254 83.97775965619076 227.14482101667085 Oyster-Closed 0
635.4710774050181 241.50807296273368 593.6005118051253 239.37354963475724 598.1684483160643 149.77768592268097 640.0384608947206 151.9121949994739 Oyster-Closed 0
422.16955083327775 268.89407582831393 340.48139860613446 325.34969087343075 257.93189584110223 205.9091748210182 339.6185118048743 149.45430792297876 Oyster-Closed 0
504.0986608322419 149.9408351707193 574.0721876941097 200.521948205261 463.2884367810766 353.7715926328949 393.31569506655796 303.19138820205643 Oyster-Closed 0
640.0008633523976 393 585.011590051945 393 585.0126627384452 237.387388 639.9999494176882 237.387388 Oyster-Closed 0
