270.22222300001886 0 270.22228478992474 68.33333537009867 133.3332834579778 68.33328619154807 133.3333343904087 0.000027724847911177683 Oyster-Closed 0
637.293298583827 436.17057750041977 565.1795573443087 486.970150235819 493.2257799999934 384.8374059999844 565.3376338826638 334.0387671980088 Oyster-Closed 0
398.4909550801967 35.13891147287499 393.02160017294227 84.566563716704 253.18281240484794 69.09262643751477 258.6522854837676 19.665074729978297 Oyster-Closed 0
108.42170057745534 413.1661904411525 156.97141037526308 487.558882749982 78.03175435888988 539.0661432729144 29.483468143007485 464.67470279863767 Oyster-Closed 0
273.5514041670831 481.5953774293521 317.73522516930825 446.63678793071847 386.74365456739906 533.8401675552653 342.56049091265595 568.7980215352295 Oyster-SemiOpen 0
517.5961414595804 6.4923945600255015 632.2947762456897 0 645.5425376038329 95.73888565894458 530.8439113433269 110.36705372422632 Oyster-Closed 0
557.3350499469962 565.0002361291185 462.5262912254402 551.9536981601503 476.75053096347256 448.620391234929 571.5555550000136 461.6666660000016 Oyster-Closed 0
93.50861622086086 546.9524788837555 2.5748037215089425 600.1303422852312 0 508.51634076957254 39.920468000054825 455.33961799998747 Oyster-Closed 0
640.0016999115905 603.3333298138426 575.0509800962755 603.4932757317691 574.7118222009885 465.0833449512121 639.659049716065 464.9234032682012 Oyster-Closed 0
363.74487544868316 634.6357353173933 367.7825124160154 543.2050441893527 579.6941450199665 552.5588795768053 575.6609735518578 643.9852113333504 Oyster-Closed 0
0 639.666666000018 0.0013373936963034794 588.3316932581782 87.11122162610991 588.3335438136621 87.11090346441779 639.6675009307623 Oyster-Closed 0
418.9381593708822 59.38000192607098 414.37577023520134 161.58523675779844 253.32739944424247 154.39538019924547 257.8904019483889 52.190819104300054 Oyster-Closed 0
117.53310052547022 147.65405628049427 138.41158488328801 81.64191073817264 349.56997487439367 148.4259422549531 328.69242342130747 214.43730404401063 Oyster-Closed 0
9.516091264595161 180.93455142630856 23.791155426661135 123.83654662093414 90.61455712275347 140.54277460883966 76.33976888137113 197.64053885315195 Oyster-Closed 0
216.46459607225552 171.02728090833736 199.32583555113524 257.674265588823 75.84515003181878 233.24959314267045 92.98452093331434 146.60340850391464 Oyster-Closed 0
423.7351361333276 270.1415198733903 400.737927378068 190.95997503020067 490.12364800000796 165.00000000002353 513.1212082866114 244.1809398885262 Oyster-Closed 0
493.45822499999485 274.16666599997905 474.64599532941065 204.6652320200169 630.7715154484322 162.40689590274795 649.584329294521 231.90745063116617 Oyster-Closed 0
202.7057241764851 274.6651520191745 197.5730512785958 212.6042353516219 371.9156724495406 198.18499391545748 377.0492145060416 260.2449799437454 Oyster-Closed 0
211.52394056683988 264.23519187711435 212.70799049649213 350.97190878430774 105.30854367330903 352.4369535095048 104.12558224379609 265.7013575801474 Oyster-Closed 0
373.9941560614534 252.61249121276907 385.68269754905486 336.1886120156566 213.06334497217904 360.3257119368606 201.3766133232275 276.7511638163335 Oyster-Closed 0
