20.79521783714881 418.9492078247591 7.749952666199533 277.80557351016364 270.67282928888744 253.5041299967335 283.72223541482526 394.6432766220031 Oyster-Closed 0
256.416227050795 424.5624861916399 231.46343672997318 386.64053614197877 386.97219275607495 284.3243398203647 411.9248141692515 322.2453586639042 Oyster-Closed 0
376.5385127680929 427.68166014759805 359.47750136743707 363.5762912487152 494.7697504720418 327.57261949537616 511.83156716506346 391.67674269399123 Oyster-Closed 0
201.81953023820824 96.6859047788295 172.22221461241134 22.143442123325414 398.361430091536 0 427.9587248965254 6.896245119591526 Oyster-Closed 0
163.71640842167835 410.52472549543836 191.33039190477575 510.82954607257926 4.901644198180293 562.1398377411585 0 461.83854200523996 Oyster-Open 0
438.8755724627845 372.9963092653643 474.5900220479234 555.4711288084188 136.42439521558117 621.6284475300859 100.72344550724665 439.16564092053244 Oyster-Closed 0
530.7777769999666 639.9999999999645 530.7830284108786 510.3301466729127 640.0022334802634 510.3343111038145 639.9999999798456 640.0012170331224 Oyster-Closed 0
591.4768326935155 223.84216176805924 419.5273490461841 256.13276721765084 374.0886471806152 14.162603000765756 546.0342831482558 0 Oyster-Closed 0
400.4687536990241 166.24331135207632 267.02424424853234 130.65852935857993 280.5127621452266 80.0776433641279 413.956667519451 115.66234116195182 Oyster-Closed 0
3.492829247843474 6.4483625471946855 109.43752691207919 7.869674428075793 105.9446978453343 268.22229967342435 0 266.8010080000001 Oyster-SemiOpen 0
440.22874701018736 196.43755428586928 381.69731642949046 288.5530754319954 187.17556179559324 164.95261162777805 245.7068618570338 72.83844336611126 Oyster-Closed 0
50.79241512059525 258.68857744407444 101.38203405265813 79.27269297167362 326.4401985443692 142.7309358241153 275.85435484150366 322.14348624721873 Oyster-Closed 0
482.91545587017026 253.1954653966375 491.5598446947115 329.2545495187338 384.7545114917739 341.3915076438039 376.11111099999107 265.3333340000198 Oyster-Closed 0
