244.7064565191249 285.1883253069422 310.2285883004515 401.0407209756788 123.77911673858762 506.47286453599486 58.26109832050861 390.6240086503832 Oyster-Closed 0
639.562885377818 561.0000000000001 399.99337688757805 561 400.0024063003366 288.33333400000004 639.5518223421095 288.333334 Oyster-Closed 0
494.98181607574224 589.4951807744958 315.1462288543553 656.5118694881683 205.51127617654856 362.343683962448 385.3305455561349 295.3301841861513 Oyster-Closed 0
532.44444499971 0 532.4447078431695 100.33330840540287 199.99965922848787 100.3329031142585 200 0 Oyster-Closed 0
0 506.43587078893574 3.0483067774912342 442.08281994680027 311.9809212889231 503.5630342753959 299.174677745541 567.9123151893307 Oyster-Closed 0
35.52967094183259 635.2848068711974 37.069073163802386 533.0569771623249 369.2490059785632 538.0489040207665 367.71716960982303 640.2693408579773 Oyster-Closed 0
650.7857855306793 601.277786726197 630.6225164885836 670.2025364011364 454.5926091554429 618.7155114658001 474.75758322114416 549.7935286445486 Oyster-Closed 0
213.96176637208555 0 243.07379213350941 92.20154501945926 121.60155851699528 129.78181260105754 92.48985944177548 35.68320708928924 Oyster-Closed 0
0 0 85.33333400000001 0 85.33333400000001 133.666666 0 133.666666 Oyster-Closed 0
638.2223487280135 159.00000219610237 589.8331512143341 158.15478384679815 591.3445217716071 71.63872502440435 639.7334016386594 72.48394083929333 Oyster-Closed 0
147.5893190519855 137.14961103570187 191.27601725391287 0 501.06331761882757 93.27825344689685 457.3789735828177 233.59514309089647 Oyster-SemiOpen 0
0 160.78335280538496 191.56202786551148 160.28189543635807 191.99568595075107 325.94150210307805 0.4295241068030009 326.4429520180438 Oyster-Closed 0
518.0175389822398 189.6986673196976 522.9208556976664 321.4516778094816 211.63606000962318 333.0290360311557 206.736808097412 201.279861492805 Oyster-Closed 0
436.44444500001555 306.3333340000106 463.50245101777546 207.03160896301102 666.6098320810852 262.37135534036764 639.5544188324129 361.6708359642157 Oyster-Closed 0
