0 360.333334 68.444445 360.333334 68.444445 455 0 455 Oyster-Closed 0
103.03788409219123 495.7128211002226 88.46900196331262 364.5757487971432 258.9769764822995 345.6348393229836 273.54889951922814 476.768374574909 Oyster-Closed 0
562.9275396426965 405.2637365577808 556.5791863944469 499.36066836257504 239.21992646210128 477.9420218507828 245.5728106607421 383.8499665492335 Oyster-Closed 0
54.90251690142031 534.290434288029 23.54477481858339 546.407127014612 0 478.3140416762868 28.585726488163345 466.1975137090427 Oyster-SemiOpen 0
634.9882677446294 466.4687480759125 660.2530081768782 515.0280901558411 519.4969891470828 588.2436946784301 494.2340003235586 539.6858494939611 Oyster-Closed 0
135.65025605617848 551.0240079804448 182.44756773616245 441.39141884734033 344.38273778767325 510.50044314313254 297.5899294543342 620.1292034550331 Oyster-Closed 0
338.53603949566605 667.3365959547949 292.2662515858974 574.8120352333378 476.90958918588876 482.4971110451735 523.180073774929 575.0175877073364 Oyster-Closed 0
5.792386654720758 637.7802101144808 6.670483017223887 533.349741355872 272.7645471459982 535.5832098619459 271.89255448407494 640.0074881566075 Oyster-Closed 0
107.79435602846206 167.86741460495958 94.98144550721918 11.81088067157207 398.15097686398076 0 410.9651189835131 142.9739189067896 Oyster-Closed 0
638.4247753255477 12.025695480965128 677.2162064562144 170.46972775514178 439.85465127065254 228.5794758715969 401.06518402171787 70.13709387833975 Oyster-Closed 0
0 12.2077 78.596491 12.2077 78.596491 213.86082600000003 0 213.86082600000003 Oyster-Closed 0
147.78839971892012 260.93433731383783 140.06027544979588 140.69564028783947 370.2345763345511 125.90141853174873 377.9645538771001 246.13796643369088 Oyster-Closed 0
353.39117815106874 117.93503807436588 480.4532999279036 150.9906766974537 439.1185238584876 309.8717896452099 312.0565944475675 276.8165857133759 Oyster-Closed 0
659.8311311018915 440.37017366586497 517.0695631552371 466.89254181472364 461.28783166052017 166.63884137767337 604.0410208769754 140.11719957904793 Oyster-Closed 0
510.01916601264384 341.1754159815255 475.5998226765223 428.09179691592124 192.2634899775585 315.89173206546707 226.68417108907306 228.97843873327594 Oyster-Closed 0
