447.1819289292762 423.6345727590548 342.3377448969404 498.2633332163301 208.02528913562128 309.5867772079489 312.86459238734096 234.96050875596632 Oyster-Closed 0
79.36065833462635 453.4550544412022 7.011144179778057 366.29470411918476 112.53975234620157 278.7081232199308 184.88831988674065 365.86684256775135 Oyster-Open 0
425.0278149969381 460.3248205441146 466.55340216071636 349.6134227280325 663.3753008514032 423.4268857167506 621.8542174372851 534.1344710050741 Oyster-Closed 0
73.90066277010192 495.827304557632 115.3672970867774 382.37276198773975 277.6101304590702 441.6617227561022 236.1475004242675 555.1128828815098 Oyster-SemiOpen 0
318.665836999935 0 318.66604230352095 112.33339829349998 179.9990886933665 112.33327903313722 179.99920049209322 0.000025708202409913698 Oyster-Closed 0
602.8410821083526 639.8266382703098 490.79459038555797 640.1848216782555 490.31835641988437 490.0215350865801 602.3580239537841 489.6633623251839 Oyster-Closed 0
266.89011316542746 622.0568236993277 256.3060922941804 566.3234810403843 427.76662980002584 533.7686505117425 438.35222646666807 589.4998689939997 Oyster-Closed 0
276.2233475288667 578.3854820920109 258.7340423878777 656.0822098464096 61.075900114665274 611.5962637028069 78.56762015799177 533.903054113862 Oyster-Closed 0
547.2133645076246 632.436653342652 458.79938470650814 670.1871535759711 419.4863190877368 578.1344344209493 507.89685850104433 540.3847663757974 Oyster-Closed 0
298.2222229999752 639.6666659999878 298.22427569793945 596.1818078456774 429.3340768879716 596.1865298684952 429.3333339427045 639.6700852029392 Oyster-Closed 0
0 639.6666660000179 0.0023870019504101947 597.6618716420643 157.18599492487556 597.6684607286915 157.18512933468446 639.6717452093112 Oyster-Closed 0
579.9053408467444 15.670784095127146 572.5608217420086 125.35358264341366 354.00336248589156 110.71784992105363 361.3483980651654 1.0355763637861588 Oyster-Closed 0
231.55712392785063 135.67290934641952 245.24645925033838 48.62665588536076 383.2240140176873 70.32550778536472 369.53520458024286 157.37128076343504 Oyster-SemiOpen 0
336.1662331795378 212.00011571543402 336.16697567747906 113.66629750292785 529.0553728266968 113.66708349543002 529.0557690683636 211.9998050807353 Oyster-Closed 0
244.90051521534042 236.72926021765943 207.82007479014283 228.99387174254912 228.62710967710882 129.25713950424816 265.7070305642992 136.9924706146905 Oyster-Closed 0
