362.48493718238024 352.2561581647476 423.8663275190629 201.18809178841232 671.4772424881085 301.78933100155115 610.1017114459682 452.85240191122637 Oyster-Closed 0
318.51625067720306 297.38651223814935 333.416427059783 440.0147298131705 57.45843263728602 468.8321982114578 42.564367591112386 326.20959010109374 Oyster-Closed 0
299.2958708596416 494.1523540408985 284.414053190485 406.50960994592185 453.19613564373867 377.85281161528195 468.07987356536614 465.4931662597796 Oyster-Closed 0
341.5649997856235 528.6179591169567 324.12597924449074 413.8869025601116 556.1139622857445 378.6284321673705 573.5567266836733 493.35481220591026 Oyster-Closed 0
555.555555 395.6666660000001 639.555555 395.6666660000001 639.555555 635.666666 555.555555 635.666666 Oyster-Closed 0
405.8793166772375 509.467682346217 407.6669103257882 586.1852076144422 121.53028354710841 592.8407364294121 119.74729340683552 516.1277520205441 Oyster-Open 0
116.44222728216846 515.6634389291627 176.0411621374078 602.3860697107755 39.05576342687709 696.4978135290913 0 609.7783896642902 Oyster-Closed 0
200 639.6666660000194 199.14309779342148 550.6511993148997 361.17315773211885 549.0902100088998 362.0332272361702 638.1025080025923 Oyster-Closed 0
446.2216593248013 0 446.22244614096417 160.99999615521773 71.11014502879698 160.99892970582982 71.11112906401104 0.0000318840287825109 Oyster-Closed 0
0 90.252797 50.82774 90.252797 50.82774 239.729306 0 239.729306 Oyster-Closed 0
640.0033142224129 301.6845095454881 406.95368258922826 305.44332481902154 402.95071636770444 57.10323884175764 635.9943962758553 53.34446210462823 Oyster-Closed 0
89.77699909009971 151.6662230431139 173.6941944793216 199.45012289015853 100.80562976880174 327.44993938969105 16.888889000038034 279.6666660000128 Oyster-Closed 0
