244.7762271186366 287.1928463778074 307.11047666518425 244.7081489275463 438.7357329390943 437.8144737498044 376.40260028245393 480.2978135821757 Oyster-Closed 0
238.09721044031903 325.2110591857382 245.86799312470248 408.069069828078 13.489247361649177 429.8552821164251 5.721391999977641 346.9999999999977 Oyster-Closed 0
248.5344135818741 406.0547264310105 238.09641193402058 506.83492161554256 0 481.7759631828786 6.611111000020173 381.0000000000111 Oyster-Closed 0
422.97635070404795 565.8395042336418 412.394080813101 506.5860587723264 519.2174787280237 487.51165791886854 529.8007222061278 546.763830013179 Oyster-Closed 0
137.73360859137028 519.7626089261223 211.2549285100249 451.976133988838 315.0173943761183 564.4947678739784 241.49809613678372 632.279147910309 Oyster-Closed 0
314.45245957431325 622.0138478557636 292.19418063759804 550.2484502709522 406.7308564456471 514.7326436731861 428.9901358207135 586.4962098993444 Oyster-Closed 0
497.7945490000275 639.6226419999757 496.5418403552758 519.6977107328614 636.1593290000019 518.2389939999786 637.4156118575047 638.1603602155742 Oyster-Closed 0
517.2763442769792 547.6555324565577 528.4071383353876 634.1488693268745 268.9840349217411 667.5112464566013 257.85879743452824 581.0227065378402 Oyster-Closed 0
364.44444500004465 81.66666599996738 381.2183183152956 45.68010825007658 538.5509317516699 119.01461515147608 521.7773457445583 155.00092522128165 Oyster-SemiOpen 0
0 94.76418275032358 97.58911082913983 0 276.029617279346 206.97019728062716 159.0467286403873 305.8562871996422 Oyster-Closed 0
350.2924889265705 389.41593898666156 254.88100969982042 214.65711852444855 494.4347321658279 83.87595615280517 589.8464437103394 258.6304657204904 Oyster-Closed 0
6.013215031707659 350.96898851447565 0 289.2912795164035 122.65237134117342 269.004764357181 132.54250868572854 330.6815375941077 Oyster-Closed 0
