266.9329669794388 314.5597147836212 305.481561718334 290.2913080687451 391.697012483055 427.22505331442557 353.1488351186272 451.4929097410166 Oyster-SemiOpen 0
100.51059892444755 416.58851422249904 93.60708335800155 360.436696165954 261.61062957689865 339.7822922987642 268.515288871713 395.93279991464584 Oyster-Closed 0
608.8326863864495 342.9391321439322 621.8054489666247 409.8954063080291 468.3385767941945 439.62347134158244 455.36754478867806 372.6687072627292 Oyster-Closed 0
273.7113525242603 388.71143099513114 271.04603172425414 461.4306246348943 80.02712790512305 454.42678275191844 82.6945491029619 381.70983057793615 Oyster-Closed 0
0 397 99.555555 397 99.555555 499.666666 0 499.666666 Oyster-Open 0
596 12.666666 639.555555 12.666666 639.555555 80.33333400000001 596 80.33333400000001 Oyster-Closed 0
457.0301614981872 459.0957145964437 450.5357679264853 502.3885112944455 378.0498724858626 491.5159033153597 384.54472402598185 448.2236630431787 Oyster-Closed 0
637.3329249731614 453.66319087223656 642.0452384330565 493.69902181220414 506.044575441847 509.701528556726 501.3333340000099 469.6666660000315 Oyster-SemiOpen 0
203.7890888855327 467.54571484508153 255.93658229561697 427.82188281423913 319.1698582677782 510.8178156915005 267.02303304533416 550.540890713243 Oyster-Closed 0
321.091712252819 525.2676440183914 315.5080523202196 478.121536909903 381.6393245816289 470.29072175564977 387.223484572969 517.4362468339809 Oyster-Closed 0
16.407220082255662 596.487213316473 0 508.00734883853914 195.08173574482498 441.4407854614908 223.52549843053566 529.9169834344318 Oyster-Closed 0
623.542661094616 463.31219599160784 658.4332957230072 506.2439856010807 540.6670304866566 601.93050225503 505.77777700003935 559.0000000000038 Oyster-Closed 0
347.7806073187094 418.30506935781193 482.0492152139923 476.3122211719368 395.26258222838806 677.1516878713142 260.99542268464575 619.1470992179832 Oyster-Closed 0
249.97814352129353 583.4917603727994 208.43569811768248 657.9657139288886 90.64706565535744 592.2766505962269 132.18960483631236 517.8048991019533 Oyster-Closed 0
381.88630837437813 112.80973292409675 444.6940548525163 6.471069754265932 569.3597849034268 80.10327191988634 506.5526947277249 186.44135467871388 Oyster-Closed 0
379.28802615402674 1.2944873178373872 378.8924403832061 28.722200131668775 289.14053969696397 27.427695337267973 289.5361380000395 2.505680734990477e-11 Oyster-SemiOpen 0
456.3850299513433 134.39430693677397 472.15900948431226 174.77451524599203 405.32890415299335 200.88002487311118 389.55513999993855 160.50000000002865 Oyster-SemiOpen 0
104.04296393156983 255.2066695499753 81.2389834014175 119.09953909327818 244.20611842957442 91.79597042094657 267.01123246966745 227.90152389823416 Oyster-Closed 0
587.0383594911982 133.27253965780696 610.6707148957503 185.49937315278285 522.7947536290594 225.26136073557782 499.1627939234604 173.03486361157996 Oyster-Closed 0
319.1111110000202 188.3333340000141 330.3918765101116 158.8246039406718 468.1687438199151 211.49296827150113 456.88836681612884 241.00136598133076 Oyster-SemiOpen 0
636.223128155907 279.66664210032394 565.3243214103713 283.11658133629174 560.4930214979686 183.81996292352022 631.3906444697204 180.37005205758234 Oyster-Closed 0
268.95525418214675 310.882601577807 162.87472169977264 342.88163422341967 108.16661420285527 161.52157842642072 214.24385513862944 129.5230768789911 Oyster-Closed 0
304.8888899778103 11.666664006126306 282.3050193709787 57.72007953140829 199.58679586154176 17.15633414057734 222.1706624612125 0 Oyster-Closed 0
585.6330623208487 275.1837305373857 562.8936280999187 306.92317670106496 472.3717969356949 242.07243183979602 495.1111110000056 210.33333400000387 Oyster-Closed 0
433.88740802511165 184.88665716870838 491.19860553953913 302.29652669408034 329.5645151345525 381.1872644890721 272.25587844484835 263.7795699531508 Oyster-Closed 0
64.6905667957617 337.2127336378205 82.01998876153084 267.9040404143191 200.0005863235856 297.4007507719019 182.6723197579122 366.70844454212795 Oyster-Closed 0
