55.64383253236883 530.1003834860256 33.747398760242504 369.17059981525193 143.94772325795202 354.1788417006153 165.8466139385564 515.1057364220944 Oyster-Closed 0
399.0360372309078 424.3632094963739 457.0751403280883 379.00254478691 531.9805863501824 474.83134205343947 473.9423214953422 520.1910772756354 Oyster-Closed 0
320.74235565982235 529.4816167855773 265.2787621873722 555.841930863531 216.65190200641518 453.5447859280466 272.1135764817154 427.1850045242192 Oyster-Closed 0
507.9199900857202 476.0992556970325 590.4756423353683 510.14671489755597 562.7898815045774 577.2629517771182 480.23449892942153 543.2159758161048 Oyster-Closed 0
502.4560293764807 535.6744345429131 423.31911153320107 599.3244680360378 338.8497598996764 494.32117798062313 417.9840838749078 430.6727793598792 Oyster-Closed 0
244.10110554665152 546.829835669894 269.81237863277784 473.41808086150195 396.10791685336153 517.6414952903643 370.398929657822 591.0513132110996 Oyster-Closed 0
528.1752791993495 576.3274536862792 496.077335392838 668.2827258969884 409.7484280000208 638.1551370000279 441.84729269734817 546.2017208930633 Oyster-Closed 0
509.5817353718303 639.5554028599674 509.5839432947105 569.9341691109096 619.1180320913554 569.9373619068831 619.117541511805 639.5568629641516 Oyster-Closed 0
631.5838570400956 29.71634880434632 668.5208076112758 39.04468522221124 630.5480462467676 189.4023514248516 593.6111109999911 180.0740739999963 Oyster-Closed 0
267.05450068358914 108.38167819764003 231.75987051334232 195.4576447326969 103.61998667889566 143.5185707510582 138.9148171058332 56.44319085442127 Oyster-Closed 0
467.80173967097653 101.85190237408106 438.1539483329834 211.59752311454255 312.63881716491596 177.68939846448146 342.28707730886526 67.94452129951554 Oyster-Closed 0
539.9976782606245 203.86683226201225 477.9851451473223 224.58438669847652 435.26615430644597 96.7173853982001 497.27777699998114 76.00000000000772 Oyster-Closed 0
518.4243302509276 91.61657408213388 568.7078819804447 84.73383613839707 592.2997922979266 257.0871334250234 542.0162602273194 263.96979115135684 Oyster-Closed 0
91.72762727714144 125.98855744723568 168.5957201585552 150.4020957053554 114.84507923174533 319.63428827037274 37.97714687367261 295.2211250208324 Oyster-Closed 0
380.3479554225487 272.00496302233273 390.2403070179571 172.08088293955336 496.11574468515755 182.56194548226418 486.2243611631857 282.48515173809244 Oyster-Closed 0
610.583458589681 306.76724613156057 554.8360980409052 285.5311114403509 603.0016110535507 159.09865321723322 658.74778479214 180.33453479018252 Oyster-SemiOpen 0
394.115134925014 322.63860735687604 299.2144913756056 369.43661290070236 224.86168153882318 218.66456709814935 319.75972103435197 171.86731961326782 Oyster-Closed 0
640.1286524585157 359.41170926762436 593.0659797418775 360.45869263769066 591.4533205090265 287.95606484295615 638.5151510000287 286.9090910000001 Oyster-Closed 0
342.77755761700973 0 342.77759126729507 69.88889315528714 235.55528707474878 69.88882923238178 235.55534799997986 2.8195617251174075e-11 Oyster-Closed 0
360.9467452759418 300.6225650340878 411.9028564901964 305.9279684067842 395.4235244337906 464.1886089442923 344.4674297590973 458.883327509441 Oyster-Closed 0
