639.999999999709 0 640.0011470969184 255.75084407021788 457.4287694423401 255.74974461723394 457.4298837720562 0.0010474348706438854 Oyster-Closed 0
542.3596760998043 289.7338265525915 452.31780386740866 360.06296549876924 320.14954325066356 190.85467042975125 410.18905968194304 120.52694071955608 Oyster-SemiOpen 0
490.94163163659687 255.53090064395778 609.6085043843777 252.3745853226381 614.9670537598286 453.821469953184 496.30018398340326 456.97770074851496 Oyster-SemiOpen 0
172.30571339809103 411.4340762537754 60.38635857265035 400.7799998681653 76.99205474964401 226.37971932505377 188.90675373448175 237.03357142655565 Oyster-Closed 0
0 274.463933 66.276368 274.463933 66.276368 544.769336 0 544.769336 Oyster-Closed 0
0 0 192.272803 0 192.272803 268.226122 0 268.226122 Oyster-Closed 0
149.188498207659 156.0569031459313 239.8025079366198 19.470902991806785 320.5949571228848 73.07010548774221 229.9815377106279 209.6555815227112 Oyster-Closed 0
298.4626269178989 108.14963475909826 400.9895681343187 118.5573095654604 375.04249621335475 374.155442090279 272.515599827384 363.7479978798689 Oyster-Closed 0
292.27800475295226 8.949595573509745 355.21136477073014 0 483.2275857344939 82.67350973153947 420.2944389978802 142.84378949099715 Oyster-Closed 0
501.73773101880215 524.4344084564145 470.49278793907433 640.5649575042614 306.6957304781681 596.501223450557 337.9432232396357 480.3747769486069 Oyster-Open 0
325.8187311662914 341.9507040405625 275.78441747558827 463.38497409885974 179.71771623953828 423.8059238347795 229.75266544781334 302.3734745413026 Oyster-Closed 0
