159.94103415279824 241.71578387064048 376.0077334909147 0 598.4216461701726 132.22181156944853 382.36043281984166 412.91344727703694 Oyster-SemiOpen 0
674.2804595844063 488.3761060293003 512.8020524148451 647.7776861743944 267.2885823204706 399.0940473263666 428.7565059842018 239.70249338548206 Oyster-SemiOpen 0
0 543.0788587927735 67.59576386757544 302.7061846817181 349.27053795632673 456.2096375671315 218.27361910764012 696.5681713386821 Oyster-SemiOpen 0
0 381.0998628641022 99.62353262453689 233.31407806979982 426.5988241552259 465.7056882730227 321.5627281120396 613.4820598052479 Oyster-SemiOpen 0
0 161.65965315091205 43.097264876560075 96.54399429149541 183.14858316189202 244.24677514694486 114.47461965792172 309.361420364877 Oyster-SemiOpen 0
0 191.96042 90.395251 191.96042 90.395251 389.857761 0 389.857761 Oyster-Closed 0
649.3662355973356 267.758379699552 594.7629805625911 299.6543431762748 497.79050000921416 133.64974360360216 552.3924405804428 101.7542747417979 Oyster-Closed 0
487.73420884812367 322.1651592327123 575.8305071568611 218.96015218473477 724.1009018693148 345.51706743610214 636.0074619564693 448.7194619400497 Oyster-Closed 0
559.424006 72.229008 640 72.229008 640 255.59392199999996 559.424006 255.59392199999996 Oyster-Closed 0
640 0 640.0000751853804 68.27459689648884 473.84302581667725 68.2745257965282 473.8431039470015 0.00006495964161025452 Oyster-Closed 0
504.73061699995014 0 504.7306277063035 28.69511539371072 366.349531277956 28.695104789646226 366.3495420000254 2.2160514743097054e-11 Oyster-Closed 0
91.03312749743054 15.184581003216874 206.66049136132642 0 292.9131915821199 211.89244983444138 177.28607059791102 253.70451319975086 Oyster-Closed 0
0 0 90.474513 0 90.474513 79.158937 0 79.158937 Oyster-Closed 0
194.1220803921169 246.68937915742336 131.44710969092557 272.2181172176978 61.64867080784461 100.86034948173281 124.32237282533606 75.33189424060578 Oyster-Closed 0
255.83101299998816 640.0000000000181 255.83500472683227 590.7140069134986 476.09958183646086 590.726906009837 476.09807797780377 640.0104439100458 Oyster-Closed 0
640.0009731957107 640 532.5615839999955 640 532.5629040013155 590.723562 639.9998915740434 590.723562 Oyster-SemiOpen 0
640.0007614026981 602.351454 586.4532818258158 602.351454 586.4541714563529 527.3964139999999 639.9999643803312 527.3964139999999 Oyster-Closed 0
326.89638697855116 487.222625481451 418.5876031227963 482.6254248897228 424.67988899792545 604.1105671937808 332.98868305952055 608.7076534689468 Oyster-Closed 0
