553.7141645756492 598.0880070667251 547.2011536369246 638.0337666800914 499.86449631403957 630.3174299558491 506.377856577019 590.372108330286 Oyster-Closed 0
402.4120579999726 639.9999999999845 402.4131867328106 600.7183460995408 483.5741381930711 600.7202520322453 483.57374526633066 640.0011716275337 Oyster-Closed 0
622.1910323690099 542.0628903972921 577.409770625236 603.1539344125907 407.2754408515175 478.46182306490135 452.05587081974954 417.3731597085345 Oyster-Closed 0
447.6283370076999 500.62925370009543 397.4506270670827 514.679581732258 376.86551828206575 441.174704138272 427.04196423641406 427.124563554572 Oyster-Closed 0
436.01289903024735 440.1892009844409 442.1118126028887 416.2848591684768 492.1436907858879 429.0480541851168 486.04500856847153 452.9521969218866 Oyster-Closed 0
477.9522664628166 398.81502350510266 501.26998090345296 355.1570119808957 554.6809664290049 383.68073528091315 531.3637005950295 427.33836192574574 Oyster-Closed 0
477.691495655381 434.37824682552116 388.7222573463805 458.4541569349881 369.90199794541695 388.91195326187784 458.86942293393076 364.8362984141147 Oyster-Closed 0
559.2368329612509 449.3007064809435 533.712973782167 484.5264602992246 455.18455019875546 427.6337272604992 480.7082287593221 392.40851833027386 Oyster-Closed 0
574.4999262069905 514.2711203042295 538.3842187380651 468.58344828509837 567.7995907597506 445.3350547466743 603.9151450878126 491.02241902748517 Oyster-Open 0
0 584.892086 41.242115 584.892086 41.242115 640 0 640 Oyster-Open 0
