91.03338556291419 639.9999637726136 91.03531299224414 588.8406128160418 204.4436017757107 588.844369216316 204.4430019731226 640.0023770412976 Oyster-SemiOpen 0
489.0871160000097 219.7424889999962 570.9561840998504 204.7181470278143 616.8511630767171 454.7871410812427 534.9822444302117 469.81100836114257 Oyster-Closed 0
108.14475556580874 111.00284094360362 294.132143512179 186.05996530171154 156.6860030299722 526.6196231200157 0 451.5656715144304 Oyster-Closed 0
96.78459235576156 638.6376299655315 25.498003577959025 644.3866994709141 15.941202488393174 525.8930291123897 87.22408196357719 520.1441114238601 Oyster-Closed 0
0 395.789786 111.700005 395.789786 111.700005 599.141631 0 599.141631 Oyster-Closed 0
550.2299383428908 639.7235320132928 311.4792663745902 647.7841318399987 295.7948388560908 182.79170591621164 534.5144743660785 174.7315975497472 Oyster-Closed 0
572.4396721487574 174.21969342490118 651.8471913866961 181.58805694098425 610.8157690479129 623.7345349007502 531.4083114592358 616.3666411212348 Oyster-Closed 0
340.6936703491374 639.9992242737536 203.22729173065454 651.1730810986658 178.64075402489107 348.67888674452695 316.09219181082153 337.50563187337343 Oyster-Closed 0
376.12110148445936 266.8159065782821 300.7226221438759 268.702014259976 295.3725085408223 54.783046139163545 370.7688954434707 52.89696599392205 Oyster-Closed 0
600.5050353022671 640.0005417613324 600.5078961187974 389.6984059410463 640.0009464160394 389.69982110444084 640 639.9999999999986 Oyster-Closed 0
