596.9920931731031 425.4564829438862 439.5184182545927 442.01859229254615 424.03011979760777 294.7419197119121 581.4975798494561 278.1801407675082 Oyster-SemiOpen 0
212.10886388136714 285.24973392243874 245.98519060367835 207.63427776647572 395.0772803177824 272.70390330531836 361.20250129693886 350.3180440254805 Oyster-SemiOpen 0
479.0348191271187 285.3696441676651 456.55953067471273 304.29940178585855 406.69898412990733 245.10293747256495 429.1740609619592 226.17332530489873 Oyster-SemiOpen 0
420.0664553474053 230.3236056299109 429.4548154048971 174.95293583066302 555.9483234757499 196.39952842780505 546.5606025642046 251.76962834564415 Oyster-SemiOpen 0
473.85971085430356 639.9997369595873 473.87308610639593 335.8773286683812 640.0041012383736 335.88801432068317 639.9999999930151 640.0007228103783 Oyster-SemiOpen 0
476.2200328885956 573.4042930044178 376.4124830392393 532.6264780369602 430.9702228196693 399.12184333025954 530.7732140000007 439.8986130000119 Oyster-SemiOpen 0
406.7704448153381 430.67797111596064 470.08077230064373 515.764730680857 321.4930639845261 626.2974603335293 258.18609957626904 541.2137467601698 Oyster-SemiOpen 0
640.0007362981705 362.6062319999999 573.4599793277448 362.6062319999999 573.460772076578 260.503952 639.9999730706622 260.503952 Oyster-Closed 0
320.15728017700894 569.4291453087491 189.90932872213307 490.83545295273643 313.0446929775644 286.8090435045336 443.285556967312 365.40000730866154 Oyster-Closed 0
219.44873490763712 533.9121431024091 63.30532057530945 481.37943344886037 132.2444857066148 276.51508471327173 288.3780864292203 329.04595707230754 Oyster-Closed 0
133.84227455870132 166.5976797695853 243.89824885030976 267.4177184796951 119.36949848219228 403.3443409738712 9.315407209724071 302.5262534184397 Oyster-Closed 0
131.6471290323534 639.9999862077237 131.65302006971615 522.9132046018146 286.93380211167096 522.9205996667397 286.93183849492925 640.0034261570153 Oyster-Closed 0
97.3096238864673 572.447493985169 0 563.1681020198095 7.4928748331876704 350.8258396116799 115.54358103363484 360.10487850742743 Oyster-Closed 0
158.14732649800135 127.03174795270903 164.66988550237147 74.549177018087 279.91630868360517 88.87184719119003 273.3940229419386 141.35416336774978 Oyster-Closed 0
127.50838229971123 647.6353639258001 57.742715669446625 614.5247650613576 116.72064861137187 490.29089703681365 186.48289309145184 523.4005426385521 Oyster-Closed 0
0 574.837528 91.642722 574.837528 91.642722 640 0 640 Oyster-Closed 0
388.91608500001894 639.9999999999948 388.91780837271654 588.7004466319694 481.87477876890625 588.7029484130381 481.8741448759829 640.0014221231669 Oyster-Closed 0
417.7672126762627 181.33723193797925 374.6743328913726 234.702450358412 259.1158299732342 141.38924041415828 302.2084497864853 88.02449993777546 Oyster-Closed 0
289.23704399996495 639.9999999999831 289.23792611050885 608.9646004231577 369.9257235060941 608.9664945517504 369.92542383799446 640.0013096023242 Oyster-Closed 0
483.96342028026993 204.07296881756665 376.5404450247297 168.1768605480609 405.18080272813677 82.47023989197925 512.6028582575964 118.36618553085827 Oyster-Closed 0
553.9134753951657 190.4972445864375 608.3996772213868 202.0199111427956 583.6801713903697 318.9036323888022 529.19400795814 307.381094927631 Oyster-Closed 0
36.314779740423546 139.63327712751322 95.81658021743351 46.00934037414147 183.03125084123167 101.43743883774007 123.5299291634874 195.06095578073032 Oyster-Closed 0
317.4752109685505 76.01092718958617 370.24858539203706 0 442.8019111060712 42.183666036768024 390.0287355020555 123.24504031358677 Oyster-Closed 0
434.81629754671303 90.09102042165851 478.08504114320385 2.318736037914937 580.2657293614175 52.690203404132234 536.9972722259263 140.46224754806192 Oyster-SemiOpen 0
640.0000599282794 88.51857900000002 584.1487045298709 88.51857899999999 584.1488050096814 9.59840100000003 639.999993123638 9.598401000000004 Oyster-Closed 0
604.7867379383388 135.62866045725673 649.1283113041573 142.1872926892806 633.5924077969685 247.21974215240263 589.2508431732858 240.66115962372663 Oyster-Closed 0
590.9636919970217 237.82705988567733 530.8146408915491 214.4807145158104 573.1785725324153 105.3386083049271 633.326927309754 128.68481464585278 Oyster-Closed 0
553.0829546481255 216.66150507911004 504.0113666844263 210.51331091574048 517.5566449735197 102.40784433224687 566.6275708845205 108.55599502942448 Oyster-Open 0
285.38553591948585 224.11766156223894 364.6276062438119 139.06159500592756 487.6180363952153 253.64130636182347 408.37729288687115 338.69608144331085 Oyster-Closed 0
482.9759383181954 31.48095978405526 491.0372152347554 0 578.3777690396528 5.26206054667682 570.3165215270565 47.96766091276207 Oyster-Closed 0
237.41362398061028 132.38589357318563 318.17128520568076 148.24479206048568 294.48859487652953 268.83989285162306 213.73096660165174 252.98113987371735 Oyster-Closed 0
202.92374633419968 224.63582047368223 126.71532512635167 205.4392192262469 146.83711434576253 125.56192015676096 223.0446946790471 144.7584054168107 Oyster-Closed 0
6.7514168116031215 429.9233244441799 0 400.237087583402 28.518185499779065 300.5272385926598 73.12060791038675 330.21300763549505 Oyster-Closed 0
181.78503514143813 15.644382384282508 253.73459532907873 7.785332329690641 263.0639284593781 93.1952176518783 191.1143699180684 101.05425433535362 Oyster-SemiOpen 0
191.35247456055367 79.27115137004208 156.43479994752852 99.07644617919206 130.1569449192175 52.74744854644225 165.07454282786057 32.942181842083336 Oyster-Closed 0
362.1879492197331 109.84828630709077 330.01339477348665 128.12344111624577 292.69129055552185 62.415855593419316 324.86572122885264 44.14074545221415 Oyster-Closed 0
479.49610669660615 215.64780275634985 496.9309045931004 248.14022444173673 459.352000133149 268.3033007078264 441.9173464666528 235.81100272293384 Oyster-Open 0
