640.0073865210288 496.77419399999997 459.62616910561337 496.77419399999997 459.6337642123399 148.38709699999993 639.9995382909401 148.38709699999993 Oyster-Closed 0
384.6160494544165 499.3999135303321 163.85711007766076 723.277115504249 0 387.29834150190516 43.841949999987264 163.4408599999824 Oyster-Closed 0
478.40331130850245 239.1978888512273 505.81112042462337 453.97079141499495 255.20329033905 485.94010817494285 227.80370558415598 271.1747673397446 Oyster-Closed 0
247.00023928722658 59.980679311809794 297.4124955818115 368.8642148727147 58.75762749477872 407.8063927767869 8.352906920845271 98.92969187836295 Oyster-Closed 0
45.290684 0 255.593297 0 255.593297 141.935484 45.290684 141.935484 Oyster-Closed 0
0 0 53.98308999999999 0 53.98308999999999 89.643332 0 89.643332 Oyster-Closed 0
4.707113045733422 294.6798936525777 0 274.3007329131267 26.67649511662603 29.457771826203963 87.1783496504213 49.83664449338596 Oyster-Closed 0
494.3968571689038 498.92285765130885 494.4004101302562 640.0015528743569 295.84925800001656 640.0000000000335 295.85160695642116 498.9273068019253 Oyster-Closed 0
472.6672176379361 639.9999984136034 472.6702447016578 548.3849539815233 564.6762070661498 548.3880476349027 564.6750499852351 640.0012167353105 Oyster-Closed 0
639.8196753256343 476.3628430703892 650.1297272535885 637.7857536299426 532.5657836948812 645.2897725151668 522.259963999968 483.8709680000136 Oyster-Closed 0
560.6778609994944 0 560.678491123399 159.13991706187315 315.0131105208129 159.13942079138076 315.0136047170963 0.00004061503448093964 Oyster-Closed 0
491.85109176796686 205.87753760244013 345.9683975700318 330.6081122069586 143.89294518019597 94.2656837475524 289.7715019955649 0 Oyster-Closed 0
569.5654345524235 0 666.0445360733866 34.100620431922806 526.0424236630934 281.5072510264379 429.5638419294846 226.91322126726948 Oyster-Closed 0
