438.53456661519886 0 608.9048790153902 1.9407265926346131 588.427567502149 278.9680811196663 418.0572560188011 266.3749473239467 Oyster-Closed 0
448.2813070691918 297.8145398491956 336.63000557418854 578.7142980927923 0 426.9042768351779 66.35871870603296 146.01870128247128 Oyster-Closed 0
387.0697262429894 420.16868950174603 475.39261261132197 510.152158500223 263.49064448200807 718.0879555785771 175.17329916998278 628.110014239413 Oyster-Closed 0
232.57101045957825 518.6010308018618 188.00545701909869 658.3741342094079 40.940558696966036 611.4917206147817 85.50842799995735 471.72339800003414 Oyster-Open 0
176.937559466096 593.1332199346728 102.08866738968936 654.7031595651015 0 476.6768262301676 30.461594905136735 415.1097650975595 Oyster-Closed 0
0 555.775932 78.90152 555.775932 78.90152 640 0 640 Oyster-Closed 0
0 0 111.881958 0 111.881958 293.343291 0 293.343291 Oyster-Closed 0
287.0377266647847 234.68622284886493 148.0625306172442 282.795796304143 50.165760000018054 0 189.13808221528598 0 Oyster-Closed 0
433.3473327354295 194.11465598887432 310.70919484685874 201.74840782261305 298.21800779791374 1.0609590355756857 420.854348729481 0 Oyster-Closed 0
410.4272361173207 613.2550021204905 344.4649701582239 563.4989986381463 415.6076623791887 469.2076110869669 481.56781499885255 518.9624222770481 Oyster-Closed 0
348.72206499996537 639.9999999999907 348.7237919293693 593.5125211619695 460.0067704365938 593.5161043913909 460.00623097323114 640.002382377917 Oyster-Closed 0
587.9072271384211 662.4897015060667 471.70987455392606 635.2741929721368 534.0538118129916 369.1842296470684 650.2391140681721 396.3982414540657 Oyster-SemiOpen 0
596.7490747333795 640.0003622788144 596.7517489986494 463.46830026988533 640.0011096059461 463.46949203114826 640 639.9999999999786 Oyster-Closed 0
492.3059783397912 113.01274930070852 655.3706613658869 145.15195322598055 579.2341349559865 531.4184203757796 416.1698780195002 499.28078984714284 Oyster-Closed 0
402.493561125375 185.33304140946328 458.8976313731109 265.37966542943906 393.6800196164404 311.33188411535593 337.27659761083487 231.28584006287863 Oyster-Closed 0
