301.7618011947343 609.636193218582 266.2953137149452 671.9269253056805 115.49505497416249 586.0851845795975 150.96159458327747 523.7968279035405 Oyster-Closed 0
0 515.3533370320102 0.6442498501564842 404.0740264980536 138.87013978448522 407.64336500613854 135.9987418097444 518.9200109176832 Oyster-Closed 0
0 323.98743855422606 7.221136434091022 268.2847409585941 138.29668439670058 383.2072843834176 89.45545280068472 438.9087086077649 Oyster-Closed 0
605.9691193579783 640.0000520979205 605.970051801778 554.3157383201693 640.0002836482599 554.316338005096 640 640.0000000000252 Oyster-Closed 0
607.5617094535846 642.7559437352476 483.0111114282772 639.2971709173584 486.65555325911555 508.2194232955171 611.1991399132239 511.6780984723872 Oyster-Closed 0
361.50002701695485 639.9998777142273 361.5020449181611 588.9485434339472 486.43255660892464 588.9527507643998 486.43199397243734 640.0026125226397 Oyster-Closed 0
324.1112119924219 638.3704708380666 299.5439021724451 503.6225118313712 523.9078487380175 462.7231263655407 548.4799681242293 597.4648188346463 Oyster-Closed 0
481.50132742382993 395.51524703880466 607.2564685471298 348.3654849492905 656.9148356578808 480.7951150461821 531.1602564026543 527.9437950464942 Oyster-Closed 0
590.1203787712438 172.61405183175958 611.587302941698 286.9959076675201 425.19287211638584 321.97372806659985 403.728206567248 207.59385964813177 Oyster-SemiOpen 0
640.0005465395952 258.563535 583.1794462920516 258.563535 583.1799992597371 119.32721399999997 640 119.32721399999998 Oyster-Closed 0
547.9117951201624 60.50437695885117 498.5098162169743 111.9714214149817 426.5425845079153 42.891822779369456 475.9444544246071 0 Oyster-Closed 0
451.71802360069705 238.3005893286296 324.15525536969653 210.50143817793537 356.38904867955716 62.598156433237655 483.94967593150795 90.3970608916907 Oyster-Closed 0
402.24349960473774 84.42937495051537 398.6387180906604 165.96082279180905 203.85776470757264 157.34766455174105 207.46322712264373 75.81684767663594 Oyster-Closed 0
233.5804945484415 195.05854082270457 284.0910365001764 297.6471469685124 131.01520967313263 373.0088320356949 80.50684825771896 270.4220860240464 Oyster-Closed 0
84.91122654137143 249.25820280212065 94.48369211990212 110.4818031359575 212.01906052418053 118.58901700361841 202.44777584790427 257.3643124447446 Oyster-Closed 0
331.7702350000036 0 331.7702396722598 21.54696016471741 209.5746912145114 21.546952717292672 209.5746969999891 2.6523838196729814e-11 Oyster-Closed 0
382.7807156817289 22.180733882862363 372.99663300313114 114.04149683051621 205.46406793495407 96.19718063808698 215.2484517494304 4.336767345349352 Oyster-Closed 0
0 212.25114051943504 0.5785927089164034 118.8560822974606 100.6256454691902 135.45040783140726 85.13494692771928 228.8448838445234 Oyster-Closed 0
0 45.30386800000001 99.672515 45.30386800000001 99.672515 123.086877 0 123.086877 Oyster-Closed 0
30.58366 0 147.323108 0 147.323108 59.668508 30.58366 59.668508 Oyster-Closed 0
0 0 47.187805 0 47.187805 46.961326 0 46.961326 Oyster-Closed 0
215.69128568808082 0 215.6914405448333 117.1271201420937 90.69475006537687 117.12696061936722 90.69493845672696 0.0001333420663702635 Oyster-Closed 0
