50.80141377642576 299.1772270885738 0 232.4941552992658 63.26917195649003 35.98044294593129 171.67803351359908 102.6626712702592 Oyster-SemiOpen 0
206.81172543845605 182.63343562951692 249.1793144318217 70.97222373104216 481.81265025021276 159.2384967936233 439.44718063867185 270.8978958670509 Oyster-Closed 0
81.39901509501215 357.8947492639355 81.40069038978254 198.82998163763574 168.03436058551597 198.8314968944361 168.03414790076204 357.89472079460165 Oyster-Closed 0
466.4194448644412 118.70690392528807 583.9765613459167 96.8190532729104 650.1934994967451 452.44733093465777 532.636626367821 474.33437901933024 Oyster-Closed 0
202.7659881071304 404.0327312357153 185.2205159237201 317.39183685756166 311.6241159846686 291.7959438701995 329.1706614703435 378.43540619430377 Oyster-Closed 0
640.0009409514314 479.53216300000014 598.984322000033 479.53216300000014 598.9855830639863 286.549708 639.9999359504727 286.549708 Oyster-Closed 0
0 269.005849 114.720783 269.005849 114.720783 520.803831 0 520.803831 Oyster-SemiOpen 0
496.1355167333386 347.7622908388849 567.5500045595254 399.03143731128745 472.0732352896448 532.003749018062 400.65988585178275 480.73597986638515 Oyster-Closed 0
215.79214007608243 474.26977365180653 195.48332300109905 413.66304608267194 281.88883270566294 384.71314011773154 302.19809540001734 445.31897846387375 Oyster-Closed 0
474.95666015594907 575.5028192391869 359.96096278962796 641.3262392552451 223.3632288910303 402.72093695996665 338.34979632163595 336.9008074588562 Oyster-Closed 0
