381.4912877129973 174.36178633284345 328.44282886973815 167.25168248785596 344.7571446198708 45.534112620994954 397.80508638432366 52.644181700260866 Oyster-Closed 0
181.70255819546583 199.89095890895132 139.6478969805321 186.74210658591716 169.7703562440438 90.40242558337816 211.82460259289655 103.55120906052066 Oyster-Closed 0
457.17100883201056 126.62237942537914 515.385440805403 95.1126309350737 562.837135810114 182.7786817817915 504.6228268695995 214.28825125449015 Oyster-Closed 0
300.73428765106655 187.14256343347753 285.1698042952921 184.30570234900756 294.48248902743217 133.21288683290456 310.04688220331445 136.04973969994617 Oyster-Closed 0
477.0790045773174 219.75621544141578 412.0013807932992 234.85235915609826 389.27913853876817 136.9004845706385 454.35593633672397 121.80444011252307 Oyster-Closed 0
369.69322223922063 241.59547796430078 318.6974301216105 254.6080138240798 287.740274811149 133.28952342323268 338.73522187626804 120.2771002472875 Oyster-Closed 0
1.5778290000162087 157.1879230000001 42.03946510599053 156.81248721020077 42.78926856924954 237.61850209348694 2.327632470332901 237.99393564385352 Oyster-Closed 0
640.0002063992724 282.395103 617.8425677576888 282.395103 617.842804883403 167.28256 640 167.28256 Oyster-Closed 0
340.3802648488636 288.8902413437253 327.70165314592305 241.8326691572808 410.5067331087048 219.5236075986472 423.185585950705 266.58079994190183 Oyster-Closed 0
166.00087996775983 186.52319014614736 217.086519810764 190.5572600157652 205.1117304508807 342.19352763147936 154.02609862052486 338.1595183111946 Oyster-Closed 0
294.255806451838 301.51968738412245 239.35045208359952 343.54935398505114 165.05971625287202 246.5043717671337 219.96414591325447 204.4752337657512 Oyster-Closed 0
334.61548230545304 385.4159762705998 274.7803492019739 392.65737684492194 257.4267968250206 249.26839024285894 317.2599449907284 242.0271096917171 Oyster-Closed 0
547.5369946313003 473.00593263661995 471.4350877502875 468.386667111975 484.21107318776194 257.9662490993682 560.3086818580778 262.5853847997217 Oyster-SemiOpen 0
427.1952308619075 334.76148704221464 458.02703592657053 320.45842024768837 496.3512381674809 403.0626061707144 465.51954491187644 417.3654944375121 Oyster-Closed 0
231.49817236298986 319.6886673281227 301.34689478145447 332.73229792172924 279.79699458410323 448.1200261479855 209.94833272634423 435.07661491906157 Oyster-Closed 0
365.0177779999649 343.2176650000002 408.09675994707504 340.59431592642477 415.6230511506874 464.17218523596387 372.544073591489 466.79548498398555 Oyster-Closed 0
9.143231049165479 3.533294137698521 82.50929625770368 0 90.61701924467343 84.28998102181706 17.250955068448093 91.08409843968431 Oyster-Closed 0
549.1775354379934 508.1966372731708 490.240470429635 559.7221549961231 371.74361204262823 424.19958313948155 430.6785474935168 372.6756310382868 Oyster-Closed 0
379.20373630353424 621.4910116004673 315.07297791227757 616.6232772170314 328.3098753003287 442.3022427979811 392.4361708005745 447.16980588200215 Oyster-Closed 0
244.97340925117896 93.38586412532499 211.44763143078308 99.21878109867112 196.68634834772092 14.375503664103192 230.21202220057603 8.542595413524634 Oyster-Closed 0
440.6032836788654 537.8526060623925 510.2710975116497 569.3544923512204 474.78497802105267 647.8128277261878 405.11753113387385 616.3115424222746 Oyster-Closed 0
320.0532091201603 639.9999864054668 320.0539882677549 601.3516211611168 379.50484277032956 601.3527086536881 379.5045939966076 640.00054230697 Oyster-Closed 0
