86.8240604166931 201.38660258355554 30.469150204080506 191.5015478214383 52.285687307230546 67.12914695104517 108.63995158499165 77.01414635904871 Oyster-Closed 0
466.7772124854673 106.2067856223621 540.563187680018 60.530888420546276 610.5593727606174 173.60326362814223 536.7736333491484 219.27884011358455 Oyster-Closed 0
234.5814138177957 127.0298076077467 251.57099885342177 128.02316814070684 248.49093617129256 180.70105975101472 231.50135141702776 179.70770220356923 Oyster-Closed 0
321.69784354322474 223.27891038038163 236.06742166099139 213.89141424979272 246.92619613015268 114.84799170907871 332.5555062541389 124.23542459099431 Oyster-Closed 0
482.3594626132399 118.78480716610467 482.3599392250617 223.17213228867286 380.0737296656007 223.17194018712016 380.0739390472154 118.78531086481209 Oyster-Closed 0
293.6376783196465 310.1166463029026 284.6492445709737 233.2507385051353 401.1269444607751 219.63070975295582 410.11614812792686 296.49572215544305 Oyster-Closed 0
215.9854312321113 325.00915237704635 147.51036221809045 370.8678858216016 63.88162176932383 246.0021514365102 132.35500184215198 200.1442003153726 Oyster-Closed 0
110.764043956151 389.20935104735923 28.77194571789005 385.424789685886 37.7309877017251 191.38255878636556 119.71963353527826 195.1670400298092 Oyster-Closed 0
179.00015862331202 57.445329461028635 123.30780929500179 77.5937958549651 95.64687228237744 1.1361826091639236 151.3391269503336 0 Oyster-Closed 0
300.53081217221916 427.7914123822848 218.38500514699263 446.3159287382947 177.9933819150756 267.2116594017559 260.1353560359712 248.68759749700163 Oyster-Closed 0
290.0802469669725 310.493431950409 356.2597303239454 308.9794310314648 358.50794940270134 407.2439698538074 292.3284667322878 408.7579508276918 Oyster-Closed 0
413.58733070097514 368.1961521489205 449.97804390935926 343.0653887389698 519.3638937859214 443.52845596589793 482.973560990431 468.65875741697465 Oyster-Closed 0
600.248182289215 543.7331420599627 490.40332885997486 540.9809226013024 497.18124005979917 270.68982119402244 607.0174797662185 273.4419358161187 Oyster-SemiOpen 0
131.5156505012419 345.3149055345765 230.82562109077116 356.0726050972175 213.25079573667608 518.2939734134877 113.94087100001343 507.5365569999998 Oyster-Closed 0
331.51723303613835 384.93309806731196 396.4004561969341 376.74004281545683 415.63970862967835 529.0796146827477 350.7565236942901 537.2724556791843 Oyster-Closed 0
592.0707099429274 595.7643161402062 504.45536625724344 665.831610300195 372.04609802422056 500.29355114207965 459.6566227954463 430.229248796458 Oyster-Closed 0
345.6752042352309 651.7311642277637 263.5611836447788 637.3733125623156 289.9248222132883 486.649039066399 372.03363857755903 501.00642527026184 Oyster-Closed 0
350.6244232196332 151.0000645342122 279.97020683709707 130.55108062843985 317.5239478099684 0.7995176456952926 388.1775891203142 21.248406540652653 Oyster-Closed 0
