444.2742188557895 325.435558879969 424.8521735479153 242.88113737722256 617.3862571427162 197.58605958499277 636.809402196086 280.13889689434376 Oyster-Closed 0
312.4230362327944 339.38990190103686 218.91919960304222 416.4919206736369 77.24166983898613 244.68445748598967 170.74250777579437 167.58442084849668 Oyster-Closed 0
134.6047347428248 424.5031811766195 0.9026601418008795 414.78323031248345 19.60473653882218 157.6041142486349 153.29971597231633 167.32381403215513 Oyster-Closed 0
437.3414579047676 487.3918518511573 302.66949202086835 505.2312302323527 270.56023678014753 262.8253122527622 405.22281550023763 244.98657705441894 Oyster-Closed 0
536.4762579135277 447.931336709653 429.47781081202265 435.42521793096404 443.07992821479274 319.0783501270505 550.074918890241 331.5842679580689 Oyster-Closed 0
456.60346288539586 0 574.1782457742374 1.460283471000292 567.6113550263108 107.20685281288205 450.0365759089618 99.9054491675664 Oyster-Closed 0
199.07817839288327 368.0917402827533 352.98951302196656 412.52314476814007 289.71686179451353 631.661961813703 135.80630177239073 587.2324332230995 Oyster-Closed 0
507.0652504023019 410.69293890713544 607.6649039761105 397.7281722746626 634.7194265660801 607.6202465741446 534.1198700919631 620.5844905337315 Oyster-Closed 0
425.1482109999779 639.9999999999825 425.1505906712555 583.6627998449123 543.1679477522266 583.6669377128667 543.1670829607174 640.0026242429017 Oyster-Closed 0
85.04010319986264 183.4792776678837 7.14674931121408 159.6655205486257 57.52583300425613 0 135.4184490631451 18.695351327716125 Oyster-Closed 0
338.0213659999572 86.81096600000086 368.001395044339 86.0754611477791 369.7252430559456 156.34082672968935 339.7452141379472 157.07632924421574 Oyster-Closed 0
640.0002897431114 204.07341700000003 586.3888588385453 204.07341700000003 586.3892916986515 64.64646500000003 639.9999956379907 64.64646500000002 Oyster-Closed 0
330.9789146433468 106.55560563744118 437.14497354136256 48.404242694871755 527.6598118014954 213.6538838057641 421.4942045796488 271.8046035645264 Oyster-Closed 0
