248.49972455267562 239.725258348076 222.82623187071295 200.01566268828657 283.02492698778224 161.09649090584747 308.6983905349189 200.80588029974774 Oyster-Closed 0
506.19884791558434 278.8130709642487 471.4236745337985 294.8294466432079 418.41002871253295 179.72925318610584 453.18448000005446 163.71307999998982 Oyster-Closed 0
583.8901726908807 219.9663796225891 607.0148691338545 229.29582285914276 583.4585529207834 287.6816202524077 560.3338873797475 278.3522326975279 Oyster-Closed 0
400.08540800001356 259.9156120000065 466.58444489890826 240.77905348146712 506.6381553678366 379.95522311310776 440.1392491070146 399.0914499348662 Oyster-Closed 0
307.94949270479265 461.12347062361937 211.82084885411314 496.6880312813032 107.99734615276975 216.07984559967457 204.1190127148002 180.51675440557938 Oyster-SemiOpen 0
443.418092867214 426.2516077685229 375.7854123305151 437.7745252325764 346.5918535026867 266.4327508381928 414.2215376220702 254.91009573481307 Oyster-Closed 0
325.73355886212084 313.61921399496333 382.0970857193606 334.94505827323303 319.8196061858471 499.52352479584425 263.4563848580001 478.1982421269697 Oyster-Closed 0
543.0939428573038 502.60996441705464 468.2858535747073 519.154568101862 437.136993116801 378.3247174911392 511.9415610195574 361.78052491105154 Oyster-Closed 0
367.4673113803874 443.64673560734724 454.5305429309519 423.5175586506247 485.35693819692824 556.8257374309139 398.2938784769067 576.954398881016 Oyster-Closed 0
197.50918854915653 471.6584059243604 241.1375938699348 499.09461197793667 202.34507756118546 560.769157625163 158.71696900001552 533.3333340000104 Oyster-Closed 0
219.25940231500135 538.9517603670715 214.90555703421705 591.2400538039634 147.41463856495102 585.6208833132274 151.769157000017 533.3333339999762 Oyster-Closed 0
364.7738718587061 659.3366838551119 256.0416109999642 639.9999999999993 285.2125249911478 476.03718284568714 393.93727030612354 495.37317863680704 Oyster-Open 0
384.3859230000089 640.0000000000297 384.3887526870094 543.4579968098658 467.0850284723565 543.4605868197935 467.083959991287 640.0008249320244 Oyster-Closed 0
474.84713747580827 639.9993172764179 474.85256828629645 538.3964663431423 640.0017610599753 538.403339603603 639.9999999569263 640.0026094188003 Oyster-Closed 0
167.74752678829827 617.721449220041 167.74764800036792 640.0000606510481 126.0004889999982 639.9999999999679 126.00058515905403 617.7216064961693 Oyster-Open 0
