333.9583957247669 244.99500016063507 311.70752296602586 188.0617109477526 392.5707012100611 156.45938377377712 414.8217220103106 213.39230127463054 Oyster-Closed 0
536.5728892928018 271.6530417062698 607.702889939319 230.19375319070062 674.7938213431189 345.29198161454804 603.6642921014572 386.75063574768984 Oyster-Closed 0
421.700726027193 457.66048645311514 304.84033689099306 518.677169266994 157.1746851633361 235.8855054141768 274.02720860867703 174.87131036084713 Oyster-Open 0
447.24275746848434 298.5353961160779 517.6484424430964 244.0619693045474 626.1960895865195 384.3467622201198 555.7914542227081 438.81897333918903 Oyster-Closed 0
448.6663108389621 447.1255880435667 393.53168304609426 416.94031394750107 453.0072734188434 308.3192634214497 508.1403806437447 338.50402565779285 Oyster-Closed 0
640.0004692377843 473.7735349999999 602.9102356192743 473.7735349999999 602.9108887525217 372.99577999999997 639.9999647277582 372.99577999999997 Oyster-Closed 0
437.70938533380104 531.870102969085 407.7014964629052 465.6606977464303 480.89370087756834 432.4938816179417 510.9018463655957 498.7023248578936 Oyster-Closed 0
610.2260271296836 420.3023110405396 674.1499340613518 551.2639584804683 566.2498100142693 603.9177348814808 502.32939324159815 472.95905687911045 Oyster-Closed 0
225.6079425245116 553.325204902243 208.75392163135984 486.9178468685499 288.05568072901224 466.79491233173627 304.91038205625955 533.2012531596174 Oyster-Closed 0
298.3549337012664 540.6954430290923 292.292299218534 599.8091726448567 204.03286769265833 590.7582004569854 210.09647400001995 531.645571000019 Oyster-Closed 0
347.0423480000318 639.9999999999964 347.05038247906487 508.0084413827888 527.061031599369 508.01759787583114 527.05805208112 640.0042287624294 Oyster-Open 0
520.9413664635213 639.9999195930736 520.9451565020572 545.1442302038184 630.2830154456751 545.1482329773539 630.281520237113 640.0016469145403 Oyster-Closed 0
