414.27598115915316 166.0918152196764 428.0072250855301 174.478674648097 409.3125963019702 205.08535709453727 395.58136822008237 196.69851837009202 Oyster-Closed 0
500.0918899057433 246.0213008982314 478.8013630075875 254.14868191865548 459.1520302319259 202.6769747204184 480.44238279799174 194.54963055352667 Oyster-Closed 0
332.6264614491083 259.10831473974906 317.46132630476495 258.6451894787457 319.1738063558296 202.57461621064155 334.3387891831662 203.0377390794283 Oyster-Closed 0
361.2306883105339 216.56025841022586 372.1894781680021 241.66037004785233 343.307049173236 254.26993648668048 332.34834118811705 229.16989440204318 Oyster-Closed 0
308.57539131429803 270.59921952908917 281.1648473940295 271.64557368225707 279.0592006650695 216.48472768442684 306.46947561137495 215.43837861018577 Oyster-Closed 0
188.2602689747 232.64313088998261 211.73557942762272 235.51073749134196 204.34094000738696 296.04302362939626 180.86563272336207 293.1754343076772 Oyster-Closed 0
520.5274404406373 287.11395311946393 514.2855940561276 257.09152262056426 545.5013692823559 250.60191231155937 551.7432854368963 280.62424739393526 Oyster-Closed 0
375.4578007465898 254.6263425897624 396.1102687021048 254.98691478850031 395.4237021026347 294.3092090569829 374.77123418859264 293.94863830683545 Oyster-SemiOpen 0
495.4954159661429 304.5687284006881 466.734734094498 305.76641388538627 464.61860524832446 254.94972071169525 493.3789781857922 253.75204173637167 Oyster-Closed 0
211.35118694262928 272.24214793201 233.03603535256116 278.4504230289116 222.10324617655715 316.6350719596448 200.41840884143312 310.42682388817246 Oyster-Closed 0
332.75420837111596 276.37513223400015 343.7958375024755 277.7703990423526 338.10520683073264 322.8010523597055 327.06357898372517 321.4057926011535 Oyster-Closed 0
284.5811226970545 321.6561332363508 270.6690975508536 329.0486919578962 246.4271112679853 283.4308531907815 260.33900299997185 276.03833800000405 Oyster-Closed 0
353.32244600002014 319.29220900000655 347.1616757900483 301.7999569277508 370.56081829861796 293.55933731953195 376.72161214708467 311.0515405177981 Oyster-SemiOpen 0
283.3533320405695 276.8247719424874 292.3451010516874 276.92904605599756 291.597409453243 341.3996099763423 282.60564045689534 341.29533664074586 Oyster-Closed 0
521.8056368937687 289.2970662326089 548.1437873755203 283.08737255515655 560.574374475691 335.8075399926447 534.2362372326897 342.0171946089366 Oyster-Closed 0
616.6640365579951 325.0672889651127 605.5291290757305 332.7181142556521 587.6714717481082 306.7302184914354 598.8063200951729 299.0794215213697 Oyster-SemiOpen 0
464.8720342418528 340.01485815157923 457.35565753420815 317.6353268475828 489.2710125686426 306.9170797443808 496.78743497875985 329.29651995432016 Oyster-Closed 0
513.2750945934094 306.5925935962386 522.3958115194546 305.61526986943375 526.1912754300283 341.0331414039933 517.070559173444 342.01046093688836 Oyster-Closed 0
375.9458055567666 311.5573741764467 385.5061396949168 337.8326612099222 355.599896435524 348.7131298689826 346.03968299998087 322.43794499996966 Oyster-Closed 0
283.91147355825524 301.59122468590135 314.0660664271127 300.209950322071 316.73349552511354 358.4380905854669 286.5789033508918 359.81935509110514 Oyster-Closed 0
243.56092862835794 308.39058329493105 263.17425680317683 299.0110279485645 287.84130081767216 350.5876246972284 268.22801449401595 359.96711424787526 Oyster-Closed 0
476.23583890068403 381.3516637387464 446.61203005241987 391.30260315850256 424.21638922525744 324.63647792876935 453.83969742193585 314.6856294145622 Oyster-Closed 0
267.53032868851733 387.9613662024039 249.57217527437024 390.0178347109309 241.9924234381324 323.83266757183776 259.9502667316847 321.77621686649815 Oyster-Closed 0
264.5221925975784 362.90442005411313 288.40064239870117 337.38334326751794 314.35498762533825 361.66490081210645 290.47666272912466 387.1858555323425 Oyster-Closed 0
363.61389623627474 391.480467784288 344.68815847423684 399.79571429299733 318.83305744471727 340.95455426889373 337.75850281876046 332.6393821627038 Oyster-Closed 0
385.865047425832 422.5772089999999 356.20286697754636 422.5772089999999 356.20317096370854 359.531417 385.8648070572963 359.531417 Oyster-Closed 0
584.2883783583966 371.116305145244 609.6313843508688 373.02553129777067 606.6336510040856 412.81288955883633 581.2906462950923 410.90367452652436 Oyster-Open 0
521.346294203322 383.21539450163044 499.74687637601164 427.73741858480764 455.41879929369316 406.234363530751 477.0182807445235 361.7126649664039 Oyster-Closed 0
369.78610147722065 501.416896805623 339.221127168712 502.75019520310525 334.64846346374543 397.9289740234836 365.2123706311977 396.5956988788098 Oyster-Closed 0
411.31160420489323 474.6652659042223 385.2951138911885 488.9648028459066 365.12783947320713 452.27819765960675 391.1440238760406 437.97876536185777 Oyster-Closed 0
208.15795732181869 457.7700962922782 241.82735713678994 459.9731265210114 237.70400810157298 522.9801696027494 204.0346106726065 520.7771648327525 Oyster-Closed 0
592.493241536431 549.927800664884 605.0299980389536 547.631132119604 615.492190362711 604.7269945173917 602.9554416113388 607.0236344294649 Oyster-Closed 0
393.0575890000182 639.9999999999934 393.05792831371946 618.5300118481331 435.8219446745352 618.5305798321385 435.8218205580488 640.0003528432035 Oyster-Closed 0
