51.93555843849026 294.2319037578291 103.9063339967106 272.04366117059675 139.41015152311593 355.1971107028795 87.43951604941685 377.3851103957661 Oyster-Open 0
107.82704855853808 341.0419290267921 139.6529003847536 426.32253665572597 27.84651151363505 468.0406200560264 0 382.7615536303106 Oyster-Closed 0
514.0924770337733 464.0067687312569 527.5500320181891 428.1316663632074 636.0443023711559 468.82333494181154 622.5875944236759 504.6977211614669 Oyster-Closed 0
193.2385692646494 499.52104020598284 148.80820318081533 490.82384127974933 162.45750276801118 421.1092040602009 206.88683929001854 429.80630058496115 Oyster-Closed 0
23.553440452669747 465.39461089992574 87.54523913419689 426.0279303055319 157.7502626511705 540.1286605518642 93.75923119696381 579.4943443375624 Oyster-Closed 0
81.90859701790032 589.6870475209564 29.266684376925696 606.3107259504526 0 483.15099663963906 43.00637695057958 466.5277384276627 Oyster-Closed 0
120.744157 468.864469 238.54717499999998 468.864469 238.54717499999998 602.310509 120.744157 602.310509 Oyster-Closed 0
371.88924662797945 477.59211409867635 441.4601925484021 478.7017038683104 438.87363337948045 640.8426445267298 369.3026883427956 639.7330923823644 Oyster-Closed 0
78.02507606094878 593.2925842637535 51.87210238967964 642.3038445946584 0 602.1947028166893 2.8417467942199437 553.1843580354906 Oyster-Closed 0
377.88248808676144 637.0142325567459 338.22459016890207 657.7135069955021 294.59637557803944 574.1473316709579 334.25290528146434 553.4484889749434 Oyster-Closed 0
183.34721981773328 638.8728364070021 150.22660011352855 673.9616108525195 65.93443285310059 594.4184955425171 99.05425608696532 559.3306404542502 Oyster-Closed 0
