185.82428042805986 341.96563604290316 90.39805570762837 410.20684697828653 0 248.38526224778792 70.09370009523991 180.14553980837047 Oyster-Closed 0
313.9223228835908 208.22751994417064 410.0037206467823 214.0716486462731 395.81436345819384 447.33751827663934 299.73297712771455 441.49355927991644 Oyster-Closed 0
265.6973989424296 404.20172051234744 68.65193741105031 549.022065810603 0 364.44134658801056 130.02141852070054 219.62559009573027 Oyster-Closed 0
363.48168551150593 506.78456930383834 305.93090053203923 534.4688288310583 216.85387051067664 349.31690921295603 274.4013822633133 321.6335889065445 Oyster-Closed 0
560.8915857384272 482.5559613589654 604.1840354890155 466.916742544376 654.682836220527 606.6785931917499 611.3906234169553 622.3173402158975 Oyster-Open 0
189.76950205229514 485.3052548291241 269.4729946550797 445.72031561302606 341.01706164496136 589.7449971861603 261.3144292332436 629.3286550907851 Oyster-Closed 0
134.16392899998755 640.00000000002 134.1693771653081 506.51009171265224 248.69234211626463 506.5148832103573 248.6901604617742 640.0015417546762 Oyster-Closed 0
109.26583576205303 98.5968272347574 164.85586167946167 81.78625123111442 201.9985499358154 204.60984237061822 146.4085784204508 221.4202961703623 Oyster-Closed 0
638.1970177699986 187.89448255614988 614.4753782112093 241.07381524514167 481.00872344817617 181.53921202138488 504.7305199047696 128.3604017683253 Oyster-Closed 0
134.94521339533094 223.73403563031889 91.91550228184497 238.9150147530022 53.41197297355393 129.7805095857623 96.44113006164844 114.59963267093927 Oyster-Closed 0
