606.0142360722966 221.7599867665088 609.8859694763814 262.0110347124717 536.904044917319 269.03041715640444 533.0326016324398 228.77963496397052 Oyster-Closed 0
529.488989807287 253.74387685814324 540.8217513390991 235.25549966117836 586.8128980657639 263.4451951518904 575.4802476126497 281.933475456044 Oyster-SemiOpen 0
641.3331430927065 296.9317509662618 602.3284202603099 316.99752391186144 570.2422409024439 254.63016378643573 609.2465086069569 234.56453148692094 Oyster-Open 0
533.8493659165397 318.6046361305586 474.81083508631855 318.19361996234363 475.3126386747317 246.18274917506778 534.3502784000884 246.5937622453747 Oyster-Closed 0
418.689144999953 325.307650999979 402.28145555265655 301.8609022623234 465.5869463091949 257.5634721897361 481.9945799886773 281.0100237040374 Oyster-Closed 0
393.8797712037922 382.3958524720155 356.95933589260676 370.09362303372933 387.74220948784205 277.7198784808875 424.66184977929515 290.02196585321974 Oyster-Closed 0
444.09851775548304 288.3061239094431 474.7716999845579 309.1345842488423 423.3561934932368 384.8455292346132 392.68320319839404 364.0173061789961 Oyster-Closed 0
554.3854324885615 397.5847427423332 517.972048222 363.24272425047036 594.0373841206019 282.59698339041904 630.450220720013 316.9385226371017 Oyster-Closed 0
321.4377049351606 295.23935187816437 372.54276760177163 299.6209933720268 363.87643842346733 400.6918116396951 312.7713830497669 396.31022733015243 Oyster-Closed 0
371.9241786180646 326.86237784898844 403.1339139144984 332.8828946649828 382.831960784315 438.11510896750724 351.62225163810945 432.09468469401537 Oyster-Closed 0
466.25501800001075 459.9964339999826 406.8682756443741 412.9164141012441 484.72052802528196 314.72602129068787 544.105924869873 361.80521458354696 Oyster-Closed 0
526.5710096190742 451.89745355979534 452.65006317102234 434.1522407620479 468.18805236107437 369.43733770536306 542.1075590556575 387.1823701738893 Oyster-Closed 0
547.5285710000026 385.8034600000162 597.9903661233402 353.31059753702016 654.6749245374667 441.3320681457624 604.2135499953292 473.82440227800237 Oyster-Closed 0
222.24170474706625 405.40895645559965 279.2639535109629 399.6700804054351 285.6941250305681 463.5525998759835 228.67188605123374 469.29141646816925 Oyster-Closed 0
598.9387771000474 480.0808880430877 561.1816508963966 504.950748508549 504.10675432554854 418.31243623423944 541.862919566629 393.4430038371171 Oyster-Closed 0
12.829838076213491 495.91168598838743 3.3438505959202303 410.50961730373473 118.83096072386252 397.6836256783273 128.3183848952467 483.08402685876837 Oyster-Closed 0
127.06365699646994 409.40052574761626 186.5922250726726 419.24297225870583 171.10065692890203 512.9239724598451 111.57212585399975 503.0816857763335 Oyster-Closed 0
325.56454665987985 424.11086159378976 375.91178976792435 447.532981393364 336.90872002021933 531.3582436132076 286.56171700000414 507.9365079999935 Oyster-Closed 0
610.0510395330639 497.6281752651578 582.757045766848 549.5089194184687 466.44514868159604 488.3276559009286 493.73929447538103 436.4481448488009 Oyster-Closed 0
485.60595990020374 552.8551460878814 445.21245665018796 546.3622704823854 460.8873159122595 448.86944029732206 501.2793534879893 455.36219539162676 Oyster-Closed 0
593.9777177691576 546.7454280075497 593.9781970000331 469.12787700001303 639.9999822017708 469.12825872291035 640.0001766144123 546.7451399988594 Oyster-Closed 0
229.87697428208776 482.1680128607215 263.3866887855402 518.7946526303054 195.19327045920363 581.1711485756773 161.68425605988887 544.5451809110286 Oyster-Closed 0
71.24267710300046 587.1454889340864 51.27252177640912 542.4604169613509 171.6092290006054 488.6917368681154 191.57971825225104 533.375631938962 Oyster-Closed 0
268.90798305415956 564.0494143564533 300.03363535317476 472.14227152951815 419.73876389114594 512.6736389649277 388.61584987571405 604.5784557203588 Oyster-Closed 0
393.80787860252894 588.2506086666015 411.30740758395405 522.9993843264115 515.8454899827484 551.0282409678794 498.3477004075394 616.2779742804432 Oyster-Closed 0
635.2606644458865 616.8792511543572 520.8553949004272 652.9881399469084 485.81941073105554 542.0019218094102 600.2193723455275 505.8939318018183 Oyster-Closed 0
211.9089163283934 559.9122602999761 218.79877024410234 597.1195881972753 166.33718393713934 606.8311307994645 159.44781874241016 569.6242334558301 Oyster-Open 0
85.31350960176496 659.4198599061419 48.0035182548454 614.2967133340004 147.80240359177697 531.8002193579555 185.11167053955432 576.9221008919437 Oyster-Closed 0
276.2194327830366 642.1149339581702 206.06401038181502 639.9499440429752 209.19501736119855 538.5691334848782 279.34731514738814 540.7340751262324 Oyster-Closed 0
268.94384769031603 639.9999729586694 268.94701257821 558.1577501294529 386.97949147252075 558.1618358728631 386.9784712223918 640.0019147149648 Oyster-Closed 0
115.96318600000814 639.9999999999721 115.9644967487111 599.2492029781155 205.52378805812623 599.251448190581 205.52331762482936 640.00141069614 Oyster-Closed 0
