438.6989487889514 95.24505297566536 446.15301875033765 123.61781005280494 394.09921116202895 137.29310865239364 386.6452173134894 108.92041637712403 Oyster-SemiOpen 0
250.07993973929842 177.93875240833327 211.13681559232646 158.64975503141147 260.23216648347443 59.53122093180827 299.1749932637322 78.82013314838441 Oyster-Closed 0
269.2426410914777 106.18750009649807 307.01996679068543 84.47009494198744 353.24710667111503 164.88112204939165 315.46985559674795 186.59842668839235 Oyster-Closed 0
24.614915926067624 108.20186470158359 69.07133516426256 102.71344072221142 78.05172461165057 175.45394983618596 33.595308943476994 180.94235252647775 Oyster-Closed 0
514.0295457907632 182.68250834890466 483.3695666818676 176.8162703799933 497.47950089455117 103.07242762253018 528.1392405335646 108.93864195616712 Oyster-Closed 0
81.61663948252681 74.83504610491143 114.5955601521564 76.8922019546784 106.1396256768785 212.4502173055605 73.1607061043178 210.39307642889065 Oyster-Closed 0
126.70372402761132 184.11142699453012 94.49353856529342 170.62373028491206 122.60288057426806 103.49678254006136 154.8128411541984 116.98442540099337 Oyster-Closed 0
335.04466480662813 105.90338267812116 369.598308834029 111.11221611716508 356.6202645694284 197.20284626617666 322.0666261126462 191.99403846279608 Oyster-Closed 0
167.50225598996622 117.45485350936085 205.19955812676926 120.41975106409302 198.32235963913263 207.8586225411234 160.62505911992048 204.8937406098618 Oyster-Closed 0
507.4175128186471 213.62210961643137 468.9266938054061 227.68164300057668 429.31058296046103 119.22647760564956 467.8009035751893 105.1670447343264 Oyster-Closed 0
268.7954003613413 123.63817359162988 319.53471129243553 130.00614763050044 308.60824129333196 217.06533418975724 257.86893689575663 210.69739555979567 Oyster-Closed 0
407.8943768917088 255.37945237639548 371.30132078556926 247.10509682576537 399.93892159109237 120.46169627679676 436.5313830712694 128.73598502728663 Oyster-Closed 0
159.87958177815017 253.57108017390527 125.42717390904727 252.68076710419075 128.52221745495626 132.9320994102652 162.97401432719198 133.82240442222286 Oyster-Closed 0
640.0000906187779 222.455291 612.9190497339732 222.455291 612.919174022536 166.27135500000006 640 166.27135500000003 Oyster-SemiOpen 0
251.87790134048555 230.0573850216245 204.6911569252552 218.82611646046405 216.38124660566973 169.71410379219913 263.56765015400015 180.94532986202108 Oyster-Closed 0
370.6655353608221 158.0969906756368 405.97460396376846 166.56978747146303 381.7059314078506 267.7026156693282 346.39688738869154 259.2298878307721 Oyster-Closed 0
122.44451893857331 270.8750329778616 77.35801241702575 266.6272301814406 85.28644193102082 182.48049600883846 130.37234832598187 186.72827154326353 Oyster-Closed 0
307.0547775389423 277.63290330060124 276.8474051404337 265.1601564774989 311.78403469712066 180.55238679559008 341.9909952812304 193.02503764255147 Oyster-Closed 0
8.194909824742354 185.59799650542283 50.004047247130075 189.3794675803022 41.94743448380905 278.4526517638421 0.138300701364642 274.6712096904348 Oyster-Closed 0
165.37409162672702 214.65136761051778 191.7767481138435 216.26488200179026 188.69877549390367 266.62904230067664 162.29611960356124 265.01553521386603 Oyster-Closed 0
270.0005948921171 205.74766536597392 302.28520185657544 226.9839811232992 262.6042015474377 287.30639555275553 230.31970494826965 266.07021974043005 Oyster-Closed 0
223.4742508742056 299.45142704179517 188.18281466352346 293.0675545331565 204.17956352277542 204.64022753452508 239.47042803709337 211.02404754094093 Oyster-Closed 0
309.54619182026363 0 332.40876758754894 3.079130799892611 321.6164623016084 58.76122383410411 298.7538871099241 54.33000341640852 Oyster-Closed 0
120.749677961212 325.15195767359 74.32637166522909 321.56768639100255 81.81877716509916 224.53998463168296 128.24115261675615 228.12421949883378 Oyster-Closed 0
19.852217774750898 237.23422355079393 69.71930703148246 226.76414585256165 88.44734693375358 315.95783730605683 38.58028761205787 326.4278170568384 Oyster-Closed 0
125.30530429707142 249.3821673367896 169.53091473027598 249.84727569801564 168.51431736693485 346.50627519493764 124.28870692114288 346.0411717919437 Oyster-Closed 0
401.57943609818176 347.7691603408087 361.4992787328083 347.5453943408538 362.04287074826425 250.2616733741748 402.12217100001 250.48543699999996 Oyster-Closed 0
224.0780164943135 334.5991303819769 195.44775875379855 345.78075602461985 164.62987942315522 266.8772104363393 193.25966664822772 255.6956858537498 Oyster-Closed 0
237.97932337598468 341.3138254207005 206.94381601038913 336.43217149074144 218.17420640290948 265.0408572144752 249.20921946708404 269.9224716516436 Oyster-Closed 0
326.36056465453294 27.343205979073588 325.12938312400365 0.19022422358437321 368.59655111358734 0 369.8277382955712 25.372292468233034 Oyster-Closed 0
355.0687836499128 369.1798602741162 317.92572268379445 365.7047186637583 328.2544752224203 255.32327766129532 365.39657950597757 258.79837400527856 Oyster-Open 0
267.90162322606193 365.4209765739124 229.64318142701813 355.53482098042883 251.34407915269549 271.563076078128 289.6017499276786 281.44912511380835 Oyster-Closed 0
0 277.728743 40.565309 277.728743 40.565309 393.527508 0 393.527508 Oyster-Closed 0
83.23484316126269 380.04196120075153 38.93965666269651 381.47273063499995 36.30414800027211 299.871472264863 80.59844299998076 298.44071700000086 Oyster-Closed 0
152.71115601855854 296.7293575465138 192.17463188804686 287.49883827922463 215.54633697713143 387.41246870419627 176.08290217584 396.64286725189726 Oyster-Closed 0
270.4221083877201 382.45957745079073 233.922447541554 415.8455218088989 182.90002162037126 360.06990830943096 219.39924799997243 326.68431800001963 Oyster-Closed 0
375.39987132913666 404.47731062686154 347.0040164487 372.37536339079924 401.90322222333634 323.8190400393529 430.2988579290104 355.9206785390397 Oyster-SemiOpen 0
640.0000884517067 397.411003 615.6249522018334 397.411003 615.6250499706948 368.2847909999999 639.9999824193947 368.2847909999999 Oyster-Closed 0
137.71079952035507 467.0778640594923 72.72246563705266 453.80619561066226 100.61060940970492 317.2669146307306 165.59639910236 330.53831641508503 Oyster-Closed 0
555.504412305163 462.27017935672427 498.40300695286714 456.43967174841924 511.34133186111285 329.75291533601853 568.4406471325201 335.5833165984641 Oyster-Closed 0
560.1263981078955 375.03906962272606 602.1928916172328 359.6719051509134 631.2699721768149 439.25909104816196 589.2035783705069 454.6260583135613 Oyster-Closed 0
24.8479205188778 361.33228847689173 74.3812595547206 358.03839342815127 80.63978384358052 452.14277721274686 31.1064500870998 455.4366254240905 Oyster-Closed 0
323.68929924494296 467.57586473829 294.91404797896394 383.7201848309741 355.121378276599 363.062617261306 383.8970375878853 446.91748068350995 Oyster-Closed 0
157.57408228731947 378.1629178519795 186.44465015757305 385.9959170343501 168.20322912819393 453.22102839839476 139.33269469438528 445.3881135739663 Oyster-Closed 0
185.20270508524845 385.22630739289093 231.5036172138207 388.81545971165724 225.53379638389742 465.8175296115439 179.23288937636244 462.2284213064286 Oyster-Closed 0
427.04360444651684 501.3468063017641 375.54721226777474 498.93793172680773 381.7793591391819 365.75226263808594 433.2736470748205 368.1610895600762 Oyster-Closed 0
403.86131670704344 424.2488917006498 464.9271412156668 375.3959884975245 537.3460035615426 465.9070624696235 476.2810320366407 514.7590229362876 Oyster-Closed 0
628.3708037251927 463.34650895557854 610.7252251975297 492.45975213240024 541.4868302757532 450.500283213578 559.1323840040423 421.3874388855223 Oyster-SemiOpen 0
317.0193679079239 518.7574771529596 269.5611160698172 521.7173715966719 261.2464242881106 388.4048040608046 308.70253332053835 385.44497684555165 Oyster-Closed 0
83.90597927449562 79.11659558547815 57.74909192776249 57.42945187334742 90.76520839415025 17.608786977337523 116.92206340609118 39.29590899026982 Oyster-Closed 0
112.9220304042974 427.6174099861897 167.1880507764581 433.3815678522996 155.34092444067937 544.8961889019508 101.07492273753451 539.1321484066077 Oyster-Closed 0
553.3780552203098 548.1030187967627 489.982628948419 524.7029591836751 523.4801787156903 433.9713855486261 586.8735749130428 457.37103081814007 Oyster-SemiOpen 0
465.15854690507695 555.6179064548639 421.0012961072789 565.9706544368988 397.09356111256056 464.0146138453308 441.2490934347443 453.66207819989324 Oyster-Closed 0
363.55325330310734 565.6317792786447 307.30779997036734 507.3840966990969 367.51962451453437 449.25358970101297 423.76425934293366 507.50037885662323 Oyster-Closed 0
183.59619421258685 452.32361918907975 219.29907337602344 464.4311787554934 181.4823583827092 575.9242424910842 145.7796084425354 563.8169546988222 Oyster-Closed 0
178.21977670057095 24.766949847222474 204.77086157545273 19.43022919876212 217.27527781557 81.64171077487649 190.72419513919158 86.97842468132961 Oyster-Closed 0
640.0003274801566 561.4722260000001 607.9645267851447 561.4722260000001 607.9649958208029 495.79288000000014 639.9999857626972 495.79288000000014 Oyster-Closed 0
557.0742531526776 505.00585253416546 611.7184843668656 499.55355841755755 619.3882184591348 576.4055026292676 564.7439999211929 581.8577121256957 Oyster-Closed 0
283.1097455682175 501.3038391337273 363.2326672694762 514.2473532704926 344.2226743786887 631.8955975794925 264.0998295188183 618.952410364875 Oyster-Closed 0
86.52966555360763 625.8853592153926 52.47429892566288 623.892930203263 58.019421792196226 529.1504506981826 92.07341345681925 531.1428395716478 Oyster-SemiOpen 0
160.71241826270125 96.28370831939158 127.07504305559269 83.43771649980523 150.3754527647834 22.425691794182097 184.01273974464857 35.27166454244001 Oyster-Closed 0
361.4680482362746 639.9999568528566 361.47065199496865 525.8528341904475 439.4447831200523 525.855060013377 439.4441115841619 640.0002334612357 Oyster-Closed 0
368.9175746610272 94.23255363051142 331.8998123835627 91.75238552844462 336.28029551313375 26.37243440804331 373.2979617365345 28.852599554636093 Oyster-Closed 0
529.2563504450663 644.0332027683032 489.7705488486099 616.5303712034013 538.288698495162 546.8928441283813 577.7734332542605 574.3951515363317 Oyster-Closed 0
589.5461177775724 640.0000611583225 589.5476448703994 539.4523143981083 640.0004174817877 539.4533634039585 640 640.0000000000103 Oyster-Closed 0
482.9035533894057 553.0155962290901 533.8150368209608 579.5748353130974 489.309432445516 664.864046472345 438.398331999997 638.3053830000096 Oyster-Closed 0
583.2900906663417 647.4885789061153 531.9441139999981 639.9999999999997 541.8864505501551 571.8564287989368 593.230853399873 579.3448911860156 Oyster-Closed 0
386.7393407768395 105.03822594441574 356.13130403529794 94.11005988130378 383.253503947999 18.145563869822357 413.861440214896 29.073710556582174 Oyster-Closed 0
414.0585095141432 95.87838037714688 406.7015033378266 35.988607434690564 455.5299550622294 29.99042179786471 462.88702022451616 89.8801261709488 Oyster-SemiOpen 0
237.6965160277905 102.61842011427298 201.12005200724525 74.33771462311437 237.74162254165276 26.973915822804774 274.3180262359965 55.254586163429245 Oyster-Closed 0
354.62822052686533 92.33132792366006 321.70852925410145 110.60270822230734 287.03519676288124 48.131654950905165 319.9547876975703 29.860309532737904 Oyster-Closed 0
120.08313771184476 49.31372595951591 141.82710336557648 56.899636217231034 120.77723612266709 117.23588252249462 99.03327753956546 109.64998738113158 Oyster-Closed 0
16.90447613138531 53.01771169415589 54.1439859658567 64.85217953341595 35.69617630651919 122.90156537199671 0 111.06712113288977 Oyster-Closed 0
176.4091287714109 55.8531250424333 193.88928673346527 60.22093992969502 173.75863149507495 140.7840615688806 156.27847846510122 136.4162599280856 Oyster-Closed 0
