274.0163896365266 93.2036176376717 278.0113105342025 123.18084771505964 186.37481853962527 135.39243758906775 182.38002867517935 105.41532562713749 Oyster-SemiOpen 0
359.43660309189 164.94093188471038 371.5159524157207 99.73229867300273 442.5060161197325 112.8824299655561 430.42694173491327 178.09082289374712 Oyster-Closed 0
127.67699035437545 104.92710663835888 151.04571213341842 167.65096589351737 78.61005845705222 194.63720614724042 55.24165908464056 131.9136221963538 Oyster-Closed 0
0 89.751889 68.799065 89.751889 68.799065 204.394602 0 204.394602 Oyster-Closed 0
186.79580035081017 188.80826123670403 177.56337490653095 138.29220451347942 263.60117744006857 122.56793365139812 272.83379976775905 173.08373326510304 Oyster-Closed 0
387.20559190369386 202.35858623086241 325.53748761842144 238.22517575404476 262.05069321455085 129.06939806326366 323.71803641122824 93.20309213191214 Oyster-Closed 0
633.2894256033615 166.13082919788124 650.3723286111199 188.10758607736716 607.52916919977 221.40927151485818 590.446360435235 199.4326008252672 Oyster-SemiOpen 0
151.115154652216 271.53033494555996 105.46832481406454 241.3716776430918 165.3738846390479 150.70496789568142 211.0201343643712 180.86336457182327 Oyster-Closed 0
236.6639506068168 257.1257328394472 178.90025660082756 247.14096460605356 191.87418586698186 172.08966660406367 249.6371836742037 182.07437267251157 Oyster-Closed 0
74.3179352057632 186.7028697620325 89.86256446616608 240.80390790990373 11.568888192996383 263.2983995213595 0 209.1977336134865 Oyster-Closed 0
138.54515099999844 346.9255659999879 113.13290258804045 276.1535335432113 229.9038562358328 234.22653062112505 255.31655301667342 304.99765235636926 Oyster-Closed 0
126.5321195742581 366.0317320214497 53.92148804523458 361.96634692375153 59.96739155234536 254.00600430305724 132.57617112773005 258.07133659146973 Oyster-Open 0
237.00462612090632 305.3760926783699 281.56259783128917 277.7783284754839 327.59747598574904 352.0985592404526 283.0397334617737 379.6960288002916 Oyster-Closed 0
153.5260766182182 402.5364369888159 148.14163803122938 318.9198521289379 260.5565507371648 311.68151239027793 265.94215411249024 395.29682610657267 Oyster-SemiOpen 0
594.5925808334141 376.0926216390002 638.9242857619683 366.45861373116315 646.4860456368478 401.25094088975686 602.1543569761707 410.8848991975001 Oyster-Closed 0
399.5915237854206 344.65729910339206 483.46562931074004 318.550659058682 517.5443507482851 428.0261408762286 433.6704376130365 454.13234924121645 Oyster-Closed 0
424.87957178163924 451.99085042784617 369.69236165801703 407.5569214011033 420.7513098509662 344.14970548193037 475.93768051301595 388.5831044709059 Oyster-Closed 0
505.4753270096262 399.71162324662805 545.5885734390176 351.36733687593517 620.2657605741842 413.3229995659776 580.1532733056229 461.6665760612611 Oyster-Closed 0
34.81473924170132 375.2551544673763 137.62988741022127 350.0985821978194 162.92563030467136 453.47040233089547 60.110628577531315 478.6265579399118 Oyster-Closed 0
225.9760258406459 497.3548889968651 139.09470747952582 458.49305251589055 191.8697288842668 340.52636909059544 278.7480925521231 379.3874504546868 Oyster-Closed 0
426.3392788245983 441.0616817190018 370.8827092029969 537.2353545500945 233.487246442819 458.0184534319289 288.9438351294666 361.8472990362044 Oyster-Closed 0
0 386.623517 45.991186 386.623517 45.991186 507.443366 0 507.443366 Oyster-Closed 0
478.7000955242547 448.0184517409493 496.28321450261865 410.26832262192556 589.4739523337921 453.6678936889476 571.8916058908508 491.41736353529376 Oyster-SemiOpen 0
533.6299586344103 481.68851098054057 513.0355818002863 514.2835684752157 431.65788792961393 462.87497978798615 452.252188131024 430.2804808831062 Oyster-Closed 0
513.1747159251245 509.4464442543398 463.03355713986093 566.1856753309904 383.5898469779204 495.99251791075255 433.7301770201884 439.25442869761355 Oyster-SemiOpen 0
206.6889842961973 514.3817376028103 244.6810540000297 455.66343099998966 332.92624425012036 512.7493584364037 294.9355073356128 571.4664897922994 Oyster-Closed 0
101.95712275839469 578.0670266519571 62.068954346177634 487.7899341904731 186.293711031758 432.9124295857755 226.1825467334711 523.1872187196361 Oyster-Closed 0
640.0008090263873 560.8720059999999 580.0868385677313 560.8720059999999 580.0877708383632 486.191137 640 486.191137 Oyster-Closed 0
500.9184894372447 500.8269810547255 573.7446144932619 507.5085610647511 567.0915129492641 580.0089455579108 494.26540056192607 573.327463232203 Oyster-Closed 0
0 506.703652 114.427442 506.703652 114.427442 634.674063 0 634.674063 Oyster-Closed 0
126.64455265257857 639.9994974865388 126.64937064844707 528.1512236075521 276.12568533120793 528.1577439833816 276.124514978801 640.0022882490624 Oyster-Closed 0
273.9249941192975 639.9999575598139 273.92790647485526 570.3161776808896 392.44543722110393 570.3204483350988 392.44438849695143 640.0023669904925 Oyster-Closed 0
635.0999411677913 640 451.2698945482407 640 451.27315440389793 576.48328 635.0978972680605 576.48328 Oyster-Closed 0
144.96910123591078 21.78695955367756 163.32300984453468 84.31501452914605 99.00299638589786 103.19475477051944 80.64919079246465 40.66677988931458 Oyster-Closed 0
157.58473719346512 104.10651274115133 124.69380142902082 65.7567519788449 189.65838334370346 10.039633662261142 222.54926583140332 48.38931619294839 Oyster-Closed 0
225.60313949681586 98.38186466378474 225.60333075576636 29.34183569585513 315.4092743432557 29.342067003966584 315.409230888763 98.3819456720665 Oyster-SemiOpen 0
103.33273842545168 83.38088172219824 60.41946253775677 119.57674779818163 5.744572020194028 54.75514368881257 48.65773308185453 18.55935570855691 Oyster-Closed 0
