504.578609472228 185.30644158987866 452.4242750185658 157.28150867019446 497.221623929654 73.91537349693216 549.375586737151 101.94018444715695 Oyster-Closed 0
51.66504411732603 127.12344026260268 128.33629837448825 88.31289394411549 158.78120866749668 148.4569891424277 82.11003959724621 187.2674028955038 Oyster-Closed 0
284.6921376566752 111.03649713707723 301.9282586979534 153.56965419869104 214.02074713441834 189.19232402963905 196.78488861507503 146.6593880032658 Oyster-Closed 0
530.2097948326264 213.865246749229 515.0369849864364 130.91579257302814 615.7327449709555 112.49723066646854 630.9059539367445 195.44615073545899 Oyster-Closed 0
163.73316599994723 217.4757289999832 123.48444194358308 190.3698423402237 181.60109919124807 104.07620031655304 221.84948426838673 131.18193233175052 Oyster-Closed 0
355.16110309472424 112.27598410090727 414.90915720627527 132.49628782833443 382.8404559023329 227.25270685238655 323.0924543320725 207.0325275204816 Oyster-Closed 0
313.46669347207353 255.27186775890482 250.9468579737586 245.6938020595939 268.8892060916987 128.584743010366 331.4079517837672 138.1627211513392 Oyster-Closed 0
436.6766062836541 233.63339806551983 426.50943050684873 174.0793775774904 509.79262929438846 159.86148324635056 519.9600967447623 219.41512349854403 Oyster-Closed 0
538.2064532354707 40.12041920254005 536.7776576513279 6.271506537819747 595.5599910993624 3.7902418420945923 596.9888022704981 37.63913772412252 Oyster-Closed 0
165.2263233919075 270.53797607596056 137.7176521968795 224.38762379997917 222.9918363159959 173.56035340078566 250.50050161553372 219.71033961961905 Oyster-Closed 0
18.17449543021212 271.4943057386326 6.787397719963337 186.41528075174537 95.21643933228916 174.58027279311654 106.60406415263424 259.6586514865492 Oyster-Closed 0
640.0005271468399 288.58684 586.5879002446309 288.58684 586.5883476370072 187.95915199999996 640 187.95915199999996 Oyster-Closed 0
355.0178663526458 205.45418098307016 383.3052947210672 239.81865244618703 341.7985034490266 273.9836963854922 313.5112507469603 239.61938919147286 Oyster-Closed 0
576.8801171717496 212.66236540441471 590.307532690349 254.6068354573015 491.8413861843874 286.12608604599353 478.414443759757 244.18201924618523 Oyster-Closed 0
477.39202350036066 230.54101105089995 448.5947226841381 299.05258204987786 385.0579293341434 272.3472338813263 413.8553759529168 203.83610843574263 Oyster-Closed 0
184.1467700334033 210.93192303789547 258.31653534798534 226.69989684765966 237.57068481871102 324.2797179976426 163.40097396554484 308.5119022765858 Oyster-Closed 0
259.74199193748063 314.04243542790755 242.00898183567915 260.5999501688965 325.31702610707725 232.95861648208358 343.0502793258347 286.400611404225 Oyster-Closed 0
418.19452927986276 48.49242273812335 413.08111194201047 27.359650133158123 517.4586594160792 2.1037662050205355 522.5720909142547 23.23651739394654 Oyster-Closed 0
477.49390534452687 263.53190308391186 501.0672645489831 312.9303325163352 445.3250318339997 339.52882342424465 421.75207368971314 290.1307350621207 Oyster-Closed 0
333.3966027797578 285.2406750266157 362.3667725917039 243.37392107879108 447.589664857951 302.3413296386923 418.6200293689035 344.2076073023105 Oyster-Closed 0
511.0263037905679 389.4061929787297 453.79155415983405 334.3620890420566 546.786344742286 237.67439673293848 604.020206142377 292.7176729769166 Oyster-Closed 0
0 278.230852 81.329166 278.230852 81.329166 391.456311 0 391.456311 Oyster-Closed 0
322.80196027699276 296.1965808077994 405.78366595116677 287.52074246923047 415.10207426559646 376.6415040233781 332.1203837732173 385.31724481811983 Oyster-Closed 0
526.8772037791496 378.3703917034567 484.1881855484826 440.60042247204024 396.1271313711768 380.19716279713737 438.8159271094628 317.9680536971912 Oyster-Closed 0
188.003464256617 462.98464509188875 150.4163938878628 352.5409132106318 293.56158510527166 303.82958720000437 331.14984459061816 414.2709492055428 Oyster-Closed 0
640 0 640.0000205667311 85.30957100001581 605.4600564760767 85.30954686489034 605.4600829006813 0.000023345238689694245 Oyster-Closed 0
330.84364396905585 469.3426791308109 283.5434151283698 420.0940310773577 332.9843801573588 372.6157248242621 380.28413963817 421.86385282947043 Oyster-Closed 0
351.044123085303 443.71021166625263 369.30429835520044 379.94402632729305 469.35577267271583 408.59105410815584 451.0968291026802 472.3561838765452 Oyster-Closed 0
635.7637503379374 521.4225873896905 530.4293115722248 527.4202724999794 522.9095411630988 395.33441987994433 628.2392336172779 389.3368703583586 Oyster-Closed 0
208.063793429028 540.5507190419105 219.18958910173387 422.3344492201556 326.35020081332186 432.41818796530373 315.2268992532481 550.6321510106854 Oyster-Closed 0
326.55396906789974 582.3239078662966 288.072640411483 542.0882094143187 388.4218479341507 446.13409403765985 426.90225444071984 486.3687498446469 Oyster-Closed 0
213.6157069713954 14.665397087785944 231.17974001084804 61.2214845988354 148.58972879184876 92.37972017642902 131.02579210149997 45.823714240067176 Oyster-Closed 0
640.0026265830093 628.218625 549.2617823337059 628.218625 549.2641377598193 499.009851 640 499.009851 Oyster-Closed 0
162.0546721376013 628.981243373883 96.73055674735224 612.2778921066304 118.09644366032444 528.7463999987461 183.41826360687264 545.4494439940202 Oyster-SemiOpen 0
352.19265403051395 22.74054940341102 374.0007548430003 74.70991945204419 301.6154668696254 105.08500793549757 279.80747697205516 53.11573088233648 Oyster-Closed 0
449.9986974368221 94.26815234758799 459.0909659690078 31.676131068848775 574.0009571559494 48.368141773378184 564.9089070443006 110.95995994825672 Oyster-Closed 0
245.5808246917877 43.28200534427233 281.4660764475411 69.62137218008533 236.51634505105903 130.86135592894271 200.63115087621554 104.52205387177743 Oyster-Closed 0
67.43407835783728 32.42115651308228 99.49077976489207 87.76402206113617 24.82583204189723 131.0124235859132 0 75.66971301624302 Oyster-Closed 0
353.29453660480794 53.00408221599339 391.0804096798529 70.38562635942122 353.3038842405949 152.50768131505708 315.51804732393066 135.12619636948463 Oyster-Closed 0
