54.459471433001454 103.32899750472015 124.59940699191066 69.8544393682342 178.09945900720777 181.95301916428633 107.95967723810463 215.4273527378912 Oyster-SemiOpen 0
188.69766455129138 55.09184916648735 284.05587336674216 53.73728590814339 287.08540453444584 267.0062682486003 191.72719692673127 268.36081411443786 Oyster-SemiOpen 0
319.67492011252034 95.9121328876531 417.3747727530281 118.59746063547364 380.13619485449453 278.97058746226173 282.4364192383655 256.28551927790886 Oyster-Closed 0
492.96252000000095 317.845117000027 484.8763941442303 228.0055039676322 632.7383887599717 214.69696289080164 640.8257051825785 304.5353165486735 Oyster-Open 0
0 213.803971 38.611991 213.803971 38.611991 365.032637 0 365.032637 Oyster-Closed 0
40.020135599625064 374.0123919176744 0 336.7350985698517 69.49815837200731 229.603667087047 119.65132677010843 266.88045280106803 Oyster-Closed 0
545.6373104768863 241.28184393265812 660.7171387050039 309.39048960949845 599.0450292068272 413.5858252358588 483.9659503693838 345.4781836431309 Oyster-Closed 0
364.4317606223922 385.75619483999765 300.3936902662099 392.0293016198632 290.41677584937133 290.1818398858872 354.45320817889296 283.90881397728765 Oyster-SemiOpen 0
64.28971708803147 423.4036102348876 54.10708033901756 285.9803244593021 189.2157007555943 275.9699373446236 199.40055646460678 413.39083629205993 Oyster-Closed 0
139.88305282786314 358.82899800782025 179.1691751610051 453.68614399845364 76.29437422743649 496.28514254482405 37.01023370260373 401.4296768342854 Oyster-Closed 0
366.3207158171281 428.75381097499996 469.8503551864269 320.22748945300384 661.7948626844009 503.30982231445626 558.2703047280665 611.8311642656507 Oyster-SemiOpen 0
196.0045616489515 389.26832402741377 281.9140431655251 357.2602711134866 343.3651507923787 522.1726419281357 257.4561917356914 554.1797394770699 Oyster-Closed 0
345.40124168008333 581.887056955394 270.2006517308473 573.0911317942396 295.76171919376065 354.6250615184207 370.956710287428 363.4206595887386 Oyster-SemiOpen 0
620.1616406189714 602.6899000123292 493.4340573422378 700.8025520381302 289.02701820610673 436.8248624234484 415.7437340144679 338.71858904707045 Oyster-Closed 0
524.5337402595032 118.30683390962498 474.1681236153818 79.97897327320392 542.8360728976259 0 593.2015363606479 28.072401510821337 Oyster-Closed 0
2.1969820000231266 85.82925199997351 0.09514702192973346 36.56339820801375 64.92501922301017 33.79755486143467 67.02692119310086 83.06333511006312 Oyster-SemiOpen 0
582.5615915258095 12.483055254404649 663.2262084809918 42.431429415758465 620.5246985696431 157.44545428366965 539.860148000007 127.49719400000222 Oyster-Closed 0
