462.45555031389813 229.50609902442312 482.78692336440145 129.89311063933673 660.3294808958162 166.12905863448006 639.9996279155312 265.74069812526284 Oyster-Open 0
173.97465683170594 246.72055373782914 94.63018991846184 290.79095711302136 44.937601342753624 201.326675434519 124.28092431604455 157.25667381094277 Oyster-Closed 0
183.2999362933333 251.17296047551088 258.3723757557891 183.47737856898033 342.4363647115388 276.698084686996 267.36471907934174 344.39284050847743 Oyster-SemiOpen 0
451.4910200000304 286.361185999967 505.7477444384858 157.4791908504671 659.2551511422789 222.10005060962635 605.0007766760245 350.9800687696236 Oyster-Closed 0
0 234.25794173887394 33.605576507688966 186.83813667049745 134.83974197108182 335.0443655444493 65.41470967291389 382.46328431897524 Oyster-Closed 0
0 312.128055 111.840802 312.128055 111.840802 423.56400300000007 0 423.56400300000007 Oyster-Closed 0
256.96624756528763 286.53938428786256 327.96716589109565 313.21446223817685 265.1140887475776 480.49242722677974 194.11352513365273 453.81803257228194 Oyster-SemiOpen 0
642.6836021488998 484.1385734861205 505.4796469012945 590.3584718277828 321.4765764593176 352.707602663928 458.67214080186386 246.49265010839616 Oyster-SemiOpen 0
115.06204730088939 329.3820828632944 230.70833594705618 305.92207769024816 270.28811095515266 501.0097784138402 154.64207429431553 524.4690633790741 Oyster-Closed 0
580.9897301040473 559.959507402374 418.7890513171442 686.8498834280495 199.23209760723694 406.2323785885578 361.420032542228 279.3495404823829 Oyster-Closed 0
0 12.558500000000002 65.171305 12.558500000000002 65.171305 131.575412 0 131.575412 Oyster-SemiOpen 0
121.61297216152889 0 240.38500499998918 0 234.44233551163052 205.60275757813878 115.670302162398 202.16985834744293 Oyster-Closed 0
