208.23229499997979 250.68249200002037 202.27651147099095 142.0595710647363 323.4579003998806 135.41537132905248 329.4145775245124 244.03732316005997 Oyster-SemiOpen 0
280.11407383273763 106.77971457801053 406.924664593389 88.18620795667542 436.9067097387597 292.6638745983171 310.0961698608444 311.25709838165005 Oyster-SemiOpen 0
211.47810850648966 304.360063217271 112.87862958131882 297.26289070461024 127.81214093549352 89.82276633468422 226.4086634409614 96.91983295551566 Oyster-SemiOpen 0
462.2433338310657 239.8463065474108 559.6206915464427 277.918735585828 504.00858625856927 420.14544768947127 406.63160567222803 382.0737396454978 Oyster-SemiOpen 0
0 303.69323387608796 69.91364202949626 227.03707566061945 180.3237662108586 352.28412240494254 93.3622804319748 428.9387025248907 Oyster-Closed 0
159.67466456597322 432.29067147261844 161.3736304093618 320.04764908178123 355.5368093859579 322.98517823791656 353.8409527175827 435.22514008118804 Oyster-Closed 0
0 322.499815 66.063183 322.499815 66.063183 502.605415 0 502.605415 Oyster-SemiOpen 0
194.4964726233593 559.8881930634657 165.23895350008388 438.22002268360575 315.1941277075821 402.1661175055396 344.45392176574387 523.8309172640302 Oyster-Closed 0
605.2518811381742 397.87315662358606 686.8475579036021 468.82917424282164 536.4407163918077 641.7519834125778 454.8479200346628 570.7990533357164 Oyster-SemiOpen 0
211.28446127608186 69.61722245973965 208.46642259355576 118.30361020748643 73.81919792889676 110.50965660302973 76.63744177283661 61.82348167116192 Oyster-SemiOpen 0
