42.15032899999642 639.9999999999887 42.166992524580564 401.5619894698764 246.25604761356954 401.576500008572 246.2488008561195 640.0052088926567 Oyster-Closed 0
146.67321785986132 351.98230945442333 312.9134062781668 284.91978427683074 430.58516181808955 576.5777866961662 264.34706527033995 643.6366710660141 Oyster-Closed 0
183.3572992693371 448.047905538622 64.26669675558514 281.66058738268725 224.87157886251225 166.71782727779686 343.9611315639195 333.101584062877 Oyster-Closed 0
0 253.07189499999998 139.751007 253.07189499999998 139.751007 568.888888 0 568.888888 Oyster-Closed 0
149.09114767840947 7.564403980294419 279.23182085636654 122.98410830367906 104.89026862058381 319.55639826433475 0 204.13838173199463 Oyster-Closed 0
320.5874878810573 178.19245232749904 509.8761652990652 140.2407244269455 580.6437572768482 493.18052461874066 391.3556468816387 531.130529916981 Oyster-Closed 0
323.1047801124805 294.6962830765455 459.14774755146937 318.5604660298538 399.0954771621182 660.8474762936564 263.0528491106088 636.9848016329233 Oyster-SemiOpen 0
575.3265296616883 333.9414451872074 647.2361974116939 353.42333828770677 586.3841082136787 578.0025707266456 514.474734164105 558.5214418068747 Oyster-Closed 0
640 0 640.0003437431587 255.163400730778 573.8069176678255 255.1629902117122 573.8073800036364 0.00037006083031869457 Oyster-Closed 0
626.793931999855 0 626.794284049538 177.77789472643803 534.2344966754899 177.77765626112603 534.2346769999858 1.2261038297041858e-11 Oyster-Closed 0
467.9349008805002 166.49680487090168 564.8266111015982 129.44565076466276 653.9217154988 362.42745048878277 557.0305135632952 399.4777034855469 Oyster-Closed 0
419.16154099999403 639.9999999999882 419.16855450755975 533.3268380915606 602.9915808445367 533.3372351761004 602.9888588505128 640.0061215702168 Oyster-Closed 0
613.648047 324.183006 640 324.183006 640 624.41908 613.648047 624.41908 Oyster-Closed 0
195.25311227822385 13.56303064022514 374.685664582139 0 438.40348688805534 248.29269163407955 258.9711253749556 289.6959907558785 Oyster-Closed 0
128.21811399997387 0 128.21819895900262 89.93467258745211 24.500097305572126 89.93460155494566 24.5001657649118 0.0000034027888710480007 Oyster-Open 0
531.7382989996986 0 531.7386974016699 179.86947617804344 392.6413122194208 179.86904647023422 392.6417570000194 6.7745814715172906e-12 Oyster-SemiOpen 0
528.9901811357413 48.104415483299604 569.443925606829 68.7932854347009 503.1256514791312 198.466507564671 462.6719990000129 177.77777700001377 Oyster-Closed 0
