0 596.69358 74.133232 596.69358 74.133232 640 0 640 Oyster-Closed 0
113.75105772094685 546.4616830210548 144.4002936376637 390.43040428120895 357.5371917227312 432.2901720330651 326.8950424093782 588.3151375681281 Oyster-Open 0
143.98985724204977 448.4481372487451 111.9503658276517 411.65343310404666 164.23447004781337 366.1322702882705 196.2736969670368 402.92658788214845 Oyster-Closed 0
155.11642083474726 390.86583011487323 172.54458283125132 331.468336902328 240.89661415986484 351.5219915537903 223.46913832087012 410.918896355629 Oyster-Closed 0
362.40000813144434 639.9985131612916 362.41224293145933 499.49863413035916 640.0039665372606 499.5190183278952 639.9999997270788 640.0105930271735 Oyster-Closed 0
0 316.186083 60.465743 316.186083 60.465743 423.633299 0 423.633299 Oyster-Closed 0
47.67584483954124 326.50964365635355 0 319.5215389115733 6.95667331579898 219.73245781733948 60.66072465451725 226.72049045264095 Oyster-Closed 0
275.1187108567683 209.44616648159882 205.56868915897212 212.5383363186482 197.88702162688423 39.74860970443749 267.43597021770256 36.65646314335156 Oyster-Closed 0
364.2436905429349 66.16870502918769 385.8466928060079 106.72164778604855 328.9481014087505 137.03181491739284 307.345216981048 96.47897349226987 Oyster-Closed 0
338.3373130000109 166.08996599997195 324.9928647026536 130.49255405379884 371.9558849243913 112.88771231351635 385.30037298092793 148.4850310900578 Oyster-Closed 0
61.55972499997006 143.9446359999958 67.41715201176703 101.2373314787729 132.08429676131345 110.1064689341271 126.22701492880879 152.81364497874324 Oyster-Closed 0
