543.9887955504673 343.3947717804603 411.78245562703523 274.63572154621824 472.3883786355145 158.11478656450805 604.5920094746543 226.87297630869722 Oyster-SemiOpen 0
147.91971952479798 506.91183798704884 18.93216191609099 523.9901235259923 0 223.12105898915536 108.07459605632175 206.0434261630763 Oyster-SemiOpen 0
155.4384997010493 435.0436926259042 211.405652295216 488.1896813581052 119.16246885302826 585.309182936919 63.19661042471125 532.1645301653682 Oyster-Closed 0
153.98368926005787 447.95098735533304 24.06164231892035 365.5139259623975 154.2525518203911 160.3529308404033 284.1693761057104 242.78777847031787 Oyster-Closed 0
225.07271544935065 623.1086576262313 96.44047684130783 560.2816543002725 245.50763633436873 255.14281826322204 374.1283481112623 317.9665434144284 Oyster-Closed 0
0 160.687406 48.013904 160.687406 48.013904 280.138465 0 280.138465 Oyster-Closed 0
387.8742896414042 186.6680462831173 249.51098524856206 166.2061575917059 277.11766791151604 0 415.47892800001136 2.608054838800084e-12 Oyster-Closed 0
225.50667020586843 188.81472656105015 306.97746293277305 116.3848206530443 471.7182768422208 301.68253568835416 390.2490766461415 374.11076018625806 Oyster-Closed 0
332.03481568198185 394.8759051266049 463.68407942289195 457.6321326902294 388.15292697887344 616.0495317906916 256.5049786808959 553.2953829926006 Oyster-Closed 0
351.2001662515104 134.69055106941943 433.1693172542873 110.14530030222373 505.51534472804633 351.7370777882969 423.54641825542785 376.28175873193993 Oyster-Closed 0
