0 391.666667 110.117311 391.666667 110.117311 640 0 640 Oyster-SemiOpen 0
0 0 294.362208 0 294.362208 281.25 0 281.25 Oyster-Closed 0
423.72561297052016 0 423.7258894250408 116.66674043024625 221.38459706897265 116.66653107529089 221.38481099107594 0.00002362914426392719 Oyster-Closed 0
597.5169257368543 0 597.5171954616962 127.08336111583338 413.2717711418809 127.08309089265757 413.2720349999727 0 Oyster-Closed 0
639.9999987872434 0 640.0001408557728 154.1666986208949 573.9962260827451 154.16655150983433 573.996380745084 0.0000793985688601496 Oyster-Open 0
640.0066770694684 577.083333 524.3390135533264 577.083333 524.3462370202178 143.7499999999999 639.9998703678284 143.74999999999997 Oyster-Closed 0
413.3484330429201 174.3626224883602 510.4495151696756 172.26265152998047 517.887311431914 516.1563046425956 420.786231307502 518.2561845171591 Oyster-Closed 0
81.41739699996833 639.9999999999683 81.43112383477273 452.0742756760578 299.59346744333743 452.08946866891506 299.5880548922287 640.0068946830539 Oyster-Closed 0
273.62204687575286 518.4902423127955 213.33658123847272 339.6138255456441 413.7653557270096 272.0734481083762 474.0534593998018 450.94389920331315 Oyster-Closed 0
294.3544219555042 639.9995159083845 294.369264267807 416.66170857790013 521.7328679700586 416.67789476177575 521.7280155621847 640.0054259171754 Oyster-Closed 0
247.32095799998206 445.83333299999447 156.13049815685372 425.1176512446169 229.2968363561522 103.08347921298449 320.4809764163656 123.79838306555274 Oyster-Closed 0
240.16558606723265 459.374233870729 114.16174771955411 503.62769207543494 50.521025299458415 322.4366651001394 176.51823754116776 278.18450464223594 Oyster-Closed 0
466.3496247787407 105.53193788572372 570.153736534121 63.863905826221405 635.9174060257646 227.69330289590417 532.1135652295925 269.3608803406498 Oyster-Closed 0
594.9033998684172 640.0001027887556 594.9052402384405 512.4994883864089 640.0006020243745 512.500637015567 640 640.0000000000091 Oyster-Closed 0
614.0835586543835 624.1716958441481 565.5648161159479 653.2517464791406 476.1368027476419 504.07897933296874 524.6527779999451 475.0000000000153 Oyster-Closed 0
490.82704592285154 571.29539241563 529.4876170462521 551.093971446043 573.6906326258759 635.665739758296 535.0303556575818 655.8667269345765 Oyster-Closed 0
97.0516960007808 427.0839056319594 0 377.6926703420851 41.96697497689456 217.16162980487263 162.7160613652086 266.5518706992089 Oyster-Closed 0
0 193.75 80.063179 193.75 80.063179 264.583333 0 264.583333 Oyster-Closed 0
511.58079750581237 222.91666509426483 552.6443697496143 223.83200563460778 547.8656028911064 438.19911388237597 506.80203070769494 437.2837979215438 Oyster-SemiOpen 0
369.54691625156556 90.69965126900328 477.17034876463003 169.00080432495773 300.2066516134073 412.22137971144355 192.5852451594983 333.9224784412326 Oyster-Closed 0
414.13510941318236 121.94396636959537 458.1873144424753 101.84962553821735 489.9916680696333 171.57243420349477 445.9395161931752 191.6666915437807 Oyster-SemiOpen 0
