469.1479855120997 475.3607865404677 469.151861923674 640.0036090508368 232.37314500001958 640.0000000000168 232.37733533038408 475.3653862171921 Oyster-SemiOpen 0
469.9441028734145 324.4064999982128 353.14106408914085 329.7907218637709 340.364929304269 52.5852824228675 457.1633152011782 47.20116967491067 Oyster-Open 0
0 284.057972 142.965269 284.057972 142.965269 640 0 640 Oyster-Open 0
177.50509645098646 629.0730182059135 137.1210183189396 631.0773290002667 132.1228453310323 530.378109957474 172.50515799954883 528.3738432695125 Oyster-Closed 0
0 86.956522 48.879142 86.956522 48.879142 444.444445 0 444.444445 Oyster-Closed 0
57.99532937351614 56.93087795933715 174.43353774659045 67.19106652849328 143.87842833370087 413.9366948192777 27.44026302541897 403.6767897249058 Oyster-Closed 0
210.92977495551168 87.2686933699656 189.83482058145455 86.456084594571 192.43169177840173 19.04337063953418 213.5265917529614 19.855978389147182 Oyster-Closed 0
299.33614298359316 580.6356401389784 189.20515107514802 559.8067754097693 224.38298619090347 373.8579710699889 334.50705748822656 394.68618120329336 Oyster-SemiOpen 0
640.0025580701913 475.3623200000001 499.1075142043701 475.3623199999999 499.11135892973107 224.154588 639.997084110073 224.15458799999988 Oyster-Closed 0
468.0144518293673 364.00163597627227 505.5084956904466 359.68119451408626 518.5006298124063 472.4169686909844 481.0065990214207 476.7373336893145 Oyster-Closed 0
364.7804359575821 10.92907599227155 394.5351397390914 12.986524172536171 386.51468437288713 128.97759191636578 356.7599809058447 126.92014963525153 Oyster-Closed 0
292.09101809618005 0 292.09107929338643 129.46863024675596 246.571888097169 129.46855913865443 246.5719617017021 0.0000013014605368415932 Oyster-Closed 0
336.04352146394376 55.33418966921513 365.0419260023773 56.184854917336224 362.2607947934739 150.99046888026083 333.2623904281354 150.13980669127196 Oyster-Closed 0
323.6711514750641 132.95091062276393 354.72409559624793 134.49247033161893 350.8174835589307 213.1850826492338 319.7645399796602 211.64353074536425 Oyster-Closed 0
326.6453584435658 161.35796848097533 312.7647291793255 159.6161167572578 323.74941369736916 72.081839058735 337.6299407870829 73.82368441338937 Oyster-Closed 0
