272.2033922228002 221.75122491627127 220.14380047257873 224.19054668429436 216.22986588045023 140.65535691017064 268.288873391939 138.21604882452687 Oyster-SemiOpen 0
102.2951803583419 267.14176055650853 42.185886717488756 201.01537972922983 137.63127385886037 114.25776390370217 197.74013333495532 180.383561888345 Oyster-Closed 0
487.4101882152172 151.7017239835566 541.307171747103 153.63606082355466 536.9349648502248 275.4564367493613 483.03798184184416 273.5221187255144 Oyster-SemiOpen 0
199.86864493264875 169.25015847494052 260.76235212494794 222.81639914303548 138.4171404056542 361.88947747842866 77.52434452144371 308.324203896633 Oyster-Closed 0
326.55258592858445 338.59806384438946 261.09160632637213 323.2622453461953 286.8570784552139 213.29209038406873 352.31666154853883 228.62774285806978 Oyster-Closed 0
459.0265720481693 0 459.0266024239827 64.56140980759199 371.24173599477217 64.56137230687553 371.2417750000168 0 Oyster-Open 0
389.7104071476497 233.82173082923373 431.901612117872 304.8373204106389 366.89428341902385 343.4559013782345 324.7037427358737 272.44089031088043 Oyster-Open 0
0 289.122808 86.430965 289.122808 86.430965 390.175438 0 390.175438 Oyster-SemiOpen 0
535.8662845904473 287.2974177585038 571.443641791775 267.29446965413854 644.9294535833178 397.9862853141642 609.3523705087136 417.98884861904503 Oyster-SemiOpen 0
173.57692583856988 11.579215401888414 219.7207736454584 0 298.80888067535125 57.341826163625385 252.66509003653482 99.05909077395273 Oyster-Open 0
218.27207791779074 371.59920760232586 298.22206360200653 326.650141308808 363.68670230483986 443.0780821841233 283.7373598661361 488.0262438825548 Oyster-Open 0
339.081017 396.725146 412.211592 396.725146 412.211592 480.935672 339.081017 480.935672 Oyster-SemiOpen 0
300.4851095990307 501.0184888851003 228.07720329488802 546.2498844650478 168.17825547012035 450.3766544430874 240.5839030000061 405.14619799999093 Oyster-Open 0
571.3000762814772 492.00701795456166 603.1633838172274 503.8711206311867 562.182290999408 613.9094822082842 530.3191326549131 602.0456648689941 Oyster-SemiOpen 0
345.7906890688173 611.2370796233216 310.92706450443075 607.4261691446668 323.7352373018075 490.2878564438677 358.5971965893259 494.098675179336 Oyster-SemiOpen 0
0 0 115.375972 0 115.375972 135.672514 0 135.672514 Oyster-Closed 0
292.1151170923986 5.614573970425061 356.73464528415934 14.698242134211807 330.96808893213165 197.99551129094397 266.34856977601885 188.911908179451 Oyster-SemiOpen 0
