568.541978225403 253.75684935041494 503.66062501154374 277.65811143423923 459.41330035704596 157.54852805667215 524.2935307803418 133.64749050391967 Oyster-SemiOpen 0
27.60654053199687 200.91159069052753 37.519409257147345 240.27641004006202 1.8739699179423042 249.25219953193832 0 209.88750279396407 Oyster-Open 0
391.4134176211519 197.88911306605723 464.47742017284327 189.15945980965805 482.835612290728 342.8033849781434 409.77163389194175 351.53289965205084 Oyster-Open 0
346.84521513045183 200.37439380037762 412.9480831685214 205.16234712380464 399.1242617010721 396.0038800483185 333.0214061211882 391.2160291743544 Oyster-SemiOpen 0
476.96205240354175 288.25845267935404 589.8198833715287 275.39721418704715 624.8139511186309 582.4347996000926 511.95624293904984 595.2953910813311 Oyster-Closed 0
32.848658000002615 0 92.88914623321034 0 128.26981941150734 90.82285855078781 68.2293480723456 110.11431988082619 Oyster-Closed 0
400.0435509999079 0 400.04374611417006 113.50429497705251 233.18590617949667 113.50409562296853 233.18610200003604 0 Oyster-Closed 0
398.8959152551979 0 543.6833289999777 0 535.5923399693711 124.70784222889307 390.8049239904358 115.31412906802755 Oyster-SemiOpen 0
0 495.042734 140.171205 495.042734 140.171205 640 0 640 Oyster-Closed 0
292.4392867815186 0 292.4396109177178 140.85474983764078 107.19914584173239 140.85438968413905 107.19951928091177 0.00008442294854717783 Oyster-Open 0
285.5527714741038 143.6326422689226 256.68108964200655 220.29720296104676 96.7891109080665 160.082510386829 125.66105800004152 83.41880299997425 Oyster-Open 0
