176.16705805427046 147.22009605442057 201.9925887739373 218.50466103555289 121.87709868128877 247.52820472279063 96.0520944109885 176.2440865382413 Oyster-Closed 0
545.749500034508 205.28181620248088 598.8244481776201 207.10144313054417 594.9401394947199 320.3937920354924 541.8651924149162 318.57418533235636 Oyster-Open 0
570.4538172952016 0 593.3892336384451 0.9668213262483543 581.0499051008082 66.80122966758204 558.1144896274782 62.502455694755035 Oyster-Closed 0
59.14863682119176 254.12554297563707 105.23012465098873 259.75799278971124 91.76874431679607 369.8838445893136 45.68726969366253 364.25146751334023 Oyster-Closed 0
463.4891436819453 380.7150725346836 420.5237243462034 408.6905296628679 393.47795238150866 367.1568197323436 436.44293179095257 339.18155533693664 Oyster-SemiOpen 0
10.787717882703873 435.81085525936817 0 425.8825938355215 9.420451263868017 318.9253138213342 42.69928729307139 328.8534212343053 Oyster-Open 0
204.94596695272776 394.69597028488147 187.95458572887583 418.94622601532177 135.77160680055385 382.38711452903146 152.7629247731238 358.1370813501104 Oyster-Open 0
187.83513889458845 518.1149110793965 159.64958081574878 505.7140035014777 181.87103183074214 455.21751802188373 210.05609696236206 467.6183003169657 Oyster-SemiOpen 0
508.34965678164735 452.0052202035033 546.2202843658451 454.80658867354384 540.1310726697557 537.1098302999719 502.26044969611394 534.308504433108 Oyster-Closed 0
305.39275525690755 447.81132924052883 333.6240336024639 447.6945120042151 334.1667995516036 578.8408637132452 305.93552121310495 578.9576780277689 Oyster-Open 0
119.61310366918042 494.33589854620425 159.8499649194855 489.1949730384085 170.13143721305823 569.6495380470878 129.89459178039397 574.7903811579804 Oyster-Open 0
585.9234932333493 105.96186374087823 559.1589777766058 92.22112604462308 604.5428241368791 3.821876641695397 631.3072491739149 17.562585790533888 Oyster-Closed 0
520.9918834592099 537.153661346977 542.9823933404987 540.4392021960684 533.6818069042783 602.6743539864343 511.6913067679707 599.3888570802271 Oyster-Open 0
370.2068909999798 640.0000000000248 370.2074517696019 612.2218351094174 426.7625549701188 612.2227788956909 426.7623599959916 640.0005782879526 Oyster-Closed 0
143.6888021609775 155.57209448979293 43.281926695854054 180.03686863446427 3.7710906113352394 17.877742162751865 104.1769529866724 0 Oyster-Closed 0
601.1312931397697 24.590017137011777 587.1738438762259 2.166783906258312 608.1924240458466 0 622.149873283488 11.506900432280798 Oyster-Closed 0
468.20623386454827 209.96268661115874 398.2129261771479 189.80476243592733 434.909186349978 62.38990523500746 504.9016167099762 82.54769608221469 Oyster-Open 0
