527.2646392973547 255.91499799707884 471.40261777800333 253.26598641798998 477.8692522003985 116.91290449533554 533.7301434801338 119.5618880633076 Oyster-SemiOpen 0
258.59589675492316 151.9254620794747 312.16482429583266 168.10120378861174 277.77786758546426 281.97611783767286 224.20900716882898 265.80053192941614 Oyster-Closed 0
484.62147500002175 0 484.6214887381211 51.555561274188506 435.11978125163296 51.55554987958042 435.1197922949359 0.0000011617273475179012 Oyster-SemiOpen 0
103.75129324231239 203.9103586814103 146.67658984602895 190.4394492617484 170.80699804253527 267.3285934749814 127.8817438877013 280.79940787095734 Oyster-Closed 0
0 314.6667701780391 0.00007262708095367998 210.96287144878573 93.05444362624257 210.96359560241453 93.0547755061707 314.66651436947734 Oyster-Open 0
270.44873795348394 308.1856182285436 224.62576417281525 326.42340700344187 189.3179945769225 237.71599429543426 235.14014235181094 219.47839396500842 Oyster-Closed 0
158.91171039256733 270.67826278246747 156.45841713310801 306.54478196834407 116.08094019989949 303.7829440346204 118.53437690428109 267.9165797093688 Oyster-Closed 0
588.8881074306119 241.16815566018164 616.3715913672786 248.89447037106467 584.2372529640124 363.19309617665573 556.7538102269464 355.4668845496681 Oyster-SemiOpen 0
232.0259504015121 265.3988393827658 323.9974283352785 212.6440259226986 403.09637404352543 350.5353304176708 311.1255816467019 403.28919505398153 Oyster-Open 0
75.52572325257643 297.9982385182532 105.8987613957288 317.2099490624205 78.21324246629956 360.976183237552 47.84029904745694 341.7645943671726 Oyster-Closed 0
430.3330520645977 389.452682336262 360.8021868141077 382.93717840728175 368.55943574453704 300.17092302898186 438.08884643993224 306.6863588933631 Oyster-SemiOpen 0
318.13716131793626 416.68632150244326 246.3994518276013 453.7268752411699 190.48153474053834 345.4384088627363 262.21716189495055 308.3985078951462 Oyster-Open 0
97.02165938942926 361.1846640867037 127.49417653758428 364.4259355479011 120.63101778498094 428.9420516491874 90.15850551491894 425.7008110945506 Oyster-Closed 0
609.8835743278323 429.30651849816945 552.227831581913 427.9558796175668 553.6844536245917 365.80679869184473 611.3391388428863 367.1574251941675 Oyster-Closed 0
51.02833971424843 477.06273520792564 15.018596987501951 456.4281762880777 69.83178136404604 360.7869023289965 105.84052926700679 381.4210991084609 Oyster-Closed 0
0 424.888889 11.423206 424.888889 11.423206 450.962963 0 450.962963 Oyster-SemiOpen 0
444.06083026398846 0 444.06090036085516 100.1481713550547 367.4227752940351 100.14810085968712 367.4228584941011 0.0000013986939578278712 Oyster-Open 0
122.71692078029446 1.1131168143165198 190.1477874291595 0 201.3152376299695 105.88639796274927 133.88437377972878 112.63847690960567 Oyster-Closed 0
370.1002896759019 419.04410346839325 416.08360937898397 413.2066036096195 429.5017212465609 518.8878701897783 383.51842253643554 524.7252614763273 Oyster-Closed 0
353.7515872847871 412.4443792873978 387.01449299624073 418.78523616401924 364.0810814683937 539.0700817133186 330.81821506581036 532.7293628005181 Oyster-Closed 0
489.11740219140484 530.6343175375727 508.68014989544463 474.2746265378469 578.5767700911674 498.5313656983525 559.0149617318821 554.8902598179695 Oyster-SemiOpen 0
230.68315620403155 571.1829750654643 186.47621038639045 576.7946657062936 175.43344807825633 489.81563295392795 219.638865287925 484.20404120681917 Oyster-Closed 0
136.64570632012328 562.3285061100291 130.89232854239526 540.4063510001946 158.80983216869936 533.081143150029 164.56329214037396 555.0031690723321 Oyster-SemiOpen 0
416.1094873924594 488.61076085644595 467.05957306381606 485.9463474306192 473.84353808338346 615.6446114942094 422.8934577691689 618.308953903216 Oyster-Closed 0
469.16385284661374 552.4445470727234 511.13078398215293 557.0476828424357 501.5248103126214 644.6030456116567 459.55789400002686 640.0000000000023 Oyster-SemiOpen 0
552.2253263976745 113.507417531995 529.9682546667464 111.47798023782101 538.7828602339869 14.808285560349116 561.0398230666033 16.837717663288075 Oyster-SemiOpen 0
98.42629664090055 147.4066148419053 17.719097514564055 159.24982658697334 0 0.8115464030829543 75.17605226217711 0 Oyster-Closed 0
496.9269175965019 21.00521275142578 543.1901221106091 26.57948001901839 532.2276118684385 117.56171342331982 485.96440993394936 111.98745966904482 Oyster-Closed 0
314.6376097529719 122.60642224120714 297.2376578608237 120.84754102111005 305.7488730033947 36.65031852363471 323.1487385777291 38.409195351198335 Oyster-SemiOpen 0
317.74783044165815 115.36390059695451 294.9458441675961 134.13794246675985 228.48498048806505 53.41835094348873 251.28687478827487 34.644368953985904 Oyster-Open 0
0 45.037037 53.069582999999994 45.037037 53.069582999999994 199.506294 0 199.506294 Oyster-Closed 0
152.68654389197764 26.523984247418674 251.06299315368233 49.19420833438616 212.69080272460997 215.70690856197848 114.31441995642672 193.03686873633964 Oyster-Closed 0
317.0258471060515 70.63358465197803 380.9325867467851 79.43364708055955 360.288565400333 229.34991808301913 296.3818376895506 220.5499313834228 Oyster-Closed 0
248.97570121545868 110.0995211362762 278.2189865599503 98.49274776838178 315.3775465040235 192.11248771368957 286.134296821474 203.7191962665829 Oyster-SemiOpen 0
461.9159600194689 210.18359347656283 374.27245217179006 207.51980945922224 377.7578649907082 92.86531723263212 465.40022669010796 95.52908367487142 Oyster-Open 0
240.7251830023597 196.2867361798689 214.11106204650423 186.68683081262841 240.61570673249662 113.20901897254979 267.22960667320876 122.80888005717858 Oyster-SemiOpen 0
