223.7124594924535 167.68675666677498 255.56002531870035 158.53430749998955 280.08697567900526 243.87775677718162 248.2394347035006 253.03014354902447 Oyster-Open 0
104.82054822285136 248.2499827468841 86.96379594344762 246.47816788660603 92.92852989179664 186.36743376716805 110.78510644452763 188.139239756583 Oyster-SemiOpen 0
50.53513416583883 273.5271497373415 25.242163098810124 260.35913476903113 67.61905460298294 178.96577768680555 92.91171172473696 192.13369407003984 Oyster-SemiOpen 0
396.1792996058648 190.80439331367242 457.8786908751499 183.19862376102947 469.1410308802733 274.5574977652667 407.4416512584139 282.16320652415874 Oyster-Closed 0
393.52144740980293 186.31617760661737 515.6585008324328 138.453569250381 583.4743511392298 311.5018725587615 461.3377591230528 359.36365073788204 Oyster-SemiOpen 0
259.2612781128264 238.20529307483554 323.2817231149238 259.80266695190943 284.5772253713949 374.5254748950599 220.55692356065265 352.9283995495073 Oyster-Open 0
585.5079052822111 275.3616160318704 642.8380742947047 278.04776972726376 639.0631004510942 358.61079022880153 581.7329331560904 355.9246620228793 Oyster-Closed 0
337.3162458185834 402.48562273386676 292.40861136124295 276.2357087533274 411.21915336909296 233.97751123066024 456.127673910305 360.2255495949952 Oyster-Closed 0
0 313.333334 46.761269 313.333334 46.761269 406.66666599999996 0 406.66666599999996 Oyster-SemiOpen 0
524.7520495839854 313.4793408929407 575.4905343298014 318.6660132691607 561.6479638310557 454.06685092622206 510.90949318604544 448.8802789609018 Oyster-Closed 0
83.16135753659182 316.46503478885427 121.82869402415236 347.3841618087829 35.45802302593074 455.38682859045866 0 424.46830984789517 Oyster-SemiOpen 0
501.12011331693793 318.1348852642388 551.1962328728259 340.11648957567695 495.07352428045124 467.9548090712017 444.99766928907775 445.97365339117823 Oyster-Open 0
578.1422860610473 366.97852267775306 609.6110454181326 382.9018752182356 591.7508443651604 418.1942824683509 560.2821456755919 402.2710216043971 Oyster-Closed 0
491.8098338146956 0.31524561088720204 520.2553781370807 0 533.7890990186861 87.59714812008467 505.3435561846709 91.80497604567988 Oyster-SemiOpen 0
278.2601469627116 368.0197858225122 303.80057829526777 369.70912790438615 299.7633179750119 430.7397136520542 274.2228881632036 429.0503869288841 Oyster-SemiOpen 0
638.3102239395521 437.3021360931028 613.0144700149685 440.0110291639427 608.7728214264644 400.4061756374073 634.0682633747201 397.697299443033 Oyster-Closed 0
336.27504761148884 0 336.2751268908323 100.00003220805948 241.39964077694458 99.99993809072677 241.39974079727835 0.0000033668517280424373 Oyster-Closed 0
423.4180613605713 537.1040417791162 385.1996462664101 523.76790370223 414.2659237900807 440.4879126267574 452.48321558421594 453.8238358786859 Oyster-Closed 0
243.80741383953136 0 243.80760760926933 124.44448004161404 117.6495759293175 124.44430942329143 117.64973999997892 0 Oyster-SemiOpen 0
60.43086840996693 591.6537343976886 0 581.5374947433235 12.70096094965993 409.0683012187366 84.6740606144158 419.18420881350323 Oyster-SemiOpen 0
479.8316315012926 652.6339601443261 380.13706514408113 638.9652032391758 405.24718233682506 455.8991632494835 504.9339962200611 469.5673691075152 Oyster-Open 0
112.6927808716573 614.1774426659139 52.73686272012128 602.942642777256 70.72476418485167 506.9788000092101 130.6782959651173 518.2133697161398 Oyster-SemiOpen 0
544.1165194418136 539.5711141546379 570.3444558852789 537.3868078266955 575.6173625266092 600.6860835870112 549.3894296707003 602.8703605071333 Oyster-Closed 0
531.6832387141767 102.67158213070864 508.781933833161 148.94888793415885 433.0314308746165 111.46232496268453 455.9327579999808 65.18518600002892 Oyster-Open 0
296.59648172702873 165.7195841184799 225.04429017164512 192.31872719089006 172.72689130913932 51.5843721295644 244.2782382453879 24.98540817839612 Oyster-Closed 0
281.97598961080075 97.12055108080948 308.83092650256003 100.89558349052005 304.9317893443367 128.6331250107933 278.0768533839728 124.85809707177299 Oyster-Open 0
0 48.15392 68.006135 48.15392 68.006135 201.48148200000003 0 201.48148200000003 Oyster-SemiOpen 0
600.6147140000394 0 600.6147240314021 43.703709482144575 543.8997317353642 43.70370003810622 543.899740921479 0.0000013211717382300422 Oyster-Closed 0
89.97876892120985 85.4286227146791 127.12243852722168 87.2447355255288 122.80666495658807 175.51123571544838 85.66299582307693 173.69513062766356 Oyster-Closed 0
434.8539426836214 138.53482918282302 463.9906099936343 75.38259040091677 627.4812880006357 150.8113953403205 598.3453469468805 213.96301294128466 Oyster-Open 0
