414.1600849999668 0 414.16010054897924 46.868689380612985 344.7087940022175 46.86867606336808 344.70880799999577 0 Oyster-Open 0
434.91560040922195 258.6661207505056 379.54794791687164 261.7033626811668 372.4887022652547 133.01089113308666 427.85530400069547 129.97367833661076 Oyster-SemiOpen 0
435.4671712461277 211.8540405883161 465.87548741226783 215.49830831559362 459.4023798307171 269.50866717419717 428.9940669081989 265.8644171652842 Oyster-SemiOpen 0
0 110.90758773867806 138.0922386173188 98.03408645996927 166.12497717236693 417.6070215337654 19.361520102756913 430.48011912614703 Oyster-SemiOpen 0
223.23256812749605 0 223.23258866832475 67.07071743601956 164.13124127371702 67.07069046446787 164.13127200001327 1.4471523800659002e-12 Oyster-Open 0
640.0004750166408 332.12121200000007 602.8018149291893 332.121212 602.8022981863614 209.29292900000002 639.999988859563 209.29292900000002 Oyster-Open 0
274.90389851722284 211.3024209003636 361.1319970359182 213.6674257750363 357.68651877900993 339.2833496571236 271.4584209786699 336.9183748094627 Oyster-Closed 0
174.49836531406618 66.15241306780402 153.8910905978264 70.42626331037349 139.34494394561625 0.2889414126225834 159.9521768696286 0 Oyster-SemiOpen 0
491.4799058405333 0 491.4799335506541 76.7676872816768 430.65843546006363 76.76765097438471 430.65847500001837 0 Oyster-Closed 0
476.42537466963404 396.02952199519706 401.72913420443365 363.6561955119675 467.8680454778805 211.06610085229843 542.5618471153575 243.43882238876247 Oyster-SemiOpen 0
291.6073565054103 508.0534718868668 203.31583797080384 492.1966531367517 239.32312891512993 291.7476559543482 327.6095454017923 307.60401220351946 Oyster-Closed 0
310.11314751369355 346.3945537856719 377.824484345183 347.06242360148383 376.591995089766 472.0025138159184 308.88065841143543 471.33465679545765 Oyster-SemiOpen 0
408.68576117034536 353.2481539335944 452.3175073415041 350.181822858423 464.2149626238097 519.4525969770142 420.5832248302613 522.5188440150462 Oyster-SemiOpen 0
496.2256057108607 0 549.3521162107209 19.21392229534893 516.7883320606052 106.92382305385186 463.66183920705225 87.19978421338027 Oyster-Closed 0
543.6946217580407 505.8417429086404 500.6787387630902 509.50590273384375 494.0369093930349 431.53910425739343 537.0516348473757 427.87499372991016 Oyster-SemiOpen 0
108.12724686475121 438.2761339286805 190.9001590268599 397.15286726084395 246.96411743767385 509.98133768384184 164.19180421078636 551.103688524435 Oyster-Open 0
69.77982033553417 412.39942217157625 128.31019324235967 433.55297902486404 77.40811536452384 574.3707274987117 18.878042119249585 553.217752312218 Oyster-Open 0
372.2800387488678 405.0386413984047 449.36361701154965 377.3071350040999 525.232379357476 588.1607470962945 448.1494068654865 615.891096126883 Oyster-Closed 0
109.61334040075599 470.6246384079941 140.19171234634996 470.1722563769136 141.23631787231716 540.7684387707078 110.65794602865935 541.2208147794718 Oyster-Open 0
382.8313170608453 24.22640997372655 420.8910627505975 15.666203707741833 444.90425857089576 122.43155506285748 406.8445208817866 130.9917356682005 Oyster-Open 0
225.3308137768181 145.85695269220966 189.1836792412505 114.5224813187966 247.99375319351384 46.680406645554804 284.140754205946 78.01477888229785 Oyster-SemiOpen 0
292.2292106268287 22.326509820501844 349.333502194786 32.76192354285002 320.83605082298163 188.70359213792187 263.7317744005122 178.26824067769152 Oyster-SemiOpen 0
495.4302695712977 231.2750534247653 462.9842995843501 240.30281262670468 427.81952607001585 113.92203441518105 460.26497908853344 104.8943512670695 Oyster-Closed 0
