473.50788357107376 122.91740960319146 561.4931923664699 142.70617110704353 524.4366651993914 307.4626993831928 436.4514608679747 287.67420773640583 Oyster-SemiOpen 0
108.78980613168096 141.45340554543014 232.6046505899285 155.5784983735014 210.29214562819107 351.15308614716247 86.4773317023355 337.02825038910754 Oyster-Closed 0
640.0006315574137 332.54902000000004 584.8200740505126 332.5490199999999 584.8208290320326 217.51634000000007 640 217.51634000000007 Oyster-Closed 0
412.3885639926448 363.40825110152707 339.0541605252656 401.46892606556463 281.5033933649829 290.58899646739593 354.8359081080707 252.52892275611956 Oyster-SemiOpen 0
230.66303597683145 197.62612083433336 318.7137637428532 200.4226109879557 310.8188776612951 448.9860854345383 222.76815669989446 446.18967747848296 Oyster-Closed 0
495.7916035978269 447.12080576563886 448.67840542880003 453.28944821678243 424.42459163386957 268.0611320015927 471.5355936889682 261.89263025491846 Oyster-SemiOpen 0
59.56443612318253 351.73960096435906 163.07533876068192 295.8711251248305 234.14949335834535 427.54191324934993 130.6394252661994 483.4091846302932 Oyster-Open 0
10.298093660676386 526.8739218284518 0 492.657631518945 31.57967242943414 318.9154275284172 98.77518474306271 353.13082119573346 Oyster-Open 0
421.2820382899372 367.07040054764184 531.169620660512 366.90441560193074 531.4430507105135 547.8989745387289 421.5554684941162 548.0649544110157 Oyster-Open 0
61.387605955824256 432.94103236021465 88.83027754563955 448.08844837844055 51.081854143048986 516.466060449337 23.639330791920656 501.318853635241 Oyster-SemiOpen 0
287.8860749281739 601.4114105587958 232.4483272825455 637.9188122623411 167.08105438265193 538.6786878087394 222.51674079285294 502.1722065601441 Oyster-Closed 0
451.97610299997905 1.045751000001707 513.612402234503 0 537.4270783734391 113.20476037734794 475.7907897745463 125.04250699056459 Oyster-Closed 0
442.0883337633859 510.38553679927867 528.7697362167819 499.6890516999642 544.5134604131454 627.2428917089999 457.8321129642427 637.9390838263326 Oyster-Closed 0
406.94534191563434 630.6204721559699 385.9654512719135 616.6450597748449 408.1634011726419 583.330957129062 429.1430157726427 597.3062438943778 Oyster-SemiOpen 0
388.252473331886 135.06314450501674 279.0526055069495 134.43659479547722 279.82783504026884 0 389.02701234030246 0.0154914617417573 Oyster-Closed 0
465.28468131458794 149.44006850035882 398.73143207034445 165.19669252939136 361.37052549180225 7.390668298064219 427.92315949714975 0 Oyster-SemiOpen 0
452.67687387095066 93.4842884142397 504.3951280568581 95.30180477534451 501.8177597535396 168.6411490965328 450.09950583800673 166.82363931826552 Oyster-SemiOpen 0
270.11062380785006 229.47836047496648 176.38698080641916 237.74487536987536 158.63653625368897 36.486581416956135 252.35810778976884 28.220164444017676 Oyster-Closed 0
0 0 107.15986900000001 0 107.15986900000001 330.45751699999994 0 330.45751699999994 Oyster-Open 0
227.60738171280536 151.12142887121206 299.838417571882 76.79145169632963 413.94491093109536 187.67405419296932 341.714604509325 262.0032963874364 Oyster-SemiOpen 0
