96.82218735695642 263.94529387145747 29.208671572778258 269.30912387469 21.792709740257123 175.82437620325652 89.4051521194342 170.46059005789826 Oyster-Open 0
581.213182 118.518518 640 118.518518 640 341.728395 581.213182 341.728395 Oyster-SemiOpen 0
462.7027241743781 397.8524251052664 375.5166542409279 367.11025018872255 461.45510184134764 123.40734923677637 548.6371421117656 154.14874051266696 Oyster-Closed 0
305.85740012953465 359.9624324461442 371.16122292114596 305.14390439204817 471.77029799502634 424.98465133946297 406.4676492198487 479.8019140498041 Oyster-Open 0
251.230097936932 528.5698091544122 155.4072366876062 469.80009463280555 257.6621733851789 303.1036549162625 353.4805172691267 361.87154675723514 Oyster-Open 0
0 390.47050422761396 196.7804071658611 351.21061640849007 247.31680228032928 608.0108070248876 47.788029464063584 647.2688047715797 Oyster-Closed 0
638.4054890539119 413.60905983961345 678.6186309275945 580.3088518455955 591.7202987797646 601.2648708121445 551.5104170000268 434.5678999999794 Oyster-Closed 0
314.595643795401 472.7476423206157 432.4485853193619 436.4150752728739 489.6654988071532 621.9748711561048 371.813181552061 658.3060128682092 Oyster-Open 0
161.67021100001875 0 249.52796168145142 0 313.64785718345956 117.51125504087759 225.7902019960602 154.07415823366134 Oyster-Open 0
0 9.353125986895893 70.89774971129373 0 178.08117757478612 172.46362995712875 88.95881543328869 218.20170108431705 Oyster-Closed 0
581.7017067415873 36.896221317630044 628.9023713211645 33.45582135960105 637.4285236676224 150.43002308256484 590.2278600865247 153.87040914636796 Oyster-Open 0
93.73263800000132 0 175.2169959614548 0 235.45842384606658 197.45121140655985 153.97413493526983 219.78511298920793 Oyster-Closed 0
578.3350400566269 194.6636644079884 532.8256186994258 190.39880360981482 547.2360005174414 36.63428492392406 592.7448204180837 40.89911731544551 Oyster-SemiOpen 0
266.802584152465 0 364.3928007627983 2.231678390511317 301.7324707386433 345.46031392674337 204.14234576528543 327.644825705934 Oyster-Closed 0
420.6242087211285 240.82636734666735 320.36976649906137 204.95383787556523 363.48260037331784 84.46951162997922 463.73567649308825 120.3417766171257 Oyster-SemiOpen 0
