490.25513610613416 161.90706716365926 521.2786235914245 164.28575421425455 516.5889575218171 225.44805928203775 485.5654710101953 223.0693827631151 Oyster-Open 0
428.17337929409405 126.92327797650357 472.22401161910966 136.29521547125958 444.5557898439438 266.3399733952357 400.50518705844297 256.9681265705334 Oyster-Open 0
391.324720026314 251.55776991201617 345.8410704579728 242.25810802953595 362.56665809814876 160.45936212099875 408.04973992730083 169.75896387423626 Oyster-Open 0
582.7345259422873 304.54657827160827 543.7282851074997 275.4184628816301 590.3050763822102 213.04983439320623 629.3109283061494 242.1777348862936 Oyster-Closed 0
318.06566686071164 370.7579527812522 277.27210130993626 376.1901616164523 264.81073359136644 282.6146458589668 305.603346190328 277.18250257595105 Oyster-Closed 0
270.0819816881267 373.0024362453995 224.91582756752905 361.1909790521167 247.7999485827604 273.6928298352934 292.9651760953129 285.50416015524115 Oyster-Closed 0
74.56335995120753 306.2691983237081 132.89106624790293 296.56266437667017 153.71452724153642 421.68208744405837 95.38686073530698 431.38845472734613 Oyster-SemiOpen 0
106.6437805411988 411.24295677038765 23.753593461369746 439.2051572275842 0 334.9448466784538 71.46776576468255 306.98305910246177 Oyster-SemiOpen 0
443.93950690398924 453.23612339513727 413.3628468248935 449.8653894065733 422.16653000599763 370.019815238087 452.74242511732155 373.3905059510771 Oyster-Closed 0
317.6948675728636 101.82005665591696 263.3722829013277 102.99486822045345 261.1545957708586 0.44552484045587254 315.47696732413897 0 Oyster-Closed 0
130.55949834772036 10.360509601810241 142.5252246389573 63.8484774876303 20.41958696245274 91.16434391627975 8.454004369777977 37.676502176446085 Oyster-Open 0
391.1695021216292 550.4632178731964 360.58540879617794 544.4930782766979 385.0043963344797 419.4259992723147 415.58712705242215 425.3960022022219 Oyster-SemiOpen 0
45.73342199786566 468.11206087981486 83.76899164366478 449.6186818282425 136.30731353187002 557.6552067386986 98.27201728512591 576.1481635111334 Oyster-Open 0
54.55199800002447 639.45054899997 54.55233856460836 611.5137881676039 88.06955458974699 611.5141755405704 88.06943199924717 639.4507184134416 Oyster-SemiOpen 0
184.50387242584839 39.25876697268114 208.33416411536746 36.09100837857775 218.18865475383063 110.22372429777091 194.35836433069198 113.39147602845455 Oyster-Open 0
339.36875637140474 184.4833791183001 265.0468981680024 183.96100425276433 265.88749346352415 64.4258520633468 340.20843653073825 64.9482234953442 Oyster-Closed 0
551.1280138945585 75.85552028164685 581.4348580426304 79.34423005745973 569.3789146850759 184.07451113319547 539.072073805728 180.58581932382378 Oyster-Closed 0
185.45797610124282 118.62266171197383 247.5904763294966 89.85202941763559 288.6524604504666 178.52757312091234 226.52005100244423 207.29805263064847 Oyster-Open 0
