161.86530805825896 59.910102894778376 122.93630363616103 50.27877989536526 137.51382175258186 0 176.44277582789073 0.9891661028820824 Oyster-Closed 0
472.369308322086 285.60219718565986 427.5987302971771 292.68979435469925 405.75262570033374 154.69589087936518 450.5221565789543 147.60838028120838 Oyster-SemiOpen 0
515.3259834001074 253.865360950286 494.64796968735754 218.98542493000883 545.7195700697775 188.7095237676578 566.3975814707374 223.58929456383567 Oyster-SemiOpen 0
86.39788761509408 225.8718003721609 70.01688577620371 269.7993842861555 18.77122116253304 250.69001249245014 35.15231336110446 206.76264207964584 Oyster-Closed 0
240.49736255721655 328.7639338310078 132.8649127802055 365.2405965022832 64.82925609190715 164.4923177242232 172.45809802552685 128.01630064343587 Oyster-Closed 0
515.0218274888175 238.87985097836278 540.5546881206828 257.4231224481077 501.3233460504125 311.43898305546617 475.7905934537848 292.89583833094065 Oyster-Closed 0
546.0924407986022 244.89484664463603 580.9296745085157 266.4410493872523 542.2079778771149 329.0448224572851 507.3708753480605 307.4987886241406 Oyster-Open 0
241.96960857305385 399.11607496937785 168.54867068352178 391.93700235727135 181.0426713436027 264.1850580713031 254.46124496404082 271.3640123888938 Oyster-Closed 0
78.77517712629924 267.8630019885881 109.52307277955697 269.00034607526 104.31705681570747 409.7331590493759 73.56916238619306 408.59583508005534 Oyster-Closed 0
482.23247907495534 360.520274849261 445.36259133034036 398.2782904752832 387.2406260280695 341.52816755175604 424.1101389758842 303.77054848442157 Oyster-Open 0
0 287.686718 59.658502 287.686718 59.658502 419.297043 0 419.297043 Oyster-SemiOpen 0
420.76796477558673 1.995038848304451 443.4213594733592 0 455.49189078999916 73.48930786578063 432.83849709041533 77.12866372065277 Oyster-Open 0
287.62142075094744 259.06591252022446 345.76862249770784 267.23898895119805 319.5878850349982 453.48545321600903 261.4407279477018 445.31258041429936 Oyster-Open 0
43.171788776890025 451.9469061461522 27.290764434219454 443.01834090693654 63.1436615857092 379.25641217120136 79.0243979376828 388.1848757907378 Oyster-SemiOpen 0
200.3476616476837 411.4272247288494 241.99057066027308 404.8718690189582 254.79511707708298 486.20124684989673 213.15222966615693 492.7565125486826 Oyster-Open 0
495.56664139483473 444.53795577897074 525.3695365718158 440.218564621301 533.2193402155099 494.37198775045374 503.4164539278572 498.69133765000913 Oyster-SemiOpen 0
591.5171732112503 489.0541145933645 561.1597871014965 504.52097216436687 540.0435829277558 463.08200693772534 570.400553816944 447.61527683317837 Oyster-Closed 0
326.18154418378253 469.37899281567525 390.89666462539753 373.07573123310476 512.3381591953512 454.6719056131349 447.62578657981066 550.972719070277 Oyster-Closed 0
594.5880856821896 518.137881220641 589.3028160075482 486.4432555062565 612.8979200524918 482.5093794992608 618.1833015055599 514.2038638433954 Oyster-Closed 0
0 474.702363 38.302845 474.702363 38.302845 570.505051 0 570.505051 Oyster-Closed 0
230.77257841141545 597.0106444556286 189.18298869255523 572.921674854262 251.37801922901417 465.5670310191522 292.96600884365034 489.6554125582216 Oyster-Open 0
535.5697033443721 486.1233740498031 566.9840994401602 549.4055501900882 489.1633338183601 588.027515278362 457.75021999324963 524.7464326994531 Oyster-Closed 0
71.28454436373431 469.8215810673564 112.0234989932942 492.7239048678286 44.60035302807228 612.6309789859739 3.8618475146358833 589.729288818532 Oyster-SemiOpen 0
455.1628221336432 526.8685023624212 498.5271168887266 541.8973674551571 465.37972524776706 637.5171811281158 422.0155898723169 622.4886452163935 Oyster-SemiOpen 0
253.24057201098185 561.4556515881967 275.0475208112766 563.9073861570441 269.2530924001767 615.4328470740119 247.4461481981416 612.9811403834441 Oyster-SemiOpen 0
183.6813037063257 583.8939471224945 226.89437314213137 613.3909745347778 200.50442433916032 652.0410071448136 157.29161575967737 622.5442966549765 Oyster-SemiOpen 0
307.7926809882774 112.05846218397879 266.6630092466221 97.86706953489565 294.2295779367123 17.973891970616382 335.35908785415813 32.1652533962955 Oyster-SemiOpen 0
77.50722252509149 41.41551801356585 111.90047150259488 49.82374132717554 97.5978971648874 108.32719797647657 63.20465297802002 99.9189886806395 Oyster-Closed 0
111.63908499998797 0 111.63908898954105 29.09090881203341 57.61380764641217 29.090904332478136 57.61381199998141 0 Oyster-Closed 0
630.4532170000311 0 630.453228263068 41.21212578633221 558.7317472439463 41.21211486859417 558.7317579999944 0 Oyster-Closed 0
568.3048666128889 37.25424336843539 616.4336715721583 71.08195946385153 544.3890695330629 173.5834177489728 496.2604011192889 139.75586090919546 Oyster-SemiOpen 0
103.25929176498903 156.60051304633313 76.98221983206167 144.74953257654116 120.29113106014847 48.72218735208756 146.56803760699404 60.573126420908224 Oyster-SemiOpen 0
331.0441733562038 49.23708874265366 389.98204608025844 29.90551789613885 436.5742392237007 171.95428201872437 377.63641334546264 191.28573188614922 Oyster-Open 0
344.0226944972528 219.5837796964226 301.6012218259857 220.71960955726294 297.89228558431205 82.18696581184199 340.31305064265325 81.05114586029444 Oyster-Open 0
51.214518166161724 202.3414603937046 29.03052447247319 121.26264381294035 75.24571869369538 108.61797468327342 97.42985087184934 189.69656179228167 Oyster-Closed 0
511.419534889792 232.92957292661492 463.1415696024487 238.58488542179967 449.1701668002497 119.31429256958336 497.44738183180743 113.65902438440929 Oyster-SemiOpen 0
