373.04833499998495 0 373.0483563706366 48.48485569730248 284.86703525777557 48.48483938024308 284.8670519999723 3.6365667089183485e-11 Oyster-Closed 0
592.5163139618962 267.8852242303066 554.9263937376236 259.6052198177318 590.2781244976359 99.1219299006802 627.867088168714 107.40181509497765 Oyster-SemiOpen 0
640.0000825454481 225.378702 612.3404023767944 225.378702 612.3405088115396 168.88888899999998 639.9999584742181 168.88888899999998 Oyster-Closed 0
319.965722755951 296.5492058409489 236.4419511199958 291.85294166107224 246.98262405552668 104.41494084014182 330.50397943698044 109.11113535354286 Oyster-SemiOpen 0
79.32771726213105 148.81503937369527 122.84059421093843 220.9456033319759 53.131542530463776 262.9958612328772 9.619189141958486 190.86575559246063 Oyster-SemiOpen 0
516.8757234417717 0 516.8757679942792 54.14141525878013 368.7492183460563 54.14138296924803 368.74925419331703 0.000002703863351410599 Oyster-Closed 0
461.4957000649156 267.90282822571 439.3182222107862 259.58970694362193 472.6205902469519 170.7506325283066 494.79776498526917 179.06369150409768 Oyster-Open 0
121.76362257298024 180.10329359608622 186.72911105677485 192.2793263890561 165.09684598808235 307.694038078854 100.13139196162228 295.518134174649 Oyster-SemiOpen 0
0 162.601745 33.745338 162.601745 33.745338 356.26457500000004 0 356.26457500000004 Oyster-SemiOpen 0
196.3193624062842 249.7497540556856 237.34669779325486 277.4310257035799 189.63066263400833 348.14770761155614 148.6035367300792 320.46669637068544 Oyster-Closed 0
557.4697883950284 369.7227221645806 473.1542551975872 372.93342693297416 468.11373439835734 240.54122035985216 552.4267402505211 237.33056369821043 Oyster-SemiOpen 0
640.0000347897003 328.420289 630.9698524612759 328.420289 630.969911137654 282.020203 639.9999990392826 282.020203 Oyster-Closed 0
464.0518490793329 372.66800064986455 436.115474913895 370.47631657119416 443.90353139227955 271.21813776638896 471.8392270334152 273.4097947020195 Oyster-SemiOpen 0
54.95043152564904 274.30874423029775 100.2698871902976 277.30645894347197 92.52272786034155 394.4188511648903 47.203276250875206 391.4211806479307 Oyster-Closed 0
178.69920237637416 421.6749361928749 136.8356320503517 406.32477551779664 168.89998588543676 318.8882418007729 210.7625937632838 334.2382089911775 Oyster-Closed 0
441.8189610513946 370.0290916088502 469.9990374215122 375.5398679024685 459.45345206615457 429.4598330199801 431.27338882084587 423.94910178451283 Oyster-SemiOpen 0
207.780205278832 366.80870075578514 252.67143894678156 406.84225590856676 183.5616400212166 484.3267790318232 138.67103030279395 444.29388223469454 Oyster-Closed 0
296.5944328346086 402.26160057843117 316.26279633252125 404.1045590095331 309.8106785638811 472.9532050688567 290.14231801869755 471.11026734537836 Oyster-SemiOpen 0
392.008768733358 451.3080656896684 337.70983895956306 497.0998053130018 283.6728961954941 433.0324164366499 337.9708904780273 387.2413214641641 Oyster-SemiOpen 0
601.6113148180011 441.1759911227363 618.3840619017428 415.66043670245796 654.3761845576228 439.3166981417628 637.6036414251575 464.8320725103412 Oyster-SemiOpen 0
290.62499821586243 487.4561967150496 248.5200663406431 482.1958652442643 256.7659433929657 416.20868102880183 298.8699320501473 421.4689523280141 Oyster-Open 0
319.815454999989 640.0000000000166 319.8160874668247 589.0906813621551 358.42555927767535 589.0912232153399 358.42537499971513 640.000093288525 Oyster-Open 0
594.4378599301126 18.14188399891504 638.1081604462088 15.658766264643145 643.4861971230566 110.24145760340296 599.8158971468365 112.72456985703417 Oyster-Open 0
63.27975799998967 151.91919099997244 31.44296313272207 113.4186599263586 132.92488602062804 29.5018199022064 164.76163297702442 68.00223025769316 Oyster-Open 0
394.19428200002585 47.67676799999941 460.4644052499498 14.29568968880401 524.5809664665285 141.58321233779589 458.310956447167 174.9641191450807 Oyster-Closed 0
581.6538485948695 0 668.6613270820089 45.92893020044975 523.4831498740095 289.79287136207694 436.47627500125964 237.99684852447328 Oyster-Open 0
381.35785196514917 221.46759075627585 327.5321081859147 222.67818874511056 325.4468141379766 129.9490910221047 379.2719183814188 128.7385001329546 Oyster-SemiOpen 0
89.1392096033087 637.9596237545053 27.844627139566 656.8140392697545 7.078542340896092 589.3201780124994 68.37131232314277 570.4660582425032 Oyster-Open 0
0 607.142857 35.841498 607.142857 35.841498 640 0 640 Oyster-Closed 0
