517.6351500726014 153.06931607149397 552.5383822784352 151.26470083130366 555.9873226538912 217.969429378861 521.0840908284445 219.7740363487351 Oyster-SemiOpen 0
368.45903461820853 183.22799945345895 398.77968697430333 167.64081196467953 417.94442104663176 204.919664969326 387.6238007011125 220.50680533240538 Oyster-SemiOpen 0
373.25999482265615 276.4366205166728 276.4802870123822 271.6632817594281 281.7911634819029 164.00786690227181 378.569095210114 168.7811606156781 Oyster-Closed 0
594.4219826976769 247.8209387575214 551.4332967906375 249.83520591592412 549.5571204697626 209.7920382257162 592.545511999997 207.77777799999896 Oyster-SemiOpen 0
232.53407040334423 0 232.53410785240703 60.00002286301529 136.00762449896138 59.99999469958949 136.00765377123025 0.000008448044804595893 Oyster-Closed 0
38.46359564740851 197.0312293122967 97.70117381027376 256.24404232140535 40.81532632568269 313.1504577509905 0 253.93808701921023 Oyster-Closed 0
466.1966084098822 275.4033306131997 432.6479685412778 279.5040075433644 427.7820888649876 239.69595496252853 461.3304713109392 235.59529403993852 Oyster-Closed 0
622.8687311129033 231.1400481885423 640.9917863603187 239.0655584135871 620.8806536719203 285.0509091164526 602.7576210945699 277.12543709883045 Oyster-SemiOpen 0
295.3447377631528 64.19904805031666 231.33240242379543 66.65314754491716 228.78212096322386 0.13067101485363447 292.7943600364233 0 Oyster-Closed 0
0 282.777778 79.7504 282.777778 79.7504 355.555555 0 355.555555 Oyster-Closed 0
595.3474489999644 0 595.3474767607258 75.00000940716772 543.7486627397448 74.99998268103025 543.7486910000007 1.033680271475643e-11 Oyster-Closed 0
239.54816840552667 262.8712236762183 309.2518325893616 283.7727678778687 273.5852118854382 402.70635854685054 203.88168601377402 381.8051366327843 Oyster-Closed 0
157.4519617747137 424.02465527682966 97.761040970654 411.5371203423625 122.81857328234764 291.77907388021924 182.50758516791393 304.26640046737526 Oyster-Closed 0
361.8813243886689 330.3842273810717 397.884856989549 325.7836584837539 405.5555254768842 385.8079704955762 369.5519997114752 390.4085022505561 Oyster-Closed 0
320.523025125658 306.38718444519833 376.5202150940604 320.11090596718145 347.3221120842936 439.2368903039142 291.32500383871957 425.513400609981 Oyster-Closed 0
575.7355000312236 375.58253110027607 597.9353587260266 382.51654424972713 578.5321470054623 444.63007969756495 556.332318800487 437.69613517861603 Oyster-SemiOpen 0
331.604278 373.88888899999995 400.953371 373.88888899999995 400.953371 447.222222 331.604278 447.222222 Oyster-Closed 0
242.86062764178496 470.4624507322844 174.3254482986231 491.3072870052509 138.827062156779 374.6051186418927 207.35970020548848 353.7607035304827 Oyster-Closed 0
17.129922979293042 459.68661372353944 14.686818145419238 426.71942274772925 53.46351560059702 423.84619000468837 55.906813788969885 456.8131700181254 Oyster-Open 0
297.60062547182315 463.0469942443473 336.1161351098417 443.6562481205232 365.7728290771047 502.5532022297938 327.2574734261434 521.9437190038338 Oyster-SemiOpen 0
597.2959697677288 477.61231160165755 613.6913342648768 467.1381221183516 630.7250073421892 493.7965485246035 614.3296899241977 504.2706781178681 Oyster-SemiOpen 0
441.6764852432243 535.5906326264947 424.97856613990734 536.3416284526807 420.6591413201386 440.31239426565634 437.3564824555797 439.5614114012768 Oyster-SemiOpen 0
70.44195987349667 463.49383851668813 83.5588131879922 461.5274021318822 91.91873717958515 517.2814541438753 78.8018883640325 519.2478702658964 Oyster-SemiOpen 0
30.915809743019054 487.27542968827345 45.863683978823246 520.4893972785559 2.048216278417385 540.2042431262062 0 506.9905820643191 Oyster-Open 0
251.7928952688817 454.83327671445204 321.9250762517913 465.7386729647885 303.06350715349254 587.0133120309084 232.93138454428117 576.1081741999157 Oyster-SemiOpen 0
228.53006281082344 609.458403279687 212.05276641579985 605.5395839040206 227.30871758336434 541.4108625883831 243.78556824631232 545.3296266758433 Oyster-SemiOpen 0
197.08441623530234 643.5747927743885 166.3965277182433 638.8700382072944 177.4529006556986 566.7756287205929 208.1398022275971 571.4803064423812 Oyster-Closed 0
253.14400499999465 639.9999999999893 253.1455921284214 589.444026209343 343.1369742879906 589.4465024088327 343.13642798493674 640.001432474832 Oyster-Closed 0
584.3634466015646 84.99470022004418 548.9865527514485 117.94083296855791 513.2211360469955 79.53678785276793 548.5979663136095 46.5907090881245 Oyster-Closed 0
62.99971415370237 101.57996100777878 40.91508957135375 103.44264637236026 37.43943322413543 62.23399392812432 59.52400393973221 60.37131080589511 Oyster-Open 0
470.75471385818673 125.60380269312145 400.4638121091557 125.03917746445138 401.1530806840892 39.25479138102959 471.4436491936067 39.81941536843501 Oyster-Closed 0
84.08891749793838 97.53116914088999 62.50374352435756 95.66392439552267 64.93527448779787 67.55602809665591 86.52041133136663 69.4232712281802 Oyster-SemiOpen 0
543.5045660660398 27.44525818081733 527.9011171726597 27.907030517720873 527.0752319999883 0 542.6786761598487 0 Oyster-Open 0
67.20617709805083 127.89473707368188 47.45231280612643 142.17556935083616 9.024869643617421 89.02147658919928 28.778661875912803 74.74068157309773 Oyster-SemiOpen 0
342.5700685621996 140.279757509168 348.9774307432526 104.2525883134394 383.21281558295595 110.34122376590106 376.80551954807015 146.36833434002057 Oyster-SemiOpen 0
561.8814376156661 174.03970086729322 537.3790253463085 163.70678804385432 557.3605800935911 116.32551734390104 581.8628746097966 126.65840210991777 Oyster-Closed 0
71.6529395487305 171.35265161803247 40.060769494157284 187.06668016726474 10.773280434441403 128.1866315995358 42.36526082204364 112.47265877703046 Oyster-SemiOpen 0
442.75424231236684 132.02305468209113 492.69088375236606 113.62684480372587 513.8846234165976 171.1565848460268 463.94801368864137 189.55273206752042 Oyster-Closed 0
151.38904448212998 224.33018607606994 162.19007022024016 110.46555931240371 268.92286185204284 120.58992370340775 258.122683677866 234.45376406502413 Oyster-SemiOpen 0
91.25207720440812 130.1526199889417 143.39348428366065 116.82626074181279 169.25407959824952 218.00789570300623 117.11270729218086 231.33416523604936 Oyster-Closed 0
