548.3502600313659 142.5773176764201 580.7987844694435 156.94514471793275 531.0609292712616 269.2705414553583 498.6124836756062 254.90284821773056 Oyster-SemiOpen 0
56.21515088765591 282.80040082507463 19.483981163721182 238.87165940144604 119.19090160357882 155.50436420616103 155.92183497647056 199.43268288183896 Oyster-Open 0
84.7720353204204 44.11433508539588 119.30015186058881 0 146.2024956998357 8.121646194624505 111.67439924123755 61.51226426528908 Oyster-SemiOpen 0
358.6283552165696 192.8758685664121 436.6289070246421 162.14431754830937 493.13156443997286 305.549976697586 415.13127019155945 336.28108993189306 Oyster-Closed 0
296.7189462244278 321.98226240596375 228.68132409807004 337.4664010056548 201.81874141519074 219.43519705480202 269.8546887306293 203.95126211314113 Oyster-Open 0
361.9730449043709 326.0055297232643 314.59354202896066 335.2268276967228 294.6840972369682 232.93492989848133 342.0625721827673 223.71373666830226 Oyster-SemiOpen 0
585.9684830695187 301.2211803448066 617.3824159472861 306.3727063744633 609.9219090511178 351.86325492568733 578.5079832652991 346.71175770803245 Oyster-Closed 0
477.4686361612112 261.14923228285664 532.6165370087256 282.36429545269243 479.3861554165778 420.7236039884368 424.2384709540056 399.50893867039605 Oyster-Open 0
117.95720724468993 351.01855718268223 56.35607090720441 408.36629383332587 0 340.9872867106943 55.224712001436274 283.6402381736133 Oyster-SemiOpen 0
284.05052088652155 404.8908919221567 251.03443708219856 394.11249176562524 280.4931491028401 303.88580060145466 313.50846792469383 314.66406545401935 Oyster-Closed 0
640.0001069884456 377.77777799999996 621.5617194303923 377.77777799999996 621.5618381869717 329.77777800000007 639.9999948345794 329.77777800000007 Oyster-Closed 0
149.16305180791824 432.42648157966704 89.27388758958841 425.87080095278225 100.7976102201792 320.6161719889491 160.68502183581586 327.1717560912458 Oyster-SemiOpen 0
183.99674815053004 363.5552218740834 225.98454452825536 392.9661769505474 175.87656003925076 464.4921924591187 133.88909081288148 435.08163189462573 Oyster-Closed 0
516.4951421941805 337.9172635835675 574.9762277934497 391.5410587357634 483.5445707225881 491.2408064700295 425.06455994967837 437.61813182928785 Oyster-SemiOpen 0
426.11184300003515 399.1111109999975 441.4428912459698 396.01698066406664 448.48304141662084 430.8957398571056 433.15199816228414 433.9898532346357 Oyster-SemiOpen 0
0 366.222222 25.640597 366.222222 25.640597 472.88888900000006 0 472.88888900000006 Oyster-SemiOpen 0
432.8934265780117 438.11077109820815 455.78196228037996 440.4504092370863 451.66690864862176 480.70150152756474 428.7783754015254 478.3618795932617 Oyster-SemiOpen 0
31.15723248294671 411.1920224762409 76.40094924638106 403.9245409097834 93.94241182686528 513.1127098200025 48.69872848750674 520.380053221091 Oyster-Closed 0
118.1650541885756 466.3169741291113 191.8495881435956 439.2324970216899 233.2921576040826 551.958880676531 159.6079383129836 579.0427424660079 Oyster-Closed 0
600.094967894911 0.6989689440701451 600.0952548949135 158.72411588314205 454.59344760987733 158.72374576840653 454.59383189634536 0.6993164700035832 Oyster-Open 0
342.0214347472938 139.40485755376028 288.07554876104405 120.73834606210639 331.8931375011016 0 385.838703642512 12.773861506575466 Oyster-Open 0
80.15145451608987 93.54276845595372 40.64431148384756 101.32333295591145 29.16195280085958 43.019610253921094 68.6689779831795 35.239057791107264 Oyster-Open 0
384.33268744869565 198.52007634153676 357.3219159562723 45.55243132569804 480.883666329828 23.734382892503746 507.8950585339044 176.7012095030251 Oyster-Closed 0
583.8311005001015 110.54698046841742 638.0422953127709 130.86822706598622 603.1852538036765 223.85482267517324 548.9741239020805 203.53370167687677 Oyster-Open 0
