109.98180979710014 246.51205492775458 59.17799261973414 245.0086002602817 62.92139691897319 118.53246573522868 113.72429931070656 120.03590643743468 Oyster-Closed 0
144.91727799999353 0 177.736761552369 0 219.4971469259326 37.428702946339826 186.6776717765606 60.196637920382 Oyster-SemiOpen 0
185.23585928182 170.50604244737565 231.8476195967378 190.47431120247995 188.29056543887418 292.14524439448394 141.67892230565485 272.17716715727886 Oyster-Closed 0
492.7853406230861 292.3954636726493 452.9594192300283 290.99592978677504 455.4938631409459 218.88679826059004 495.31923760798236 220.28632251348424 Oyster-Open 0
85.81787570270535 213.58868810646456 146.07649187004426 199.06824041759452 168.89209091241355 293.7470547752132 108.63352365930041 308.2673690729621 Oyster-Open 0
423.54342712867947 243.14080392597222 452.0071788140922 247.8086417375186 440.9949475932808 314.9558339688001 412.53120409470284 310.2880289701457 Oyster-Open 0
202.48438136877667 235.14874158025737 262.1320289180585 264.95960901079377 215.02500279872038 359.20840504096134 155.37758226484584 329.3978826958335 Oyster-Closed 0
448.37996960952296 285.618442564894 485.88411445081874 292.2080279123596 474.0133566053555 359.76452477151525 436.50922657718183 353.17499383320285 Oyster-SemiOpen 0
533.0182297119609 367.50925037858815 494.67239875484665 347.7843008864385 532.8883553435298 273.49816369686516 571.233551545738 293.2229152394597 Oyster-Closed 0
325.1322565292503 361.5365170700487 306.30128302371304 360.9454275194332 308.6359336242458 286.5804405689432 327.4665625320631 287.1715246318127 Oyster-SemiOpen 0
18.245258137612836 263.92331820055125 96.7663874925347 273.97351709358674 81.53240208026546 392.9861195218326 3.0112997328978963 382.9360673822746 Oyster-Open 0
324.2207249166677 289.9419124444032 355.2318613886746 286.95292888077506 364.2393773906224 380.39980313446586 333.22824587688956 383.38875131112775 Oyster-Open 0
260.6724176435091 315.54051734961905 307.70672395556176 310.42224278932423 315.23359940212686 379.5844783181065 268.1993000671355 384.70270686232084 Oyster-Open 0
79.00199744261045 412.11334586972436 48.517818826876464 336.90748782249284 155.0213311646803 293.7409427729431 185.50594664957316 368.9456688283371 Oyster-Closed 0
639.9999999999272 0 640.0001282490848 100.3921663141878 514.224526983744 100.3920541633297 514.2246459266607 0.000013487206676103303 Oyster-SemiOpen 0
506.681789383656 363.92130421347986 527.1217226539011 391.48422485016874 473.4673943765665 431.2677966394014 453.0277618733817 403.70514931504005 Oyster-Closed 0
130.87579098079004 102.80761600338822 53.46585583334672 105.22576686049007 50.182381219856325 0.10858406439679402 127.59195324382745 0 Oyster-SemiOpen 0
361.8714917348552 0 423.85508934203244 2.32737529603849 394.6426774370775 109.97678368894952 332.6590935736749 93.15659590667842 Oyster-SemiOpen 0
364.52735913357174 504.6252070688036 324.0811246327212 495.8795035471906 347.42709571510204 387.93207287051587 387.8719122327311 396.67761853887845 Oyster-Closed 0
260.3173378138308 464.60757320623065 240.58604402263882 503.4335355375098 194.34726996449172 479.93867855313704 214.07861733197933 441.1130712475563 Oyster-Closed 0
294.5891251015564 505.3748548615038 263.52676018890634 514.1063252200154 249.0763417811104 462.7066334214024 280.13814079153235 453.9752475401168 Oyster-Open 0
372.30866590485675 552.5714751649776 335.57725915685296 543.1852289091971 365.73167863352865 425.20776269317196 402.4615237211401 434.5937983045647 Oyster-SemiOpen 0
10.196728922819602 472.7298856572344 69.71122949544224 451.5988928447257 106.22051494647167 554.4068621550367 46.70623324942426 575.5374145303344 Oyster-Open 0
0 486.274511 41.900678 486.274511 41.900678 589.597289 0 589.597289 Oyster-Closed 0
263.6382615925686 0.06562081824795252 338.15072140503617 0 342.61372361790563 124.44237352355069 268.1012644626753 127.06095412487042 Oyster-SemiOpen 0
331.43411496741464 636.0563696133904 303.07297268234834 631.427762738055 322.29256750186323 513.697535877418 350.65228724670305 518.3260240928223 Oyster-SemiOpen 0
134.40443786370452 29.729978578532553 202.26042184687685 35.18062628180437 193.67173821941833 142.10204489957778 125.81575745956798 136.6514158428691 Oyster-SemiOpen 0
0 5.228757 45.439975 5.228757 45.439975 197.64706 0 197.64706 Oyster-SemiOpen 0
317.7203858390567 75.88616850542546 349.106793080864 82.5042018884131 328.45728813219466 180.43460965768855 297.0708912144619 173.81660793327615 Oyster-Closed 0
515.1883561359136 73.7774906903259 593.9236638922011 87.8531262947054 568.8684682875464 228.00299869943052 490.13319425241207 213.927477174055 Oyster-Closed 0
225.68142312549753 208.97377136669712 162.88956801705353 198.58948763234437 178.85087958587974 102.078687641535 241.64201922991197 112.46290993931251 Oyster-Closed 0
