171.58392595672922 241.48995938970342 128.44550792317023 246.34105708822403 118.92320929211564 161.66430221855785 162.0610817350098 156.81323547436452 Oyster-Closed 0
0 169.777778 103.61128199999999 169.777778 103.61128199999999 280 0 280 Oyster-Open 0
313.18759807312745 271.02880216809115 268.93598591166665 290.7460836865622 226.54850019767764 195.61896486580397 270.7994141483505 175.90186367672038 Oyster-Closed 0
173.48307688953355 243.7036491021055 169.93771872883372 282.784609280594 128.75427803002822 279.0485348832906 132.2997770553775 239.96772933700808 Oyster-Closed 0
187.769846631345 237.0754964400835 210.64258285521646 241.1674454554982 198.80390720602009 307.3385266918085 175.9311785006139 303.24660550376797 Oyster-Closed 0
419.00653127144324 340.87816320040724 319.8399649062776 366.2223496198666 278.4031599250011 204.09165662252275 377.5665444810875 178.7478939676566 Oyster-Open 0
96.42225244788278 327.6890870182989 71.81472781616321 325.6137476339593 76.13624990990502 274.37837374156146 100.74349043134134 276.4537010150378 Oyster-Closed 0
390.92902208314626 339.45443232110347 410.753152257239 259.57727431944977 503.2437124194257 282.53035992254814 483.4206085198093 362.4066261086569 Oyster-SemiOpen 0
100.6190787608648 313.50985519919396 118.72983562083391 330.48090971905197 84.39950848951412 367.1134678060291 66.2888564253808 350.14252093437113 Oyster-Closed 0
276.04354989685817 426.89771788383126 209.51045708032325 318.61289939914826 288.91590306426224 269.8290789798276 355.448886692393 378.1125717163156 Oyster-Open 0
130.6316436369525 399.11111099999994 99.64284177061927 399.11111099999994 99.64316135563422 332.4444449999999 130.63140310012386 332.4444449999999 Oyster-Closed 0
555.3432975902251 331.5421946872426 633.9782519455184 313.5301462777791 661.7245020495466 434.64989884912245 583.0896624343586 452.66163017828006 Oyster-SemiOpen 0
452.2361870264285 515.0980921674206 402.10688547485915 510.89172926037577 410.83749151439406 406.87261716068144 460.9649961881223 411.0789039447185 Oyster-Closed 0
447.8922543131921 475.3105673700059 484.4627042965294 456.91541350997966 521.2998921790131 530.1363689183055 484.72962693129375 548.5312408598527 Oyster-Closed 0
640.0002736219176 140.444445 581.5881060210813 140.444445 581.5882939567382 0 640 0 Oyster-SemiOpen 0
498.6188874934305 640.0000913232948 498.62021487686434 543.9994165196164 541.1036156854971 544.000206430979 541.1031851733424 639.9999893596093 Oyster-SemiOpen 0
442.4068740000075 0 442.4068795956555 28.444444075805574 371.62378797715064 28.444440063005345 371.62379243767646 3.022094676400982e-7 Oyster-Open 0
246.0949774675828 171.70218399953555 135.9504158438358 153.18617385077835 164.25008135614917 0 274.39343996025855 3.3635272527319158 Oyster-Closed 0
293.7062489019445 25.443251170131763 351.64894257446576 16.01205596273936 371.9670097229391 140.84028622668376 314.02432964699983 150.2714438384076 Oyster-Open 0
525.0364494452515 37.333108900361005 525.0367659274343 160.00012115812152 422.0749908486323 159.9999693576886 422.07515203452203 37.33346148386132 Oyster-Open 0
265.7042484264093 48.49457739719288 299.9286640857463 53.793618839743885 284.7349428523012 151.92320906355928 250.51053088609478 146.62418761956175 Oyster-SemiOpen 0
405.73972805214 223.1620443915419 344.7927036668261 217.18847748614618 364.00308110511105 21.19910808879243 424.9490197049454 27.172621201173147 Oyster-Closed 0
509.07244473499304 0 509.0724533215689 38.222225979675144 445.096335971175 38.222217047816336 445.09634507630835 3.1282132472370765e-7 Oyster-SemiOpen 0
530.614829 75.555555 591.092238 75.555555 591.092238 221.333334 530.614829 221.333334 Oyster-SemiOpen 0
290.5999614767643 114.54375909502802 348.31082880271424 133.2646938831698 315.7099430152448 233.76097022639823 257.9991361519933 215.0401650858455 Oyster-Closed 0
44.43101616176136 0.014033308486527828 92.93780148233054 0 106.30180516920518 90.8365572904669 57.79502221637813 97.48704478827091 Oyster-SemiOpen 0
