240.0569161682506 143.8380640474557 314.08487369342765 195.96117697272445 226.93155237837345 319.735358617607 152.90417305783194 267.6129385972122 Oyster-Closed 0
92.69548170093913 196.96119824001403 137.01533164035936 185.19364574001162 158.87129497306887 267.5062651223647 114.55147853892413 279.2737305725862 Oyster-Closed 0
0 209.29292900000002 80.537378 209.29292900000002 80.537378 322.42424200000005 0 322.42424200000005 Oyster-Open 0
549.3079730789032 186.55836277451778 617.755692786086 272.81799372026984 477.0064067349449 384.49515820305805 408.56043670479266 298.23713529690605 Oyster-Closed 0
137.35930859329528 257.7776927636051 163.17480711579265 290.91309876325175 116.7645809687383 327.06837972917504 90.9493147667672 293.9331862651128 Oyster-Closed 0
207.34664491392323 271.3184680764809 293.27075125191186 204.30749716007443 384.85849429627706 321.73872882884604 298.9353498496348 388.7486118896655 Oyster-Open 0
160.53341132079368 257.4128293615079 190.38866185830557 263.6299423057959 175.59213700667897 334.67998638844745 145.7369016391749 328.4629233263323 Oyster-Closed 0
349.0687102353695 287.581518135487 418.49327863921644 284.578922326902 421.9512962400768 364.5276368450269 352.5267295651429 367.530203563603 Oyster-SemiOpen 0
68.54236723353097 305.93311568601445 91.3682947459165 316.2000879442892 70.61820290888136 362.32866297120376 47.79231449974759 352.0617554675533 Oyster-Closed 0
337.63233868739917 0.17368269250337406 414.91433436509396 0 421.65656026532815 73.4893727994818 344.3745658513217 80.01543103569836 Oyster-Closed 0
302.19796455843607 405.79057547306195 230.1778395083238 448.0248140913455 167.15450927171332 340.5639961298646 239.17263188755896 298.33051501649186 Oyster-Open 0
517.4177005771344 365.0018571058158 549.0318631205446 342.78392908862025 587.3714561436645 397.33226543523574 555.7574687223678 419.54998382427135 Oyster-Closed 0
90.11086634382082 356.70347773964477 116.60213704322814 360.6229652766759 106.9687521448941 425.726458579585 80.47748975841387 421.80700873054843 Oyster-Closed 0
66.98222332488513 351.439634428177 102.5417394717806 371.43189657140937 40.03826182357443 482.5904177184194 4.479035217227647 462.59855246789675 Oyster-Closed 0
606.5566178717563 387.59791664506565 630.9120841530967 393.46629024831657 608.8279175348725 485.1095123751284 584.472482212368 479.2412286235666 Oyster-Closed 0
358.72815267801343 532.3007070152782 321.1208138105576 530.9955904345119 325.4024534999189 407.6654931208899 363.0081533925113 408.97058102433675 Oyster-SemiOpen 0
544.8069069559278 448.10231568774094 580.2839424782724 442.11875706760117 589.8761265038047 498.9825070344876 554.3991065268347 504.9660048334463 Oyster-Open 0
284.8745643883012 107.3795749658752 229.5644513904699 110.6107710198203 223.13430464120756 0.5414146710696081 278.44423795177136 0 Oyster-Open 0
479.97680197498994 515.1936579671907 504.8885498799791 457.0218532420363 568.5131214869034 484.26385397714694 543.6022519449762 542.4349150047115 Oyster-SemiOpen 0
407.9724117349542 477.6104342664098 463.8792861725233 483.07636870442957 451.0562080528325 614.2061356502251 395.1493550505256 608.7403477134279 Oyster-Closed 0
158.98066832603945 556.0712206130061 131.23078117067053 565.389130922525 122.80035398092878 540.2874794115863 150.54996512029902 530.9696194529788 Oyster-SemiOpen 0
442.2178510000231 639.9999999999817 442.2198749287054 533.3326889065379 498.73326415516203 533.3340474974823 498.73255199971027 640.000049516038 Oyster-SemiOpen 0
517.1391205787222 0.4522445916190757 565.4052866018901 3.844685559708112 557.1344695411972 121.51799656667586 508.8683036201837 118.12556458203036 Oyster-SemiOpen 0
0 0 69.632362 0 69.632362 171.313131 0 171.313131 Oyster-SemiOpen 0
560.8927817384392 124.60503862287757 534.9275992484763 156.7272972156614 483.74367766191426 115.35448536552497 509.70880799999577 83.23232300000653 Oyster-Closed 0
174.78467497938254 211.2448861187336 92.94443336970289 183.99772696624368 149.81411847868003 13.187466600200556 231.65309305375558 40.43438189308657 Oyster-Closed 0
311.2785557962343 172.30648648799058 261.6391981972265 192.87274772172464 214.76610243465984 79.73947601459149 264.4049666885985 59.17333010184503 Oyster-SemiOpen 0
452.0786233126273 174.54724189627828 366.3859463002882 198.63899106854416 334.92527613736456 86.73540887088264 420.61704790001386 62.64379325340725 Oyster-Open 0
291.9674467681034 53.986175201557785 350.79853811330395 56.64435439930728 343.55020490249444 217.06332977337956 284.7191146415571 214.40517271353536 Oyster-Closed 0
225.59949971109745 188.093970551875 194.69425455397868 180.85337805419442 212.66205575120694 104.16295319633504 243.5670387099526 111.4035130432984 Oyster-SemiOpen 0
452.7886988424143 227.6246566237344 463.7910784972337 88.43790603419234 520.8064042685874 92.94497438001473 509.8045490486402 232.13120733141824 Oyster-Closed 0
589.2558589055261 460.5619804040618 560.9689332047856 461.3935199397526 559.6580799177173 416.8001091514578 587.9445922908053 415.9685757129187 Oyster-Open 0
