212.0365311112255 133.16897246678087 257.78207274088345 169.75077623337822 190.70233047314105 253.63146764193596 144.9570316766767 217.04993814218466 Oyster-Closed 0
499.77067737498146 116.85691763052114 584.4124639123766 128.87433141152204 564.8409907507448 266.718011929065 480.19923222687794 254.7007168035949 Oyster-Closed 0
468.1342783571017 192.49239623594337 501.1534203319752 199.45443396207213 477.6003211326315 311.1557343479874 444.5812022453174 304.19377177234344 Oyster-Open 0
169.90166951480205 218.65307601235088 214.8279823880148 230.13503443407592 188.46664336218964 333.27547534444415 143.54037740318745 321.7936423888438 Oyster-Closed 0
439.03953705288586 330.6169683188768 413.99456712773826 329.2088125290061 416.484181190026 284.9348957927806 441.52889774493815 286.34304444726877 Oyster-SemiOpen 0
211.12811922750552 270.4572390820315 261.24354880354076 308.4175702830796 197.35005458642263 392.76282340729904 147.2350597741024 354.8029899997417 Oyster-Closed 0
310.93680104349914 315.5018770582417 339.85030535310216 308.85166429860396 360.84997639918583 400.1448389547781 331.9364998587844 406.79496774005827 Oyster-Open 0
246.44179712428013 356.970035085047 298.79438000003574 336.59259199998814 318.2873992632085 386.6681011518243 265.93489834849606 407.0453918990596 Oyster-Open 0
64.5265909731097 39.17461030226145 101.9300507443404 0 221.88598271401133 28.156210168384902 184.48269652297313 100.87477648703329 Oyster-SemiOpen 0
204.71097426830966 476.4952834496653 245.51919148987508 480.4851545431193 240.3388703296514 533.4594101477871 199.53065898560453 529.4695789116618 Oyster-SemiOpen 0
9.868671332296799 503.8693889802161 71.33166325918864 483.8657068481695 104.99684295253246 587.2833901894994 43.53405420559284 607.2866312789856 Oyster-Open 0
331.96775954958866 643.4216810439812 302.58435855968855 639.4039217400517 317.27024156389234 532.0345989588167 346.6522734492173 536.052263490391 Oyster-SemiOpen 0
605.6398876340972 140.4469506781854 491.76698014220165 121.33370169478226 515.1364112181909 0 629.0084615416708 1.2203183264509763 Oyster-Open 0
258.0471583729377 0 341.5702885582141 0.27532695028268284 339.8731295407197 157.22732120788362 256.3499989078264 156.3241730369174 Oyster-Open 0
354.808370462124 4.360127174057457 407.43165540203336 15.012326316791222 381.86482549142966 141.31544790361616 329.2415527940466 130.6632854867118 Oyster-SemiOpen 0
152.37803359748796 108.68102853869294 87.26167992928822 163.44281474089527 16.836745602849987 79.70196963653946 81.9528198534681 24.940375359325245 Oyster-SemiOpen 0
132.11150975665078 70.57961233901791 202.8274427249562 95.4311469889779 168.9667787655344 191.78168483647337 98.25090571823239 166.93027310496575 Oyster-SemiOpen 0
34.6036371930677 235.90392053542072 0 234.23894263432624 1.5153467946947785 68.90555761708879 41.48966014821781 70.57051853608024 Oyster-SemiOpen 0
