484.0269888482726 113.16203975611026 539.6116684720619 111.85979460683447 542.78248459108 247.19918249060584 487.19780538544 248.50141555359636 Oyster-Closed 0
260.1483907175134 146.23600257098857 317.59459534565394 158.58618721065366 292.07464993422036 277.2870912482186 234.62848228817165 264.9370260775492 Oyster-Closed 0
168.62904480542056 275.39488098020314 124.93600711059116 282.0949995922432 112.93785581809061 203.8537177037456 156.63028946983104 197.15364612298086 Oyster-Closed 0
502.65537200000836 0 502.65538900632237 58.011699002997055 444.73280588739726 58.01168004124017 444.73282600003586 1.1597097507286349e-11 Oyster-Closed 0
12.990308594962698 323.41513529868627 0 221.89897937843767 71.82265879848273 196.93894901991374 100.71055157917726 298.45417740687026 Oyster-Open 0
291.5305887256545 296.31648654541885 248.61745487934968 326.3896788155354 198.3291980422655 254.63431794199442 241.2417750000168 224.56140300001 Oyster-Closed 0
563.8727767880482 228.30314036221634 613.6811100289924 310.4506317046537 488.3609219209029 386.4286633675284 438.55416591301037 304.2825503506952 Oyster-Closed 0
189.79224364338734 340.12372233172914 155.62581384881923 331.391858653758 173.36686013841245 261.98002242443 207.5327674736036 270.7118159569971 Oyster-Closed 0
388.09739841388364 379.8068480343512 295.8093688597728 402.2133738679828 258.7810011135298 249.70601838108513 351.06583617620345 227.29989325333437 Oyster-Open 0
383.59402755122574 293.4533501184706 459.1364850907121 301.948027346972 448.8559464139689 393.3643598235502 373.3135038240289 384.86978238848417 Oyster-SemiOpen 0
193.73366920677654 347.87756454553113 262.8529431804054 304.5758394779021 326.0489654254343 405.44137860498296 256.9302365843032 448.7423867098227 Oyster-Open 0
454.2968306187686 81.6777770944424 382.67942229991604 92.66041575207089 368.46991099999286 2.250242437135438e-12 440.08708615700016 0 Oyster-Closed 0
122.91722618050699 425.6915095703664 93.80067447258625 421.7938832908951 102.19164629561419 359.1203108661134 131.30766443187895 363.0179007929207 Oyster-Closed 0
64.99459561440744 479.7862141400585 25.257016022951575 460.0736929650072 71.88867854769342 366.0857210006825 111.62513356102863 385.7979058369573 Oyster-Closed 0
0 408.88888899999995 18.547037 408.88888899999995 18.547037 467.486568 0 467.486568 Oyster-SemiOpen 0
20.12524335681519 429.473612876292 39.3983350617782 438.44513397423395 9.632397439709166 502.3797089905372 0 493.40829736015655 Oyster-SemiOpen 0
374.81421195872827 543.8063103504653 338.76073691302736 539.6603782707703 352.46333842689637 420.53011870351463 388.5152775658935 424.67596155440225 Oyster-SemiOpen 0
610.6363012359361 516.6494682033097 581.5076223067445 521.8599500479045 570.7828835946566 461.91357230944084 599.9109290594788 456.70314866870166 Oyster-Open 0
427.2269267759839 491.31236866987393 486.2372749518545 494.32815740832547 479.92110479091934 617.890531452788 420.91076255004737 614.8748198592191 Oyster-Closed 0
144.6019939382677 537.9115506100018 167.65040300946566 536.7848703987237 170.28247908827325 590.6165995490628 147.23407096033043 591.7432670122782 Oyster-Closed 0
389.0549928825203 601.3122969864669 375.43187780014705 600.267993624554 378.6794051830657 557.9159140519976 392.30227149404527 558.9602078261778 Oyster-Closed 0
511.64758716164215 639.9999158813346 511.65104458254064 548.3035354769604 638.4447228724457 548.3082661638141 638.4438413190946 640.0020279951525 Oyster-Closed 0
286.504853700535 638.8391343983183 259.1938610820944 616.6266780475518 302.9146481056523 562.8856382549931 330.22510451941343 585.0977485481048 Oyster-Closed 0
467.97698453265184 639.9999991262346 467.97856613186013 538.0111334094383 512.6977571794123 538.0121729291144 512.697179259776 640.0000281680404 Oyster-SemiOpen 0
331.6351121745538 599.7659875475587 342.0249596724898 621.1807790784043 311.5259776888706 635.9736099815366 301.1363259307109 614.5589852896076 Oyster-Closed 0
254.37719199348066 30.87719157737006 291.00781718982034 36.02643734681414 282.65154295935645 95.47101938283842 246.02091931417817 90.32178087859964 Oyster-Open 0
538.6969457437226 6.1324420575710095 592.1002025715279 5.342234644891109 594.2851899732341 153.00603267548414 540.8819334486179 153.796236670302 Oyster-SemiOpen 0
0 39.298245 33.847342 39.298245 33.847342 168.206665 0 168.206665 Oyster-Closed 0
212.75740095297806 26.008503126252194 286.11740875399846 81.60518856743634 178.95384924857353 223.00581143124165 105.59425407576782 167.4095986866229 Oyster-Closed 0
247.38856098556425 89.99797229334511 299.94425866570964 71.4229853553507 336.37532157998066 174.49927773568163 283.8196744008019 193.07416469890174 Oyster-SemiOpen 0
250.19713877794857 193.00844555913326 219.82518855991657 185.4184437292733 242.9984967657947 92.69098309044593 273.37015110839275 100.28094612141301 Oyster-Closed 0
312.690542 74.853802 368.98530199999993 74.853802 368.98530199999993 212.39766 312.690542 212.39766 Oyster-Closed 0
381.1039432776306 91.95393108270954 464.5501672086539 84.1339042614345 475.6348518458981 202.4152811451628 392.1886343521328 210.2352580618524 Oyster-Open 0
