640.0009762752597 318.888889 512.0014136340615 318.888889 512.0033630652324 170 639.9994457530556 170 Oyster-Closed 0
223.64294366350805 257.65677356048184 244.63447598049243 267.0005468515857 227.16711370056146 306.24007225537827 206.17560660997697 296.8963409239767 Oyster-SemiOpen 0
128.62673795803858 338.5040291527995 81.46790562692331 339.5646327002936 78.85759260578197 223.47914234160982 126.01525228223181 222.41855220062843 Oyster-Closed 0
460.08709734778677 345.5963705239686 408.6653413178283 356.71631617157453 394.95995929959463 293.342079057784 446.3809339999716 282.22222200000124 Oyster-Closed 0
37.91911009451724 283.85569422454705 75.63084809102293 293.0892821689143 48.03032947580505 405.8056359811622 10.318640688274172 396.5721854676327 Oyster-Open 0
163.17371570054092 357.2863947288172 183.4011372106761 311.0389129392805 277.1046783679776 352.01856310798746 256.877993519156 398.2654191938389 Oyster-Open 0
194.21800793388684 433.52691982158177 140.15450958220754 431.565848918052 145.746805710005 277.43756235169946 199.80814271402778 279.3985945160529 Oyster-Closed 0
174.0416403857671 488.9410877734644 105.63716653989104 510.07123308885116 73.69748989171057 406.68530526401196 142.09960899999714 385.55555499999275 Oyster-Closed 0
375.3824734567024 543.2224152751079 305.97520797637117 546.7242687852321 298.20078739430755 392.6247649030337 367.60445678701217 389.12300021008883 Oyster-Closed 0
391.72194905462675 550.3179503981428 365.25967016845243 550.5934482091249 363.69995946995914 400.74601531520455 390.160845554783 400.47052472210805 Oyster-SemiOpen 0
227.8322527238197 465.31809449091276 231.97094370392733 490.9116739022385 205.08203227880585 495.2589428934076 200.9434808511287 469.66548747419233 Oyster-SemiOpen 0
532.2911908243259 451.8465627554516 559.8504200374009 452.58435046886177 557.9707619278634 522.7849072650051 530.4115330696368 522.047128925964 Oyster-Closed 0
199.1249430867174 542.331442376907 161.45119425971643 546.9644651381086 151.86094332617358 468.9913134140395 189.5335908375273 464.3583591649799 Oyster-Open 0
131.28921857380192 530.0210463330804 177.14299492094142 523.237641069926 188.13449716370087 597.5199300504239 142.28074431252026 604.3032281948836 Oyster-Closed 0
218.21771099988837 0 218.2179298067058 124.4444649538602 68.27352307242109 124.44425714860408 68.27372594831104 0.000003403514951924845 Oyster-Closed 0
539.3689765754243 542.9059811533476 566.7327514812496 544.5121000106149 563.5571406559757 598.6027622511535 536.1933674031025 596.9966619047486 Oyster-Open 0
640.0002674105781 614.7008549999999 619.6386923625687 614.700855 619.6389686913608 542.905982 639.9999163152097 542.905982 Oyster-SemiOpen 0
393.97460899999714 638.8888890000342 394.8059171243949 592.7421875641045 457.57226906374854 593.8723117846165 456.7416355408932 640.0183571648959 Oyster-Closed 0
61.41077064879937 639.9999975261336 61.41300962830428 574.4434449073925 164.49796340086323 574.4467117937099 164.49725167221914 640.0017246450543 Oyster-Closed 0
283.49093572993297 598.4715292154839 326.5342975272506 594.4388528547727 330.7736263641709 639.6753438821256 287.73027043142065 643.7079780730335 Oyster-Closed 0
513.2107484769949 639.9999749539403 513.2110599945008 617.7774694236773 555.6950996688101 617.7779583859154 555.6950090462487 640.0002431896077 Oyster-SemiOpen 0
502.8071588311286 18.398425507140516 576.6157916371594 33.48989661856126 547.5097686464869 175.83932160548193 473.70115613863163 160.74793130157335 Oyster-Open 0
