519.6541960933973 132.38320594712496 562.0231684023747 144.7359372667786 534.1902166402724 240.19862383437578 491.8212800443871 227.84597766944876 Oyster-Closed 0
0 113.18518600000002 19.083026 113.18518600000002 19.083026 313.792446 0 313.792446 Oyster-Closed 0
155.45716479697148 288.2098841833845 55.40133996946679 336.7733073848415 0 193.57858395882465 85.95148614564096 145.01584906862487 Oyster-SemiOpen 0
286.7828199300129 355.17525610360275 195.95174666304956 373.3126356459235 152.54851774225244 155.95566279846648 243.37616138145677 137.8186180908373 Oyster-SemiOpen 0
488.2818942201993 363.950380545462 338.01086350053083 436.94310480174744 221.0761015137541 196.21551935272026 371.33992723531264 123.2248719083379 Oyster-Closed 0
640 0 640.0000150183041 75.25926306674141 612.7864425256121 75.2592492250081 612.7864579999732 0 Oyster-SemiOpen 0
280.071927458921 290.0896523676395 321.85001934725733 457.79623841714385 218.68295480599045 483.4914417451391 176.90789041073003 315.78750983452585 Oyster-Closed 0
137.11970872464008 378.66662815401116 164.07104052639625 390.9151262290698 136.6411272805999 451.26369654652075 109.6898727761436 439.01532365094147 Oyster-Closed 0
160.9566339536832 478.1730558948202 142.5712008420669 481.0884296549603 135.6991065676266 437.75647692583243 154.08426776783017 434.8411252476527 Oyster-SemiOpen 0
121.50260216578317 446.3475875073897 141.27595893318357 471.14582101012036 88.38335830143478 513.3132087018411 68.61032532862737 488.5152740624367 Oyster-Closed 0
186.8927369283483 391.0811930245026 294.5033867275197 373.79607007158063 325.22939955466427 565.0546526516955 217.61889332614373 582.3391663608461 Oyster-Closed 0
0 518.436214 62.424201999999994 518.436214 62.424201999999994 604.050751 0 604.050751 Oyster-SemiOpen 0
325.5086707700684 542.161533922354 350.36928623827407 543.6072707349131 346.7042279282032 606.6158617151125 321.8436141451093 605.1701443738937 Oyster-SemiOpen 0
148.97767073583964 562.626939259003 173.06887934202678 569.7966865026264 162.98819221032318 603.660483541651 138.8970069817151 596.4907912328023 Oyster-Closed 0
359.04458028046065 545.1712307935777 389.2180885459675 559.183267232628 352.031022610754 639.2412396655097 321.8576847658551 625.2294756947465 Oyster-Closed 0
96.38745308926445 573.6296201653054 119.17631763019017 582.1700359283668 106.3829796056234 616.2982295404989 83.59415097052988 607.7578827556333 Oyster-Closed 0
58.99034439804382 645.2667877882794 36.29756349888339 633.9278483443476 60.027285636097076 586.4514397369804 82.71960142912576 597.7902396106789 Oyster-Open 0
180.3373016823025 634.3094727769035 152.66883720556507 632.0875749856075 154.88739365951915 604.4713013790565 182.55550679452426 606.6931849951911 Oyster-Open 0
134.37281250226079 601.1255240265918 156.7296855771565 605.0942030979257 150.5690198438242 639.7894352086047 128.2121552710305 635.8207883717578 Oyster-Closed 0
413.7233335493511 85.12916335868755 427.1786858954147 39.734685180283904 465.13603275256173 50.98558069275602 451.68073514374555 96.38001106977129 Oyster-Closed 0
0 0 113.38113199999998 0 113.38113199999998 145.185186 0 145.185186 Oyster-Closed 0
600.5525198302348 162.58827566116793 526.7447724603699 149.7427112057517 554.5189504735026 0 628.3259910561901 3.0073198644352224 Oyster-Open 0
320.74742229946423 2.3921387412367134 356.4256709511392 156.70978735068164 236.85323325611535 184.3541083424117 201.17573761534004 30.0371114569841 Oyster-SemiOpen 0
219.47265800001333 0 219.47266680952453 30.222221693745066 133.72690839896677 30.222217432260194 133.72691407937964 2.5274777322119493e-7 Oyster-Open 0
429.406526 101.333334 463.06062 101.333334 463.06062 197.925925 429.406526 197.925925 Oyster-Closed 0
