224.8297730676859 204.00634095056435 193.0540318943531 298.7007228322001 102.211129822972 268.2179342579285 133.98727894367767 173.52432230309677 Oyster-SemiOpen 0
339.9164761997963 194.34187690713156 374.3011284231761 193.02369028487652 377.72909449187864 282.43811639257694 343.34444273699773 283.75629260677346 Oyster-Closed 0
0.7689429999999999 201.26984200000004 29.812878 201.26984200000004 29.812878 291.57338 0.7689429999999999 291.57338 Oyster-SemiOpen 0
169.65893601300195 186.78608458211184 226.90867989585968 179.32978924732592 244.26698073773878 312.6022139934361 187.0172535796155 320.0584169655861 Oyster-SemiOpen 0
374.59735656178964 205.6273235993292 417.9418981281924 207.8428815904063 413.3212440583884 298.2361079075099 369.976704278597 296.02056865170243 Oyster-Closed 0
94.71035782655235 302.625451597238 35.19193289896066 308.70997336044513 26.089557231971412 219.6712062233422 85.60697264496412 213.5867359050207 Oyster-Closed 0
413.46280210942496 274.90445595011494 446.217891815686 284.1127829862865 433.0278364440892 331.0281783522415 400.27276715787593 321.81990199864 Oyster-Open 0
415.609165616479 67.59739735685899 362.4932666652603 78.45794640644529 346.6920216767903 1.1784152211064085 399.80782918784826 0 Oyster-Closed 0
531.1476255338494 408.253968 501.1583847413567 408.253968 501.15880940531497 328.253968 531.1473875636148 328.253968 Oyster-SemiOpen 0
74.96485381445382 13.564934360673263 93.40268588799518 7.936921196179645 109.17719431316073 59.615465280223546 90.73936392836913 65.24347429709287 Oyster-SemiOpen 0
426.9189499536151 361.90145926840927 460.71356585358444 353.7985491889889 475.2821880632837 414.5531146867348 441.4875973221933 422.65595199690944 Oyster-SemiOpen 0
153.2850274770317 337.8971249826063 189.23116390156792 324.4852025229113 230.11850017428515 434.0586965609117 194.1724812889879 447.47039323838396 Oyster-SemiOpen 0
479.37058729519777 476.6457450331157 451.04933951733983 471.19857488475543 472.69886972346285 358.6555977387217 501.01914423066773 364.10267209387536 Oyster-Open 0
89.04229904481326 455.9415008150964 82.63874037162168 397.8182077734799 161.79242693098786 389.09864123330016 168.19661701505538 447.22121319443096 Oyster-Closed 0
242.02469658986956 522.6677991265863 197.17918833594013 527.7101809438153 183.8390265446651 409.0794657251677 228.68266218079953 404.0371915035198 Oyster-Closed 0
155.93325787187496 505.2614920869247 170.71972513331275 517.730348640016 145.28680910909316 547.8842439585122 130.50043096358422 535.415483738902 Oyster-SemiOpen 0
334.15553635371907 489.94979487519004 385.81342808647605 488.68717197585966 388.0425064633164 579.867226564982 336.3846155779902 581.1298265549005 Oyster-Closed 0
268.24721931327076 553.0155703329551 268.24822969523666 640.0008121250587 176.49615033558803 639.9999702315613 176.49690449805348 553.0164829557863 Oyster-Closed 0
258.96518201094295 639.9999671514256 258.96584344358416 596.8252696731278 308.5899642359436 596.8260451226944 308.5897959795693 640.0002471304241 Oyster-Closed 0
552.1504405559972 194.33209749787434 523.4177005709353 193.0221642271453 529.5878163410089 57.69101115616826 558.3201620628097 59.000934966905625 Oyster-Open 0
505.54487335684826 64.01358925648067 554.9591783998039 91.15990898857964 504.7814160316193 182.49717341777537 455.3672084756545 155.35098450719934 Oyster-Open 0
475.65856339555467 232.10518760769332 414.5607737656974 232.53194795563752 413.2319515731797 42.197206256054336 474.3283920000249 41.770451000000016 Oyster-SemiOpen 0
40.825248 45.079365 136.146782 45.079365 136.146782 245.71428599999996 40.825248 245.71428599999996 Oyster-Closed 0
