554.7007348589977 236.47627704775266 516.0869320524944 239.45047374912278 507.78335905837594 131.6450228125231 546.3966148575855 128.67084670578112 Oyster-Closed 0
357.11376549974375 151.03223097639872 391.19212318946666 158.87100489885367 376.6252679411991 222.19751766733094 342.54692172951763 214.3587791066389 Oyster-Open 0
558.3481627285073 147.02458890899 597.0223523209279 152.46098041443133 582.5579545422079 255.35715745174411 543.8837743974727 249.92080759776786 Oyster-Closed 0
224.15552307807957 142.94843109523495 288.5928498715657 158.26272293798573 260.4098983330914 276.84333019693565 195.97262200142723 261.5291852017135 Oyster-Open 0
385.06091499999457 0 385.06092851777794 56.66666868184966 336.09481647501525 56.666653477192305 336.09483200001705 0 Oyster-SemiOpen 0
496.3093989263143 198.95082411374568 513.439942698169 187.0525316752 552.3733699777222 243.10497994521253 535.2428819362831 255.00320574417975 Oyster-SemiOpen 0
598.01659405588 242.83326412230872 589.1982066036871 300.49948625353113 541.9463964387978 293.27385396228493 550.765007065711 235.60790920225597 Oyster-Open 0
345.8369633888651 225.9795780638204 399.9539514416392 204.6267867987386 449.958233354846 331.35248957004865 395.84141842773533 352.70497827101804 Oyster-SemiOpen 0
553.1361711813224 351.30606296060085 572.9487761850032 310.23050189241246 638.8968799242139 342.0375272403828 619.0847323003982 383.1126977659233 Oyster-SemiOpen 0
631.8692771204223 446.22775772551705 608.049817526844 442.9754600767058 622.3082300863462 338.56384654192203 646.1269531662401 341.81609258440034 Oyster-Open 0
395.93334388700896 365.8653996149986 438.13433254894335 359.2747489795758 452.4336697207036 450.82500418388173 410.2327032152243 457.41556180727315 Oyster-Closed 0
376.0850949538144 98.22542623098742 334.79307373578195 114.85456749460985 290.7526785922528 5.497493003655052 332.044557344052 0 Oyster-Closed 0
438.195485 465 474.43194800000003 465 474.43194800000003 538.333334 438.195485 538.333334 Oyster-Closed 0
613.3283128068433 558.4351108422744 595.8953056584869 557.9450953115891 597.2818019244733 508.63620703313313 614.7144683991792 509.1262177762539 Oyster-Closed 0
363.01830106393027 540.7781669546046 386.2541937822243 539.1453804875755 389.5349859227281 585.822976323574 366.29909498020425 587.4557467824224 Oyster-Closed 0
295.97079699822643 562.7952724848597 272.1934207938466 592.6134340651749 244.59937498439103 570.614679886924 268.3766375626874 540.7967402341106 Oyster-SemiOpen 0
441.0338827000669 29.447968594860804 472.48747500692843 31.370360852583843 469.20496217724576 85.07771899360458 437.75137009193713 83.15532894064597 Oyster-Closed 0
456.5049064673076 544.8287251004851 479.2197883105109 546.7634648508953 474.40882741422683 603.2332042929872 451.69394843302143 601.2984879181644 Oyster-Open 0
593.8669264834607 15.18781989805451 641.8431023179437 16.873850249827854 638.6677843536745 107.22766666308894 590.6916087932768 105.5416398074766 Oyster-Closed 0
372.53050297134905 640 344.72814968175953 640 344.72865518277104 561.111111 372.5300267700368 561.111111 Oyster-Closed 0
238.2870120000007 640.0000000000327 238.2883056220453 593.3321064687299 312.0742620307283 593.3337892193209 312.073757990438 640.0008998305304 Oyster-Closed 0
288.29571771624614 33.68946003734306 322.52923881373135 45.13486423831725 299.4118166374392 114.27944495014083 265.1783063162293 102.8340639877304 Oyster-Open 0
474.71158717722574 121.83130475326352 452.27522756831604 115.52346393178048 475.7917594162427 31.878218170864937 498.2280136432382 38.1860432330369 Oyster-Closed 0
551.3623477363581 69.16924253822935 575.5323248798231 68.71622863157432 576.7704592125665 134.77485929249275 552.6004821008974 135.227872064747 Oyster-SemiOpen 0
640.0001298455754 192.777778 620.037304287107 192.777778 620.0374234450283 81.62776199999998 640 81.62776200000002 Oyster-SemiOpen 0
570.2023654000368 125.07993455195758 584.9429829452129 134.34342276996813 571.7325317941868 155.36436957162564 556.9919235007546 146.10089333215376 Oyster-Open 0
390.0016555044567 81.86160046541295 425.13119474802807 83.8685520671965 417.88056740122556 210.78129666742387 382.7510290941427 208.77435898383027 Oyster-SemiOpen 0
181.11134919701726 315.59421022913267 95.29549534076068 316.9345122174733 93.28676442921278 188.2715172397815 179.10046480559686 186.93123251674217 Oyster-Closed 0
