0 105.481482 41.426442 105.481482 41.426442 250.62962599999997 0 250.62962599999997 Oyster-Closed 0
541.701571489466 152.93780045368723 577.4008398359001 152.646889471599 577.9032773057406 214.30229330908472 542.2040089755319 214.5932030633075 Oyster-Closed 0
509.84354216896463 150.58675308072304 543.208967512619 154.3388642160776 534.8095581290545 229.02826843266308 501.4441357374744 225.27617712613934 Oyster-Closed 0
162.749328 0 216.959846 0 216.959846 51.282052 162.749328 51.282052 Oyster-SemiOpen 0
422.12958343559876 266.65386241167096 360.90326764686324 259.2286713957555 376.76195787142206 128.4707492523222 437.9871149970859 135.89586980078346 Oyster-SemiOpen 0
124.68159412914247 0 124.68160528631415 46.49572848896089 64.99618807683873 46.49571573934744 64.9962019999657 2.752372507471491e-11 Oyster-SemiOpen 0
245.61753953734296 0.05063073938632494 278.8263663677935 0 283.3874962901609 61.422714534525184 250.17866997652163 63.79877728979113 Oyster-Closed 0
0 0 40.093608 0 40.093608 58.074075 0 58.074075 Oyster-Closed 0
417.41785332116706 213.4132224634336 440.4106458056049 210.569066209035 450.77768404458766 294.37480669840033 427.78489578704466 297.218940236178 Oyster-Closed 0
572.6388096751907 267.21308438702647 552.1023519489972 301.85366188743285 515.2957095264719 280.0341588223339 535.8321597894246 245.3937340918506 Oyster-Closed 0
396.3654535706155 345.53718519955885 355.2552129603282 354.92735314965 334.95426616922487 266.05446239698415 376.0636801193323 256.6643930761858 Oyster-Closed 0
593.568462970361 261.9931143937346 628.576323944435 270.2808347629081 605.04404483916 369.6758483540953 570.036217846864 361.388225887982 Oyster-SemiOpen 0
213.67918781426852 0.4723162964060956 243.84036737254064 0 253.89722001818882 74.06259150752663 223.73604120519303 77.97627509927173 Oyster-Closed 0
115.4457612639817 299.3359643481353 137.2496646943182 297.5630834988964 142.90140121942386 367.06597253513 121.0974996726145 368.8388381377944 Oyster-SemiOpen 0
405.9418563997315 319.0994270405939 449.61322518960515 286.82882041244915 499.37759754226136 354.16909709363233 455.70652542272 386.43936225930554 Oyster-Closed 0
613.9507850545488 389.36299961204963 593.1015059217316 398.7406530328312 579.9395423043461 369.48073152563336 600.7886575834709 360.10312086388245 Oyster-SemiOpen 0
209.44428391485417 335.67623323808823 250.92070652150142 325.6823002531535 275.56116964107787 427.93386740980225 234.08479948615422 437.9276506886537 Oyster-SemiOpen 0
466.7489326989016 364.8301838709099 503.8553657325974 365.52559167764576 502.9115956056921 415.87891681868547 465.80516266622 415.1835140959389 Oyster-Closed 0
571.4837256505416 419.07960635265937 575.9670428146637 376.23031468026375 597.8746617127763 378.5222858393878 593.3914973080391 421.37143662156564 Oyster-SemiOpen 0
528.4693533159589 370.2976678164503 546.9289364667202 369.0003684661838 551.9975533717661 441.1145324718515 533.5379717760225 442.4118177147273 Oyster-Open 0
0 346.66666599999996 86.62392 346.66666599999996 86.62392 467.692308 0 467.692308 Oyster-Closed 0
123.02990978729213 501.3178701154511 91.99117363008554 510.55606189714325 69.46077525833971 434.86924172552915 100.49870804730745 425.63117793178606 Oyster-SemiOpen 0
121.20890333906573 500.31684082057905 104.10357110136829 493.6592085821286 123.86133001091366 442.90505598496446 140.96637041795475 449.56262482177516 Oyster-SemiOpen 0
502.3517960662866 3.696861166438156 528.3637291196646 0 543.2954818147846 94.44172382222956 517.2835502133239 98.53705968408403 Oyster-SemiOpen 0
424.0526538089034 22.966449269687 450.540808805963 25.44878167858215 445.71985111360846 76.89155945377703 419.2316964946076 74.40922943449506 Oyster-SemiOpen 0
108.00390256132232 451.51315490471717 118.32360963948304 565.5817887282282 2.810265066436841 576.027742855112 0 461.9616935195195 Oyster-Closed 0
395.5881554936059 9.074141717446171 416.7702207131515 15.683058610217952 390.0505458348198 101.32140950239665 368.8684853988525 94.71250470658188 Oyster-SemiOpen 0
558.9890830442891 516.5718957397273 579.0039832227194 508.88260283155427 600.500083510633 564.8242494127088 580.4852326355467 572.5134497149809 Oyster-Closed 0
174.4178929480404 77.58116704196044 128.09324120913516 88.6013993774674 115.87636979435047 37.246485103619044 162.20092355986708 26.226264736717635 Oyster-Closed 0
499.4003431565943 595.9875424107297 488.0682150519715 596.8369190776167 486.17943556302635 571.6429932128012 497.5114391077659 570.7936212526038 Oyster-SemiOpen 0
126.31066502981412 595.8856031625357 105.7756880902889 618.0851165761293 73.26406507934735 588.0188183555315 93.7988669063634 565.819519391373 Oyster-SemiOpen 0
102.09817353214021 603.1255260834704 85.71758613412385 652.6207049157572 31.369941106677288 634.6386430659894 47.75086452944379 585.1441109877939 Oyster-Open 0
305.54484622167365 643.9253467215293 250.14891361126502 639.9710485746289 255.138182025039 570.1111247434276 310.5323658639827 574.0653601230223 Oyster-Closed 0
392.7286550000281 0 392.7286557944899 21.925925337027646 374.1800282112672 21.925924525125087 374.180028999981 1.5264674624348964e-11 Oyster-SemiOpen 0
123.183313127156 82.55516381375656 149.78594482621702 86.68158486347349 141.90492571920913 137.48931929428684 115.3022959658847 133.36290692350096 Oyster-Closed 0
640.0000058868318 122.39316299999999 631.5769497909787 122.39316299999999 631.5769590507989 99.82906 639.9999991473305 99.82906 Oyster-SemiOpen 0
321.69880499961437 93.19470117281172 346.6273283368355 76.71770865729702 393.4139745820721 147.5019266708981 368.4855007409351 163.9788558750703 Oyster-SemiOpen 0
287.4649101994146 40.36284829335501 283.369770499703 1.2176375736575495 339.1107819257013 0 343.2059343342553 34.53153722263996 Oyster-SemiOpen 0
