222.61018152996257 297.8523215892991 158.90367587140645 295.9670650608978 162.28782675389084 181.63665066605188 225.99304719529755 183.5218882956587 Oyster-SemiOpen 0
199.76884922776662 186.74414716804057 253.52582576881105 181.2126803202258 266.92453434348863 311.4213507021884 213.16756820808223 316.9527504375484 Oyster-SemiOpen 0
399.07275032557664 295.1814124709816 364.29417112318333 296.2384241209828 361.55825367102807 206.21301049538107 396.3362432366557 205.1560078718845 Oyster-Closed 0
394.732585 220.17094 436.255534 220.17094 436.255534 302.222222 394.732585 302.222222 Oyster-Closed 0
438.6004371269519 321.810323481605 394.72068249706354 359.89092738994435 308.94984164318885 261.06412360708106 352.8288261380658 222.98408146065134 Oyster-Closed 0
460.8085414112429 341.5490081266256 423.6730999187421 347.6107557464696 413.47122769540874 285.11491094653144 450.6061322223104 279.05320798360924 Oyster-Open 0
111.7117540914478 6.242398595557157 129.15837926237145 1.3489598179751598 145.55184572949656 59.796711637054585 128.10522194369696 64.69014675331425 Oyster-SemiOpen 0
183.08431325225683 337.7103917590598 220.76265265444817 324.49327623698815 260.61947800713824 438.10231874936085 222.94125070337032 451.3192044473865 Oyster-SemiOpen 0
444.4989299522422 364.8594583305328 478.9971284213243 359.2452269557961 489.73527762063895 425.22149961791627 455.2370916867949 430.83567614047416 Oyster-SemiOpen 0
440.8068850595737 83.92678511657535 384.20291166628886 88.0335994479261 377.8359815626027 0.27748570226473684 434.4397969326383 0 Oyster-Closed 0
180.0443067359447 468.68455527554227 111.45598134935426 447.090321366199 132.73211125211674 379.52398763459934 201.31901344197104 401.1179808110537 Oyster-SemiOpen 0
492.01085078435426 366.67020707297115 518.6378571490786 372.21469808386615 495.5044265126344 483.2971058724943 468.877450786822 477.7527142815779 Oyster-SemiOpen 0
302.40286162821576 412.4214982266543 356.8392346912151 410.0211652422903 361.7899114777538 522.278710784122 307.35354156080575 524.67899672166 Oyster-SemiOpen 0
120.53411238761328 457.10996163313587 165.01036988338456 454.3656369176513 170.42446150648175 542.0943950805181 125.94820851860277 544.8386751904158 Oyster-Closed 0
168.51208774889528 542.7237277141195 156.5496260659711 532.8131690209256 183.90197932283627 499.8045347231674 195.864318516833 509.7150116477055 Oyster-SemiOpen 0
280.0543708011537 640 193.5472635597398 640 193.54938632102858 540.8547000000001 280.0527076447179 540.8547000000001 Oyster-Closed 0
515.3224640616099 181.55208443313623 474.14445582522603 139.53233143999108 541.6131433815463 73.41621757190899 582.7909661211743 115.4357747566184 Oyster-Open 0
571.9834522062592 203.1664674376954 544.9618628945609 202.24563843301274 549.1003486969566 80.81074554819185 576.1215669585363 81.73156794468875 Oyster-Open 0
185.88687316470896 219.11980455697227 115.02438913121296 237.71394616385834 70.5760345064482 68.32161752107625 141.43725222449575 49.727650805683375 Oyster-SemiOpen 0
501.30323763100023 231.3246900045903 435.0169364786416 229.442290982219 439.7696118910244 62.110472515967516 506.0547318947647 63.99285502246484 Oyster-SemiOpen 0
