301.1635390151059 123.10508168140319 352.6955535713205 117.99182411455497 366.76743636257015 259.80675417995 315.23542903072666 264.919960711737 Oyster-Closed 0
253.97970704798354 315.46291185666536 191.0467756491562 304.4413446580848 220.16556965274503 138.18633384760093 283.09675447511836 149.2077448526673 Oyster-Open 0
471.69320094704744 279.437519061787 415.6547688251885 288.89009103372194 398.861035744776 189.33217061429175 454.89847953023855 179.87968504614102 Oyster-Open 0
64.94049506596639 212.15430225778704 107.6130834093783 199.83344894665353 135.23519683898485 295.4969714248484 92.56265737065405 307.8177079793489 Oyster-Closed 0
461.92823249919456 231.54775716650337 496.3184854948486 230.06034991161516 498.90103163794265 289.7684099011864 464.5107792687486 291.25580855516284 Oyster-Closed 0
420.6800117892999 340.4311797982785 363.50047805499344 338.96984868712036 365.838039250375 247.53338848599867 423.0164105627773 248.99470457016602 Oyster-SemiOpen 0
196.7724376751721 335.46546126003034 145.60395156957384 391.406253127156 82.78693651147478 333.9522616799825 133.95495118937106 278.0120583333893 Oyster-Open 0
135.92697659412806 0 182.46586383218528 0.043165763912225055 179.36941602863953 81.09419337833143 132.83052899998438 79.31624000000068 Oyster-Closed 0
467.1858620984858 81.59976637208197 452.069279232237 82.81403535241412 445.43433844213723 0.21479762533302382 460.5508835901128 0 Oyster-SemiOpen 0
291.15917280585563 395.5402312365638 270.69508016145846 464.5746108646898 166.27792860504996 433.62466193420516 186.74268221984676 364.59145683453363 Oyster-Open 0
328.5475948329258 415.2659636780944 358.24445257137995 410.35538162796905 362.2069535409537 434.31555336352625 332.5101004645694 439.22611658093166 Oyster-Open 0
95.51351533540583 479.47269091690947 34.52953296538908 469.54778155855274 49.693597080768086 376.3916094798883 110.67577439294837 386.31636841870437 Oyster-Open 0
601.220995745316 4.5758849512575885 634.2777046508127 10.771689490307699 619.5178855118866 89.52019129358403 586.4611787889589 83.3243956711356 Oyster-SemiOpen 0
133.7075268629269 410.73974264958827 159.74078434192052 417.44799447493114 143.53284551456454 480.33839236333364 117.49961534289469 473.63021274406753 Oyster-Closed 0
480.44038722640835 509.6364372420894 433.4568043846957 501.81006301354466 452.58705925974937 386.99112402335567 499.56881518970476 394.8173406736204 Oyster-SemiOpen 0
269.14663989969995 558.7955171839035 231.45894811044855 543.1913715778428 296.22308586411236 386.8011655348116 333.90881587918557 402.4048530253299 Oyster-SemiOpen 0
378.9945029710361 521.878465219482 307.891286455706 538.5341975307651 286.54861828872527 447.43408132417414 357.6495170308772 430.77863287998264 Oyster-SemiOpen 0
186.41152332755155 538.9936957044935 156.17979584429122 532.5628397856108 171.2979536000057 461.50750642926283 201.52888916927623 467.9382750953746 Oyster-Closed 0
415.96006152140035 461.6981190207657 452.1364847871155 468.9146318652169 427.91542644969013 590.3107917685288 391.7390533841535 583.0944546536781 Oyster-Open 0
278.1432006914838 484.3058575217879 323.29173921032634 490.6511845520349 312.1090733602614 570.2022948973877 266.96055509950384 563.8570688814341 Oyster-SemiOpen 0
348.6274327792489 516.38869341289 368.113037675721 509.26847894351596 387.13874294211564 561.3244154920267 367.6531784443796 568.44455073095 Oyster-Open 0
576.3933425209689 624.165369232812 551.1879572830367 638.0052869402421 484.49527178760036 516.573466247442 509.6994397894741 502.73396566738177 Oyster-SemiOpen 0
363.0559506561258 560.5905523207066 393.27792684329324 555.9571256186065 400.0500015202124 600.1178211570734 369.82803538790904 604.7512031551898 Oyster-SemiOpen 0
120.22296761148027 618.1757389247487 89.79953124435269 614.047551587985 98.96126628234924 546.5494461636298 129.38382031781657 550.6775729347365 Oyster-SemiOpen 0
256.93606717381044 558.0979949368673 283.6426374159055 565.9047881856555 271.92995907520526 605.9631280456533 245.2234182706161 598.1564053324295 Oyster-SemiOpen 0
179.07014561984397 562.4257739851167 237.83483744220575 567.6848539706984 230.89059920115687 645.2589881829557 172.1259199999622 639.9999999999978 Oyster-SemiOpen 0
245.841768396931 639.999996470699 245.84357409083168 576.4090695512923 320.8144076052122 576.410973636081 320.81368246042985 640.0008287212852 Oyster-SemiOpen 0
132.84736414636427 599.4133367254589 147.1635254600551 629.4849453949803 89.81830955475743 656.776578486868 75.50267010534299 626.7054132942146 Oyster-Closed 0
229.61449547561642 188.85263314652263 166.1573317534203 202.3265923601031 126.69648487848463 16.48125021772424 190.15261163054674 3.0074146287997516 Oyster-Open 0
100.93020440755936 64.90266974216834 135.64439609399415 74.7278494838761 116.0004143032711 144.13317293335916 81.28623357551987 134.30802072325207 Oyster-SemiOpen 0
640 0 640.0000021204323 38.97435834845796 623.4809258431778 38.97435595458198 623.4809284535004 9.539775431020696e-7 Oyster-Open 0
321.5832553434302 166.50695148434062 266.31620605505304 174.6847925811413 247.06111481624248 44.555832735255905 302.3275980172184 36.37803450851913 Oyster-SemiOpen 0
316.71387499998673 0 316.71388586422836 38.29060058987024 234.75359551222937 38.2905897772494 234.75360612552322 1.0471140796760742e-7 Oyster-SemiOpen 0
