354.08016299999997 163.55555500000003 369.7409779999999 163.55555500000003 369.7409779999999 212.740742 354.08016299999997 212.740742 Oyster-SemiOpen 0
118.00799298041966 229.17765265214837 91.2252604297828 181.55744625724748 171.97814111961634 136.14132040978996 198.7608737078699 183.76120953365324 Oyster-Closed 0
343.11077400052454 216.2093022288769 323.86296997407044 213.80429268767645 329.5097411977622 168.61390462591146 348.75742013049603 171.01890621058214 Oyster-Open 0
259.0437785026734 156.64948714726978 287.66856073190866 200.5909352416362 218.2603145999019 245.80385920468797 189.63584126759088 201.862683567141 Oyster-SemiOpen 0
328.51340341694595 217.1111300934337 310.41829746900476 216.68422956070697 311.2269319402549 182.41154637229928 329.321945904303 182.83844582059652 Oyster-Open 0
122.3856007240829 204.44441527880844 122.38567021835479 260.14816890899294 98.39454533706885 260.1481118184045 98.39459094044287 204.44447246115482 Oyster-SemiOpen 0
373.5690538452036 189.58184273528968 395.59532250430493 196.68778614266913 368.9649735670537 279.23059807993684 346.9387296563218 272.124708336176 Oyster-SemiOpen 0
216.293276036522 272.13998096743836 185.8279277231486 284.025803326791 164.90317194628005 230.3943791062811 195.36822609166848 218.50862094321855 Oyster-Closed 0
294.5566476209933 231.0161133803788 321.6155232048186 214.03304732951494 376.61337813602586 301.65609801207614 349.5546365568589 318.63899009243124 Oyster-SemiOpen 0
234.74907136733236 342.4642553822599 206.05162059451686 321.7965177616911 260.3610039403429 246.39253963463833 289.05805350033916 267.0600697528211 Oyster-SemiOpen 0
598.4860875615414 334.66846362358297 535.9034574522957 379.6621667420866 471.21772153448546 289.69504523734383 533.799244748152 244.7019109149991 Oyster-Closed 0
535.4115032412665 292.148147767333 579.9661735138943 298.04246937222945 572.7836345366086 352.3305748687354 528.2289711909107 346.43629199882304 Oyster-Closed 0
396.1511306772445 415.39841070887036 333.895310340522 390.69073798590125 384.0208511027595 264.4044299764102 446.2747237500298 289.11166424210387 Oyster-SemiOpen 0
129.58541712534497 308.3876479792184 176.89425410899275 316.4829735672226 165.47548017035297 383.208144234692 118.1666597914591 375.112889329254 Oyster-Closed 0
307.443275406622 309.6157003200925 341.77806475658144 303.5411747143059 355.48648655894795 381.01826062941194 321.15171300676593 387.0927248108189 Oyster-Closed 0
291.37366452559945 0 291.3736665454053 20.740742326553804 244.3925433786353 20.740740803261577 244.3925450000097 2.7483968141196614e-11 Oyster-SemiOpen 0
237.71336407364288 386.1882251975702 208.93588510196423 387.01795383386724 207.15691135708767 325.31472942118313 235.93391351278115 324.48500773103143 Oyster-Closed 0
276.44879195897374 313.79773387668814 312.3851598816691 308.4806827373844 328.46278612778406 417.13465893907335 292.52643588341016 422.4516309752006 Oyster-Closed 0
583.713518732693 441.3139446875044 546.3191579529666 422.33374234145515 598.7467132665915 319.05520145342314 636.1400474511174 338.03508897427884 Oyster-SemiOpen 0
506.10960336460266 413.9440856144062 510.1842952973675 365.83750902918695 539.5967505205772 368.32853231718303 535.5222797902388 416.43490420804153 Oyster-SemiOpen 0
431.4593351872463 429.8000384218385 406.63909779003006 431.82569908407174 401.50293247876107 368.89755435997336 426.3227124371042 366.8719123040313 Oyster-SemiOpen 0
572.3831741303729 439.3995080891704 544.6298163820757 443.0003251464904 536.0822450526757 377.1263449374003 563.8350462674862 373.5255646068791 Oyster-Closed 0
158.8643878918083 395.067132603401 181.94837539980654 392.4714844801796 185.9632663220691 428.1728989170164 162.87928129313514 430.76853275947593 Oyster-SemiOpen 0
213.9581501608336 0.13176807710263255 247.5591195096058 0 260.12192499954836 92.58794424680316 226.5209577022324 96.94797075182441 Oyster-Closed 0
326.1343649715127 391.4390523063492 369.5420081490738 384.93123971873683 386.69753810325346 499.34426093316836 343.28992265123816 505.85194868895 Oyster-Closed 0
403.0402422554471 430.14940785421317 457.0445179798844 403.8756600547726 500.3733472618478 492.9227666924094 446.3693617135141 519.1960692004502 Oyster-Closed 0
508.2452278369601 83.34328068858537 465.17937103322765 109.64877314506006 408.7147085581091 17.208156538031503 451.7804187240108 0 Oyster-Closed 0
574.8942211985559 453.4957964338413 599.5527266481076 457.19255356516567 591.8530772121449 508.5428983963118 567.1945794268686 504.84617567317804 Oyster-Open 0
473.1765533667203 463.12700066285447 508.06085038879246 475.3876377772673 488.0200795543351 532.3977198385408 453.1358486923273 520.1372198596098 Oyster-Closed 0
514.453839413909 473.0512092064822 546.0123104022932 472.47889854878304 547.1646623935521 536.0104374233233 515.606191572806 536.5827412446362 Oyster-SemiOpen 0
326.11988654993183 72.7877080505993 277.634039047407 98.44706529009997 242.20766920137976 31.50554049821626 290.6934087874106 5.84621697743358 Oyster-Open 0
128.89902511618857 502.63269509061354 144.62753439998778 504.4011394811782 141.46867726107303 532.4904126407414 125.74016959064465 530.7219778770674 Oyster-SemiOpen 0
595.031619011861 513.052138870436 595.5705599045905 531.6100895522216 561.4336216399533 532.6010831227858 560.8948074225191 514.0432557270767 Oyster-SemiOpen 0
583.6790708779881 559.9588585294579 567.1410664169525 568.54084259414 543.2872634947125 522.5830367408632 559.8249838141055 514.0011421783646 Oyster-Closed 0
267.57295433140825 592.7898263553818 218.41190754093986 623.1631996802769 150.57683563827595 513.3918775065904 199.73588988061238 483.01931050407546 Oyster-SemiOpen 0
108.69782535010017 533.2406769558272 122.69517609471222 536.1914576317674 114.0087514094921 577.3871057083732 100.0114085770474 574.4363507586479 Oyster-SemiOpen 0
469.8109747644776 526.8840744768873 492.9777417831792 525.6627701567511 496.232303305369 587.3843236620888 473.0655375785136 588.6056123677711 Oyster-SemiOpen 0
381.60779419049504 625.8397390362964 342.6453704605956 623.9623722907056 347.54510144281085 522.3192249650969 386.5058368359314 524.1965509873442 Oyster-Closed 0
297.7864416917146 639.9999848860954 297.78762345005816 596.73982375593 376.7128815712931 596.7417270185307 376.71248616999947 640.0010986580714 Oyster-Closed 0
121.65816394903231 644.0235035812832 102.55625624144159 639.996897974101 108.44755487771181 612.0580409314404 127.54921492887661 616.0846194752887 Oyster-Open 0
129.07243805006146 28.719527207654977 176.85992529179202 22.00194914895652 190.26726145864814 117.37873960387697 142.47977767263365 124.09630000394868 Oyster-SemiOpen 0
348.84554453994497 136.63970834228985 312.1460070732428 132.8621214177306 323.13325932380394 26.12216782664065 359.83254759667034 29.899741390507494 Oyster-Closed 0
333.1199867546093 155.4140897999772 262.39741332130507 172.4567040768812 242.85120832944813 91.3447369188723 313.57327219440776 74.3021859045648 Oyster-Open 0
237.31281098087493 203.37986791627682 198.95368597288325 207.2006133450471 183.9077825678396 56.14338950804178 222.26633565114753 52.322673194290196 Oyster-Closed 0
222.87279884512827 82.37542670665118 254.97754097355937 80.27636471991033 262.23958670590946 191.34663640749073 230.1348461768066 193.44568646507213 Oyster-SemiOpen 0
363.19596875582647 75.59247713583339 416.24774188407173 32.86346234149462 544.4431664738659 192.02773046488122 491.3917761967605 234.7563247959813 Oyster-SemiOpen 0
145.84327017139003 184.52070267220464 136.6896285941766 121.72716764066269 192.78378665410855 113.55025061765899 201.93759134861466 176.3435896362083 Oyster-Closed 0
339.12753845106636 171.00481584876934 328.3467048917373 168.3527623831418 334.8429976125044 141.94533194372974 345.6237981033337 144.5973811205412 Oyster-SemiOpen 0
113.78455430050963 178.34706712158783 70.19417352967139 211.68065898019967 14.094753223107546 138.32053128942954 57.68480222468497 104.98713080865917 Oyster-Closed 0
622.4279195405688 183.32231973424084 600.2087267705065 180.19898079882546 604.5101580495975 149.5998912524619 626.7292661168176 152.7232241030156 Oyster-SemiOpen 0
475.99345817870926 73.68452113591161 496.6667281756236 71.30687529716022 520.6294411623821 279.65504463110386 499.9561764775717 282.0326574713726 Oyster-SemiOpen 0
