481.08953362243483 121.88637554866463 528.291709656769 122.32872295329038 527.2173914955056 236.96509084652692 480.01521548038 236.52274682400156 Oyster-SemiOpen 0
149.39315845476813 110.88214102654162 210.10161421749217 101.04666100802194 235.8322390125977 259.8628937074357 175.1238093173015 269.69826399162275 Oyster-Closed 0
74.33521522194496 202.6695681901881 121.96486462496978 197.31344900482668 132.27279916805855 288.9737058482169 84.64315723525942 294.3297796959331 Oyster-SemiOpen 0
433.09299288273905 32.97132124630976 417.400146864602 53.42678901862961 386.7869930763118 29.94126811212867 402.4798340439884 9.485810658699098 Oyster-SemiOpen 0
217.241038523498 218.7125471618416 276.00808493043587 226.7613434175952 261.9374395694467 329.49062653884704 203.17040895890386 321.4419152797953 Oyster-Closed 0
430.69471714065 224.99984251895015 430.6949898829771 327.7777978304001 392.27153290710703 327.77762691380764 392.2716658628633 225.00007893168302 Oyster-SemiOpen 0
246.40794705352164 218.22072047735594 292.76897342992015 213.9224856113121 304.28814788865566 338.16256380072537 257.92712898750324 342.46074289823855 Oyster-SemiOpen 0
180.12564142802148 329.0535900250969 126.87849619302142 335.2907584766166 117.04608826446929 251.35280158902472 170.29226995480713 245.11569027035972 Oyster-Closed 0
465.75213748372335 339.07770213866206 427.937880001482 338.58325601924975 429.09894075295597 249.8239161779211 466.91247035843844 250.31835756868946 Oyster-Closed 0
442.4924960437784 46.32401255923771 407.73233240135596 85.41460260938743 345.5272488461196 30.100569389086637 380.2873760959483 0 Oyster-SemiOpen 0
467.4253041162592 344.8983531210247 431.41037812405557 385.3715214419409 352.2087269995973 314.89956793093603 388.22323792162933 274.426953625904 Oyster-SemiOpen 0
499.95872707047965 348.11530780980405 470.685774299709 375.54624286075807 437.8649931518885 340.5244622742149 467.13774784650013 313.0936978587506 Oyster-Open 0
573.0847708212968 440.39199773722856 544.8630413369392 445.31618847577704 533.4073419273773 379.6672761909161 561.6285122696718 374.74313523352237 Oyster-SemiOpen 0
454.5331336095114 387.92348686298976 484.7159459464456 368.6136282932011 529.106493029467 437.9911721848976 498.92387245534337 457.30078628688216 Oyster-SemiOpen 0
219.25340905901976 368.2021439039855 265.1398352596152 355.3031014501426 296.0096332737885 465.1046932930783 250.12330155128438 478.0035068734162 Oyster-Open 0
93.42082436371129 461.0850184449987 55.65425199441961 459.6695011997878 58.08864488797553 394.73732457153176 95.8544377983344 396.1528272037929 Oyster-Open 0
571.0014653170219 388.88875634871874 609.6051892807009 412.4129453529638 563.2149758267769 488.52929513544075 524.6115126335644 465.0054492386795 Oyster-SemiOpen 0
170.42552402337606 482.50894373406624 169.09151605592342 395.445646253013 239.69011466382653 394.3642162259841 241.0251093631814 481.42650370967885 Oyster-SemiOpen 0
521.1027222406119 397.1843855889861 540.4146574292099 400.6343525023416 522.3778019544261 501.585068687761 503.0658824422426 498.13516093559053 Oyster-SemiOpen 0
0 395 52.581338 395 52.581338 524.444445 0 524.444445 Oyster-Open 0
319.593836116328 428.33764016331327 368.37667044688715 421.90988083418415 383.8036336663936 538.9721865591284 335.02082641287416 545.3998092650538 Oyster-SemiOpen 0
187.2380673308362 586.9751464050062 130.80030412820634 568.1538437712123 164.43525024900737 467.32133227229417 220.8708558525541 486.1422450522394 Oyster-SemiOpen 0
223.86227649309149 524.4444233050708 236.4662596854032 534.0365530180742 210.98465549119283 567.5117053676349 198.38074382816558 557.9196575956577 Oyster-SemiOpen 0
298.06508299887355 123.18691350242533 235.8025246658508 103.53246542432443 272.77740723307943 0 335.03965176962083 6.0566215655166635 Oyster-Closed 0
365.6592742868088 513.9738281695426 413.8593147800566 514.7535730959361 412.56224333890714 594.9145085453222 364.3622032144049 594.1347765138366 Oyster-SemiOpen 0
332.1188003991847 113.79687980375182 305.7276081409509 108.78073067205905 321.3117894086463 26.78935006630124 347.702862231381 31.805487053030994 Oyster-SemiOpen 0
176.09094307270425 54.695040510300146 187.96199326432543 51.57241121706355 202.0131909439806 104.98950975973962 190.14214269023796 108.11213392437108 Oyster-SemiOpen 0
423.2705220585922 39.40886778133432 472.48650106485 28.926507470300855 494.8130945763842 133.7521715205783 445.5971268104622 144.23449413178182 Oyster-Closed 0
597.1349286616896 141.49155106463274 581.5018625617085 137.0964378195692 596.9071569746302 82.30177075823366 612.540150807472 86.69687302176396 Oyster-SemiOpen 0
442.2274107726116 0 442.22741303921794 32.222222838020905 416.67480220356083 32.22222026158528 416.6748050000024 3.244960913763153e-11 Oyster-Open 0
305.4335758463276 87.9042507013746 333.19060012981936 94.26276906742865 310.6972094329103 192.4525458342541 282.9401961796975 186.09406056390986 Oyster-Open 0
