400.67718782200245 250.45845115921907 352.07436243952543 305.4703070648446 228.88986601887154 196.64024607741337 277.49215677737084 141.62912699211353 Oyster-Open 0
381.5093431495188 0 381.5093666694884 72.2963034175268 309.5728727529058 72.29626101626431 309.5729169999686 0 Oyster-Closed 0
57.35933008007123 252.35585926124006 109.80172661518736 260.48988874011445 95.00905769622477 355.8562514271296 42.566681131356745 347.72231037671014 Oyster-Closed 0
0 252.94316799999996 46.200407999999996 252.94316799999996 46.200407999999996 378.259931 0 378.259931 Oyster-Closed 0
550.0241690000257 0 550.0242006903864 77.03705784966695 500.7980928594043 77.03703268452557 500.79811531810265 0.0000012109580760193766 Oyster-Closed 0
306.3773332943674 318.1246797277691 334.4852552978409 276.792997275518 407.03761861084786 326.1292752314889 378.93019095572527 367.46051939329595 Oyster-SemiOpen 0
549.7253580324468 415.5881021627585 494.2961085063871 416.644522675599 491.57996080321027 274.0930376048305 547.0071693919454 273.0366366401691 Oyster-Closed 0
215.890728013037 286.70397784485556 260.01908299615025 291.3352820157376 247.15626696459367 413.88524938810434 203.0279237542709 409.25402009990705 Oyster-Closed 0
474.20797196100466 433.2475091764876 435.93034411962435 428.46506065740186 454.475956456954 280.05280570539117 492.75205668833223 284.83515655288994 Oyster-Closed 0
557.8966147134634 348.7757607491753 639.3788615765516 347.6903002611873 642.6205761879828 591.0007123706365 561.1383304335322 592.0861268576347 Oyster-Closed 0
0 472.88888900000006 187.480963 472.88888900000006 187.480963 640 0 640 Oyster-Closed 0
128.3559770497959 30.786955725264495 177.36703103939362 20.097120767876063 200.45802678912878 125.96500511889603 151.44698076299392 136.6548062067927 Oyster-Closed 0
511.5374668477307 197.699912537833 385.9312523097469 207.6317664146384 369.704497507264 2.4057234936772494 495.3089005586662 0 Oyster-Open 0
0 165.9258845377534 0 22.84218600001379 110.8502170767315 22.842997796667106 110.8501588072977 165.92595895565847 Oyster-SemiOpen 0
517.4961899525806 55.30629157274613 636.8814607241802 74.34744536304648 612.0829114104708 229.82872722235828 492.69768250167544 210.78773262100236 Oyster-SemiOpen 0
447.7580820572621 225.8170460138159 352.5353988569259 277.6318936977328 259.56143107425305 106.77126911625047 354.7824471874628 54.956958786749375 Oyster-Open 0
