322.88064249682066 0 322.88065570261097 51.666666637720624 253.9618007552781 51.66664607032361 253.96182199998293 4.949738223027597e-12 Oyster-Closed 0
552.4542276123248 239.7318948501423 531.9970121408551 220.56094226387418 590.3896397090284 158.2525147012111 610.8467128129269 177.423344677904 Oyster-SemiOpen 0
0 150.950098 59.432998 150.950098 59.432998 319.444445 0 319.444445 Oyster-Closed 0
525.1903373449022 335.44519256162016 455.5675941048685 300.76527634782303 509.5202853137016 192.45862309353103 579.141696455772 227.13814671732428 Oyster-SemiOpen 0
312.7904387021408 327.4364130027236 281.74464838419226 331.5309591537996 267.81214888906106 225.89525802958593 298.8572684644896 221.800756620943 Oyster-Closed 0
516.7162836636271 350.3341036886857 441.8789089505299 371.3729819523936 406.5690077184263 245.77669888561687 481.4043371596199 224.73812465883225 Oyster-Closed 0
300.7186963236745 266.43140936373146 343.6867494328908 256.40319218039724 361.0928694211907 330.9788448358077 318.1248450262501 341.0069762714455 Oyster-Closed 0
130.54606648256595 254.54513027265816 130.546634289567 366.86889923667434 52.847884020375204 366.86846505984755 52.84832627767173 254.54571359252782 Oyster-SemiOpen 0
109.96303679130506 251.42273117646653 165.4306328711391 244.58789269504462 180.89898932914366 370.1120971642233 125.43141103837115 376.946836315048 Oyster-SemiOpen 0
383.40421787324885 359.8885947994644 351.75442969928554 360.825169450788 350.2238405984099 309.09950879687125 381.87322459933057 308.16294010014565 Oyster-Open 0
91.09498212805192 359.1467893348021 109.23963518973324 417.43954398972664 56.547542722546495 433.83845811624036 38.403446428565076 375.54617789300016 Oyster-SemiOpen 0
439.2454401719442 429.23076092798794 445.37819580778887 360.27578875938474 482.52086311462335 363.5789177974771 476.3885162015504 432.5335108410766 Oyster-SemiOpen 0
139.92271295639512 40.60566684529576 162.67317850666586 0 259.57828939666797 43.860091275404685 236.82791530321992 89.21452031816398 Oyster-SemiOpen 0
409.5609478566621 388.230704233917 417.23982542993326 448.6695314167926 378.3217313737987 453.61315682771374 370.6432618022518 393.1746976642712 Oyster-SemiOpen 0
158.1754739365715 492.88600092156054 117.09345720351848 507.6676556754844 80.68308550216898 406.48777219049657 121.7637230395485 391.70639354237767 Oyster-Open 0
423.31752658741607 521.2260050289483 395.14022174829734 516.6656194569393 415.0262512903282 393.8200221674401 443.2023877710162 398.3803113962994 Oyster-SemiOpen 0
309.39082401353517 553.8888890000001 251.59840447355236 553.8888890000001 251.5995178504818 443.3333340000001 309.38957822894736 443.3333340000001 Oyster-SemiOpen 0
318.09466617312864 0.46034945873897104 387.194338879126 0 392.5388393890171 121.03493824180552 323.4391669461911 124.02370034830656 Oyster-Closed 0
133.7654545836267 637.8209003368644 90.42508385275141 647.3921816762763 73.1276474934566 569.0840363163513 116.46653196818079 559.5129237595869 Oyster-SemiOpen 0
260.3695712470653 30.054057452453932 343.44136442115996 49.16280964596461 321.86394249067234 142.96621604177778 238.79216999048367 123.85752337709343 Oyster-SemiOpen 0
0 156.11111708141055 0 106.18082200000444 23.821294990557362 106.18087295252226 23.821306642130367 156.11110610508393 Oyster-SemiOpen 0
454.6366075403057 119.66268942838246 488.9749628253776 121.09289063999397 484.75911266614276 222.31116029180862 450.4207579569629 220.88096847908554 Oyster-Open 0
434.0039970853104 223.20405642648336 386.2784634388663 212.70339480507715 407.499923649375 116.25546065749717 455.22488333604997 126.75605686582621 Oyster-Open 0
