14.111882799770683 215.93861899300015 33.20038283367467 194.47292665006285 58.038137098410516 216.55933344852204 38.9496967363084 238.02496864031144 Oyster-Open 0
563.1538588164403 195.0944561119424 593.7932489832019 198.68353308278773 585.8468721782265 266.5179687586731 555.2074854481907 262.92891285848555 Oyster-SemiOpen 0
289.5907666037965 209.51162502933005 324.2127065500972 193.93822645716097 353.4342298503907 258.8995635695523 318.81234934822714 274.47286565731133 Oyster-SemiOpen 0
412.92708234788734 208.98212917986203 432.86638989142375 208.72140392110592 433.85416154742416 284.259376910392 413.91485402331455 284.52010036794127 Oyster-SemiOpen 0
215.94501999446948 200.53044762228294 294.0061420460552 188.7137006053288 313.18233809855883 315.38566138388967 235.1212511925405 327.20226143619647 Oyster-SemiOpen 0
206.69644752386375 239.87210158710585 228.9373280703876 246.5415232428725 213.43102485872805 298.24851488952214 191.19015991309425 291.57912932464745 Oyster-SemiOpen 0
71.38771516220004 177.02274089263594 176.44784309821262 217.76155896280187 100.08390544782742 414.6820809190748 0 373.9441851284612 Oyster-Open 0
303.2515145081561 447.1856877099376 252.14656090196513 450.6062162948544 244.2462134695961 332.57213744236105 295.3494160088303 329.1516677524168 Oyster-Closed 0
603.8034227557364 53.68995972768069 546.7331531699165 66.16940412799698 539.3019197910326 32.18521739168577 596.3721282201732 19.70577988649868 Oyster-Closed 0
344.0603703728266 504.1431159970457 296.32458431347914 505.1753246649921 293.54235560516827 376.47784429881756 341.2761439214228 375.44565713735807 Oyster-Closed 0
438.2678587180999 483.0175489335368 381.7598882803577 490.2378035887765 371.09197279707587 406.75339991851496 427.59838627287536 399.5332460167597 Oyster-Closed 0
194.14397838110744 603.4455727505646 128.7739733037597 592.0707417786973 162.62922684822115 397.5605598766345 227.99463324685348 408.93498716688 Oyster-SemiOpen 0
387.88169842067873 563.2940063568587 321.52292273596686 547.8573353715686 343.03926342458 455.38743964760715 409.39574246927805 470.82383216093876 Oyster-Open 0
239.13489581776957 451.301437273301 288.17311496015463 466.965222848484 249.53607313851535 587.9016821347541 200.49803010544565 572.2382812686185 Oyster-Open 0
420.0474779999786 640.0000000000342 420.0484368515754 565.7138161720205 455.03475089528365 565.7144666341425 455.0343778182287 640.0000613489659 Oyster-Closed 0
0.809414 589.841269 27.327742 589.841269 27.327742 640 0.809414 640 Oyster-SemiOpen 0
599.9469310913264 102.22059991931503 576.0269785760465 92.90912344385022 603.0818414635723 23.409136414075075 627.0017192780506 32.720596598341565 Oyster-Closed 0
377.8551704168058 64.93884980904954 429.87729274027515 49.39906972418151 446.6638709891413 105.5948418968031 394.6417602887959 121.13459336695654 Oyster-Closed 0
615.8836235328636 132.54701164387978 601.814500151595 128.97436381395198 614.1908310773579 80.23688295097398 628.259898000033 83.8095230000046 Oyster-SemiOpen 0
599.2709242433193 97.90968576625752 608.4109240340331 97.54259362271961 609.4072993436566 122.35051212110776 600.2672995749163 122.71760388989941 Oyster-SemiOpen 0
290.0334918732551 204.77830487021052 209.36110677510442 215.24618272328564 186.22918292130635 36.97388966730297 266.9004352927732 26.506079401835994 Oyster-Closed 0
568.5339568000927 86.22373699471737 596.2078530319559 85.48275842991723 598.1009619058023 156.1854734797692 570.4270656948211 156.92644968188552 Oyster-Open 0
313.41192536856397 177.95616399296134 262.6137871692481 153.5586172226886 307.1920228176168 60.74396157726673 357.98977722704876 85.14139949549613 Oyster-SemiOpen 0
0 87.61904799999999 35.101628 87.61904799999999 35.101628 166.984126 0 166.984126 Oyster-SemiOpen 0
381.1599834651133 225.48093027682853 311.29927245812723 212.9565252882067 334.2380508407223 85.01049700801727 404.09773089828377 97.53480695963171 Oyster-Closed 0
357.57548565750767 0 357.5754883027548 33.65079394188442 329.7287440113723 33.65079093609391 329.7287470076117 0.0000012043607408967173 Oyster-Closed 0
439.4415464206395 201.08288326632265 397.1396452524641 205.4075095935366 389.0368112759461 126.1484479749123 431.3382971378451 121.82384333258457 Oyster-Closed 0
581.1450870971021 157.60340773846096 596.8179619135481 149.7364054066899 614.085071686859 184.1357452202907 598.4122092903999 192.0027282997792 Oyster-Closed 0
