453.9750302497123 257.7984460459726 412.83633155522693 254.32877561722677 422.15420953834837 143.85817414227748 463.29220692779927 147.32781417087548 Oyster-SemiOpen 0
501.29426908053574 172.1885194821998 551.1005021799065 174.65950835756178 545.9391713488003 278.68982524361064 496.1329393943015 276.2188577725428 Oyster-Closed 0
168.34078278479865 354.92326435034835 81.57300240040058 389.70560496435047 29.992972419204307 261.0412501724387 116.75829078936658 226.2594663957542 Oyster-SemiOpen 0
0 174.63982 58.628243 174.63982 58.628243 446.01820799999996 0 446.01820799999996 Oyster-Closed 0
368.3752044299763 257.0741461904422 393.1971177516243 251.78048417589696 416.6269982070662 361.6357272504877 391.80510682701424 366.9293206232922 Oyster-SemiOpen 0
166.09921823866898 235.54677999767028 246.36326749379805 218.78495369713642 286.80539426561154 412.42948960255103 206.54146657543606 429.19091899033776 Oyster-SemiOpen 0
584.2979612584168 347.87598403407 556.5111292335496 379.82896195740017 525.9130597199692 353.2226520681575 553.6997770000016 321.26984199999555 Oyster-Closed 0
295.05240361366305 0 295.0524549221882 91.42858175531188 215.4854224472365 91.42851481372814 215.48549099999946 2.958710992431437e-11 Oyster-Open 0
21.332868 0 139.503009 0 139.503009 104.12698500000002 21.332868 104.12698500000002 Oyster-Closed 0
192.85280178752146 406.0323744916101 277.7860185762984 368.16225446076487 331.1008506917278 487.71801720422417 246.16813448417815 525.5873055787057 Oyster-Closed 0
392.51450231677154 492.2768639143852 365.24940286995843 477.77699484394736 400.02948940229544 412.38847517501773 427.2940318225301 426.88816257780184 Oyster-Closed 0
428.14970648170856 467.09183176078733 441.70840638784284 482.3369131236565 397.5263769774756 521.6242844456146 383.96785034237837 506.37936869879877 Oyster-SemiOpen 0
594.7201299570588 2.581050916510095 632.4222899309098 0 643.7421662014822 103.6542049755314 606.0400074711652 107.71367081082907 Oyster-SemiOpen 0
225.64925492362818 126.16747618863508 121.26903480399051 131.05845383241157 115.12834799999837 1.828818941841522e-13 219.507925951184 0 Oyster-SemiOpen 0
360.95083547450486 648.8614118876324 331.31670605907857 636.2012136029589 363.4251159973792 561.0663958004031 393.0582877830602 573.7263600759778 Oyster-Closed 0
296.7715849642991 95.06488205413872 284.22416801309737 88.86479623891525 312.17379617562983 32.30200549669696 324.7211827371939 38.5020824816519 Oyster-SemiOpen 0
207.73251792794326 44.6324468982209 248.40917705310858 31.463735354813778 273.02159994877 107.48849435828217 232.34495691482152 120.65717560135921 Oyster-SemiOpen 0
582.1392396160809 198.40644044877246 517.3323478674865 185.8615845777055 553.8654738423793 0 618.6713737816899 9.68066212077208 Oyster-Open 0
369.1407480576163 71.59355278549373 409.82981533918064 71.85897177155616 409.4159990141634 135.29710145767038 368.72693172896106 135.03168312031067 Oyster-SemiOpen 0
433.03630617723684 86.81632613347566 459.09258495383256 114.02544199365713 430.5008869318408 141.40541218555302 404.44465496118937 114.19634223757848 Oyster-Closed 0
0 116.55468164272463 58.01368398453633 45.58069654843994 163.02208515167877 176.70597265873675 74.3956753583916 247.67929390028075 Oyster-Closed 0
286.9808233257936 269.42753298712324 187.12515908635396 216.4390121206415 275.3026211003453 50.276968246753796 375.1563315211388 103.26483650160809 Oyster-Closed 0
