397.0677492071263 177.37928577914548 434.22651562104875 159.27174172211312 461.509353100264 215.25782237832473 424.3506383123895 233.36528421296242 Oyster-Open 0
511.3563246839476 231.69856127681436 494.4499713526602 201.99241666325844 518.4750315224665 188.3197528733109 535.3813854845066 218.02583249166514 Oyster-Closed 0
0 37.101449 83.15713099999999 37.101449 83.15713099999999 394.202898 0 394.202898 Oyster-Open 0
639.9999958520493 161.5458371194431 640.000275919956 302.22226689950253 600.9365697394242 302.2220293961485 600.936758375392 161.54605993254935 Oyster-Open 0
338.3604492113227 287.8359098785325 321.1401390219544 283.75915782460964 332.0566442121344 237.65038893212215 349.2768004554091 241.72712191100106 Oyster-SemiOpen 0
471.0714887830545 354.6369354143576 394.37385338926106 337.55015471532295 428.85286489014106 182.79905312154096 505.5481827163021 199.88556744011677 Oyster-SemiOpen 0
572.6823168437113 275.6913973125375 616.5536845265888 286.54471650816527 598.8185522898129 358.22854906000987 554.9472184397746 347.37532490321735 Oyster-Closed 0
361.36054271693865 0.3873191026169921 398.25771798372443 0 418.0799162466428 67.21183454855458 381.1827453516162 76.78516610476359 Oyster-Open 0
206.05952051664644 252.50565527229008 287.0399924715457 259.3352740985733 267.14649493478646 495.1958318996836 186.166051470791 488.36643692634823 Oyster-Closed 0
286.1841193224245 445.1198409254033 265.2703754969116 319.69297082205986 330.23637657941435 308.86186557275244 351.15103871219617 434.28757919540766 Oyster-SemiOpen 0
442.91629912288045 495.22363207070106 394.0404150615359 497.421956007159 385.99725905303785 318.58792484562355 434.8705843432981 316.38965725899766 Oyster-SemiOpen 0
49.0872692305129 397.46012091521925 161.41917282649956 376.97761084969693 182.54298781845137 492.81113752776554 70.21119021250342 513.2932491696758 Oyster-Open 0
19.79150605831819 394.24924635088695 64.81010512303328 413.2316767527891 12.708570423783385 536.7762289521689 0 517.7942375383777 Oyster-Open 0
368.9690590486134 374.00335026589596 471.6044781918026 364.6692425799568 490.99674267119553 577.8685289899578 388.36137226033316 587.2022755974657 Oyster-Open 0
25.916386044336832 549.3291365721199 4.715833419249975 535.5770129274449 41.805373409879394 478.41071981858556 63.00551726460981 492.16266539019074 Oyster-SemiOpen 0
254.52504455883172 625.6840436203983 215.11139460453705 638.9783775788869 161.2654995851335 479.3758519528985 200.6766320487077 466.08197991833345 Oyster-SemiOpen 0
492.52420054406684 514.241801084291 499.8616534159373 636.8935729135568 387.435295500909 643.6149375732775 380.1009889999841 520.9661830000142 Oyster-Closed 0
403.876792174342 62.69923656506036 456.12520095921354 58.57595271531711 466.08578086648777 184.79083302634092 413.8373745964782 188.91409307191682 Oyster-Open 0
336.92922049813205 81.51391434188383 399.0866459524841 72.94129449987014 418.10216742662305 210.81526492791969 355.94475626799976 219.38782000901287 Oyster-SemiOpen 0
294.319640468093 133.24203643504256 331.4674160225695 120.70960526196914 355.4215528260829 191.711593513873 318.2738026392326 204.24396789495546 Oyster-Closed 0
