404.7645965983975 262.21681300728136 337.66289705505187 288.84941495108126 285.0621703548677 156.32334490076371 352.1626316344191 129.69100927026912 Oyster-Closed 0
347.9241977648053 52.91134973649001 321.53977322232095 54.84644031167181 317.51870824627986 0.02017597989474986 343.9031023334246 0 Oyster-SemiOpen 0
464.48755022589467 180.69445275643665 504.77304746476875 179.18436201348868 508.60952695547894 281.5285453382811 468.32403038039047 283.0386228580641 Oyster-Closed 0
541.5729832364741 299.11430791359476 496.7529171822389 293.4238421248474 508.8136420167575 198.43761559602547 553.6329219289473 204.12803078541447 Oyster-Closed 0
436.46721408447775 257.77436008954345 470.67436602388625 234.60735869714117 529.7081862312189 321.7685913591186 495.5012518176227 344.93532823068045 Oyster-SemiOpen 0
543.2873192988336 285.25237209467656 564.5479673170485 327.09023543466395 525.630997063563 346.86485948767427 504.37059848365607 305.02720910598657 Oyster-Open 0
621.9620569999825 0 621.9620969866082 74.0740984085769 546.418814515273 74.0740623307918 546.4188490874949 1.2644976569998715e-7 Oyster-Closed 0
640.0007699505659 375.11111099999994 575.0880953783781 375.11111099999994 575.0888788654265 278.518518 639.9999925267184 278.518518 Oyster-Closed 0
102.39902169436391 447.4787081268139 28.30084509405424 429.2888919192205 70.83799589752743 256.03420686932077 144.93287307486753 274.22360015226053 Oyster-SemiOpen 0
314.49426221937756 291.56169094369255 372.4799350780813 287.2147721582804 381.9157534014812 413.0731692306173 323.93008905150054 417.4200161048667 Oyster-SemiOpen 0
289.76489125489024 331.29681000919925 343.8261743572366 370.0765294729664 304.4291833655734 424.9921836428101 250.36820585868554 386.21282976392166 Oyster-SemiOpen 0
596.2681816110853 407.9189356469177 573.7954862183688 433.1887170930156 514.6489373387158 380.59475384261594 537.1214207356388 355.32526241401354 Oyster-SemiOpen 0
634.972687245463 426.8424065980313 614.784487390134 429.2319392051851 608.5397345440288 376.47777690660644 628.7276184423536 374.08826315492274 Oyster-SemiOpen 0
289.16718594293343 445.8759601479958 282.84755856257107 399.6852215734433 336.7820012332959 392.30703293191436 343.10195575970283 438.49738096054523 Oyster-Closed 0
579.8183572434209 487.4377787539793 560.6803255584964 482.5655208701768 587.818187724115 375.98608826830366 606.955580365975 380.85826119185606 Oyster-SemiOpen 0
263.82178009749623 501.5437464758426 217.83197860611835 491.2015637826896 239.66861755718128 394.1175109762895 285.65694675184204 404.4595212711953 Oyster-Closed 0
366.77687161914946 398.0297865741061 419.1132172007201 396.92639551526815 421.51331373956054 510.7519337783364 369.1769688963541 511.8553035540409 Oyster-SemiOpen 0
637.0313546176476 431.0732404255202 647.5472224659461 462.6038873799593 602.7319017497939 477.5477240965437 592.2163294751226 446.0173279922239 Oyster-SemiOpen 0
421.69088394686696 486.7874696048179 457.0469167966803 490.87963704757294 447.2993350149045 575.0809808793305 411.9433136146836 570.988881847445 Oyster-Closed 0
471.61284310866904 31.72698549811357 495.58346907928353 29.34844266645093 501.2638443524338 86.59435967657124 477.2932189434505 88.97289946285508 Oyster-Closed 0
433.1389714206307 578.085596645508 457.0402621773974 580.4368669280831 451.39674773585284 637.7892843339988 427.49546136132267 635.4380446358589 Oyster-SemiOpen 0
197.72949094731302 639.999997379743 197.72992103287834 591.4072778164966 225.05276438212604 591.4076111702682 225.0526391166204 640.0000246929027 Oyster-SemiOpen 0
266.1182356003701 0.23808914786637442 323.39176514549763 0 325.752181251155 175.78149210440733 268.4786519240879 176.5482542036395 Oyster-Closed 0
407.48998900002334 0 407.4899966247176 34.96296746484032 345.78645138091815 34.962961023548324 345.7864580000023 0 Oyster-Closed 0
170.29169820816605 79.03319028575768 226.08253374884953 80.56344032458901 223.6179168865783 170.4191326849425 167.82708200000343 168.88888899999932 Oyster-SemiOpen 0
548.9114196701848 86.43485285004253 580.7276955055568 95.02194394611624 561.740642506411 165.37062904380707 529.9243784845748 156.7835676171208 Oyster-Closed 0
431.50746254541446 172.89674798040195 414.44240797514794 167.77044464942156 437.35586005328514 91.49478175327502 454.42078627042065 96.62106417950595 Oyster-Closed 0
567.388477 45.910098000000005 640 45.910098000000005 640 237.62963100000002 567.388477 237.62963100000002 Oyster-SemiOpen 0
526.7206180838548 183.90954455290307 506.57123757569934 185.65255656223758 501.844615599839 131.01264885516036 521.9938651416305 129.2696426061442 Oyster-SemiOpen 0
