640.000055387427 214.88811099999998 622.968593272235 214.88811099999998 622.9686585345917 161.48148200000003 639.9999940958514 161.48148200000003 Oyster-Closed 0
216.43311526953767 257.74278332983846 169.24402052201913 248.60449568083794 189.06681580032455 146.2473054039127 236.2551853867626 155.3855204373786 Oyster-Closed 0
0.809414 160 41.322706 160 41.322706 244.47941399999996 0.809414 244.47941399999996 Oyster-SemiOpen 0
98.67933760921005 180.07820254545268 153.26041506596084 160.94735290066833 188.60858564752562 261.79397425609625 134.02759055636125 280.9246563873031 Oyster-Open 0
346.8248940288322 268.6054643363564 332.30941547277325 267.40523639920235 335.97942999644147 223.0231696913151 350.49479080909805 224.22339273056247 Oyster-SemiOpen 0
460.23439243101166 221.4207990143319 484.09438182810845 217.29292665181543 493.6809916698985 272.70319384408884 469.82100778368476 276.8310446555935 Oyster-SemiOpen 0
101.48021797409456 215.18168990062523 127.333115871661 213.37792347893824 132.28387943439884 284.33280868317803 106.4309827676334 286.13656316261455 Oyster-Open 0
24.434716040850617 268.8168325860763 36.664657764777075 226.18378894895773 118.96548599615926 249.79188559372756 106.73596179687593 292.42456723832896 Oyster-Open 0
435.1599683722452 233.72276507523864 461.2862162772217 239.0644980628571 447.76393137697596 305.198141706609 421.6376940770715 299.8564448544149 Oyster-Open 0
238.82834648349672 209.7821114812861 282.4232384613424 256.2697263985154 209.109377261193 325.0174361879988 165.5149622065801 278.5302863766844 Oyster-Closed 0
640.0002866119758 331.851852 606.724524612946 331.851852 606.7247466275148 260.74074199999995 639.9999866172584 260.74074199999995 Oyster-Closed 0
150.4485998211021 0 150.44863061222713 68.14815679253672 64.64728567647398 68.14811518424791 64.64732678272412 3.8229334175961794e-7 Oyster-Open 0
341.01739330610144 343.55986934900943 321.0807809418475 343.98286560862886 319.416419177287 265.53501312290416 339.3526723620744 265.11202071010837 Oyster-SemiOpen 0
327.96601698632 261.1565527636212 364.52554673225677 254.7772660187027 382.6184305082279 358.4602512572085 346.0589203897689 364.8394599328686 Oyster-Open 0
493.6989569643629 284.13948454347536 480.23142701247707 344.48321756865715 447.31330807138875 337.13693401830136 460.7810025044455 276.79343998446126 Oyster-SemiOpen 0
537.7823461141088 351.68140637294493 501.1294896923937 331.41676031543346 536.2796775970492 267.8454237514865 572.9320446815109 288.10990224584583 Oyster-Closed 0
318.88490322366124 303.31513582886777 330.7922114933899 339.02061568390303 288.5012065443152 353.12276394691094 276.594127846256 317.41747981165355 Oyster-Open 0
277.10480765555985 380.2660401277674 227.90446908758895 390.6394485966601 209.47337935955147 303.22737187056526 258.6726386530063 292.8540808458493 Oyster-Closed 0
0 286.666666 18.856895 286.666666 18.856895 397.037037 0 397.037037 Oyster-Closed 0
491.3065731072129 417.339273434166 465.1883068191819 391.88627080320686 510.2858424841543 345.6152889592189 536.4038591732242 371.0680571540971 Oyster-Closed 0
385.4078190011205 86.38525015975131 354.57054742684704 82.05038383836879 366.45570839740685 0 397.2929075110005 1.8372922013016217 Oyster-SemiOpen 0
374.51285733361146 379.60886920186937 418.6680480875657 396.5346326931366 381.40440549294 493.73287335751905 337.2493691428099 476.80739686131864 Oyster-Closed 0
258.4048802862526 479.93425893350326 217.99014268057363 479.0116324157304 219.00990319081757 434.36226067879835 259.424030900409 435.2848802591555 Oyster-Closed 0
152.97061005723663 0 223.53800176249933 3.000943896629191 204.96824481801013 115.28681246489728 134.40085369322333 103.61647406155235 Oyster-SemiOpen 0
255.0100686479709 462.49353886944596 268.9780094182788 448.0969932817499 302.27766372183396 480.40001850938404 288.30984126223484 494.79644700724896 Oyster-Open 0
20.34323967367527 448.19907951687094 78.73346682470583 430.6045213419028 109.74004610747215 533.4874182060964 51.34996522428992 551.081631999865 Oyster-Open 0
416.0582721968967 555.43933312784 399.3795867704466 551.063739739748 417.0726461508457 483.63717008398385 433.75089967565145 488.01270344507554 Oyster-SemiOpen 0
0 466.66666599999996 48.84351199999999 466.66666599999996 48.84351199999999 567.663511 0 567.663511 Oyster-Closed 0
341.48846672600484 621.7238838999651 311.20416791556636 616.3477939897125 332.2299922291859 497.94002934596506 362.5128083094751 503.3159844044043 Oyster-SemiOpen 0
639.9999999999272 0 640.0001288823114 134.93980500015832 541.8971675497596 134.93962137186892 541.8973769999866 0 Oyster-SemiOpen 0
52.86357044722536 166.2965393402827 0 163.0449185338843 3.177199874917278 0 62.048297000001185 1.3199301928073596e-12 Oyster-SemiOpen 0
184.03164815470518 161.80806130814096 178.0505204985093 73.52168353518833 249.35810805640358 68.6908965189782 255.3394898019178 156.97699512816442 Oyster-Closed 0
536.7000296340848 43.32244917319717 622.677062900475 56.388263473810795 599.7289678004017 207.39230356671524 513.7519485996017 194.32657833881046 Oyster-SemiOpen 0
64.2900661535532 77.6422282192845 92.09539265415515 79.48158331247802 85.22174358535267 183.38866348360023 57.41641754451848 181.54931755921027 Oyster-Closed 0
76.50533355510561 88.18553339103298 126.4327498502098 89.24490002307799 123.94059171841945 206.6974442343065 74.01317547803046 205.63808444142327 Oyster-Closed 0
457.71126241088496 186.38430242139384 430.8035154144454 192.63352477422234 416.4172236466402 130.6901486165042 443.32478120682936 124.4409488042707 Oyster-SemiOpen 0
