483.25181029664236 143.54094706099363 541.465089767371 137.6815951305319 557.4407734421402 296.39680448249715 499.2275056638755 302.25607908852254 Oyster-Open 0
319.3240320728364 169.4597969028246 391.77442253429035 226.58837355067902 326.6630226914276 309.15863939102627 254.21308881115692 252.03058292554232 Oyster-SemiOpen 0
164.41742877963406 325.8394179902241 82.17945764881733 349.1410693825013 48.56690653563419 230.51673966623738 130.8029202750913 207.2153804875987 Oyster-Closed 0
397.7596117966459 354.0590169944415 334.8581318341894 305.4301894833081 392.50379561453883 230.8711328724348 455.404409027833 279.49945167262604 Oyster-SemiOpen 0
127.02282501901209 316.43422018988144 207.44285640663293 228.32287520450018 305.4910935522639 317.8071038412672 225.07251092087245 405.91706328675855 Oyster-Open 0
28.643678776352317 337.8731393790909 61.04539271815156 310.11347562498287 117.37430148357817 375.8560352294583 84.9728878053429 403.61537759751695 Oyster-Closed 0
22.83918480599823 333.74827682591564 47.86046996690857 340.5216908616118 34.19232869411644 391.00754842406536 9.171062070745393 384.23418219787044 Oyster-Closed 0
220.86150405324588 412.396379755295 152.72796175318945 461.8474539692974 86.58120083200629 370.7200710782416 154.7131420000369 321.269841999994 Oyster-Open 0
383.1563448084489 441.2139156766158 386.8452814659395 337.5225391492909 493.31050864879217 341.3096238618265 489.6232269117172 444.9994172010066 Oyster-Closed 0
621.614275917018 447.25771989816957 599.0920504633687 440.7720888365879 618.8919386201451 372.0242657979478 641.4137015748565 378.5098259479895 Oyster-SemiOpen 0
39.29521004210983 385.4914927481559 88.54943641235877 381.6719811424753 93.35030866968737 443.5736435349197 44.096086619683774 447.3931184230407 Oyster-Closed 0
208.37924838924664 99.98598308972923 191.72298250538006 0.08452501227119166 284.1432253844687 0 300.79962078067183 84.57690366493843 Oyster-SemiOpen 0
217.13829833643103 406.39903248796486 252.02982879272895 413.5323233535326 243.91566508937103 453.2162696112608 209.02414854856033 446.08302494967154 Oyster-SemiOpen 0
502.2584501899837 329.65490265777214 556.9992896111216 342.9912838337088 509.5018490005896 537.9254012725527 454.76115812562057 524.589447959483 Oyster-Open 0
452.4882140597765 451.8236437523864 480.6257880140038 431.48514294379663 509.74775315698935 471.7682122036925 481.610327370945 492.106539222625 Oyster-Open 0
264.08899840680533 411.422283897851 301.90584741998464 415.8299255713831 287.8447350825445 536.4528795425064 250.02790290025587 532.0453322540498 Oyster-SemiOpen 0
640.00028039467 544.444551 623.6259909023647 544.444551 623.6263194485218 444.569769 640 444.569769 Oyster-SemiOpen 0
488.408158309976 530.3584506433996 420.3046578085923 546.6302920396215 403.2268857990857 475.1632512625886 471.32860864614486 458.89163006539894 Oyster-SemiOpen 0
70.02663143066457 485.5353458746637 105.42891869103187 475.58415461131716 120.72636884251551 529.996130101602 85.32412382104667 539.9472148483572 Oyster-Closed 0
334.3179494396463 477.13666016983376 384.4981275220198 483.64669855165505 368.4554756135185 607.2796657761875 318.2753280737961 600.769790741815 Oyster-Closed 0
398.2718377454876 104.88114487178441 359.9405437389214 99.30702919899304 373.57048023746756 5.57953155085703 411.90162748884177 11.153636347498466 Oyster-Closed 0
569.9426401932578 605.0486572512535 533.0337622940715 613.8268103177909 518.7144565098424 553.6327272141724 555.6223967213737 544.8546899931198 Oyster-SemiOpen 0
439.3759967825463 544.4136231402164 499.6685646066908 517.2203977054616 542.3433710582322 611.8165863144013 482.05117620404053 639.0092042610171 Oyster-SemiOpen 0
360.81646269398334 640.0000258777441 360.8186740409292 518.0940009228349 418.29605201404775 518.095488968557 418.2953503890167 639.9999982896055 Oyster-Open 0
337.1622718994331 125.2128350754762 287.03410635949695 115.49337612401067 310.5494232552155 0 360.6773083627195 3.933776662024586 Oyster-Closed 0
451.14578778651776 126.74277316483689 412.08567662499263 132.70417045178823 394.0608418604097 14.602289669567266 433.1207063283364 8.640911849146622 Oyster-SemiOpen 0
82.98209490720183 54.10165949676347 97.25501421635272 36.80801134235777 159.41202943482494 88.10771983106918 145.1391493158735 105.40133140668254 Oyster-SemiOpen 0
330.03560765653674 0 330.0356157733768 43.17460587919858 279.39380268879177 43.17459662743062 279.39381199998024 3.896179484792808e-13 Oyster-Closed 0
235.57903011096641 94.23305859563149 305.75905759287707 82.0912619367329 324.7944944851042 192.11540394422073 254.6144853559963 204.25712670379468 Oyster-Open 0
395.39452534736483 239.65619266506746 337.31150988205627 229.04215048067948 361.95020783336076 94.2185088749163 420.03221025421226 104.83245336744865 Oyster-SemiOpen 0
