481.90391140327847 147.49216117089685 526.0191393644345 143.54591908845282 535.9172233944992 254.19422992273343 491.8020004844584 258.14043957558533 Oyster-Closed 0
522.9946599528921 175.18845529840314 557.286432661349 174.37375435997112 559.5252711026114 268.60612130553415 525.2334985733614 269.42081591303366 Oyster-Closed 0
208.65828737529228 309.1308156459706 150.82100586834713 292.16382724010214 192.28910885809455 150.8159623423958 250.12505647551734 167.78274470703323 Oyster-Open 0
558.4944526574691 249.07312700311124 582.7152008078701 295.92109934655326 537.5823671834951 319.25341815396416 513.3619120014919 272.40569657269924 Oyster-Open 0
70.8281037639972 235.35693958915047 155.2058081892028 248.17898531827635 136.69624237372773 369.9766294121003 52.318577987971366 357.15476171736947 Oyster-SemiOpen 0
312.1234241750062 247.75288884005818 367.2107860958931 227.98293349515038 411.5754355567333 351.5941998671702 356.4882231205411 371.36386559813377 Oyster-SemiOpen 0
273.1617802505207 345.4358936032764 278.03848177318287 280.55236434612135 345.6661512289429 285.63494011731535 340.790001767964 350.51795271133693 Oyster-SemiOpen 0
640.000403695667 350.222222 593.0590386124823 350.222222 593.0593743923964 285.666598 640 285.666598 Oyster-Closed 0
610.6011383670557 382.5865504606947 577.7637812370085 406.5877401854225 531.2559832211991 342.9636348705652 564.0928675454779 318.9626952621163 Oyster-SemiOpen 0
286.05177908364567 454.0379675338929 247.06630945373036 448.4309202932439 262.5707057902764 340.64776826982586 301.55494603364787 346.2547259902331 Oyster-Closed 0
605.6238007900538 346.61146822435114 629.1968210873893 354.37238701132605 592.9664993846382 464.40561148648874 569.393542666221 456.64482778203285 Oyster-SemiOpen 0
380.3307646668691 376.2678219231396 418.23772308292973 369.8742212407711 432.6999920729577 455.6089398652711 394.79305516695604 462.0024540902653 Oyster-Closed 0
216.31708949746098 420.8107506324908 240.18655823405425 423.7462669651825 233.04292956643621 481.82442237352996 209.1734659870417 478.8889349353372 Oyster-Open 0
337.082291266197 110.72346637970784 282.92466854763916 106.07821241895002 292.4115598639037 0 346.56896050000796 0.1205900682043557 Oyster-SemiOpen 0
456.49546349523007 548.9554281988621 405.6411538973043 546.096503882714 410.3306230583257 462.7117441910008 461.18332404810644 465.5706229102271 Oyster-Closed 0
397.02630400242924 548.4814351809715 380.39904339573695 545.1698947809869 391.73161269594857 488.28167872795564 408.3585136359761 491.5931823192907 Oyster-Closed 0
440.82805661062594 556.8682875671924 461.69141012753244 559.1382888375034 456.2450967096811 609.1823742048207 435.3817471428192 606.9123977197132 Oyster-SemiOpen 0
322.44145917284186 116.03448466799945 285.99556796129036 130.00702099015803 247.08638914700714 28.516727869255014 283.5320741353644 14.544236631604797 Oyster-Closed 0
433.6333884947089 99.35773131468422 405.5476490844012 90.67198812687231 416.36196300001757 55.70370300000893 444.4476484935876 64.38943731402303 Oyster-Closed 0
446.96572138556803 138.83892414158072 427.26726409382536 133.0700873067874 450.45100371200533 53.90706088673062 470.14935028702894 59.67588027879319 Oyster-Closed 0
612.513643255661 19.224289295612053 661.0105819703313 27.788112416515098 628.0845814109489 214.24645563269178 579.5876550804678 205.6827033522198 Oyster-SemiOpen 0
543.8218747281644 147.79359345383713 520.0990308917972 147.44256772184838 520.9602159893984 89.24730129224278 544.6829405876633 89.59832615391758 Oyster-SemiOpen 0
272.2037321415701 149.00479194439995 246.1391778972029 154.77823856217287 232.19120603571355 91.80971287593154 258.2556138998916 86.03628313153416 Oyster-Closed 0
389.7056237805373 235.851852 314.3997224161285 235.851852 314.4003388096462 90.66666600000003 389.70495451489114 90.66666600000003 Oyster-Closed 0
