42.43406645000505 128.87275823954118 84.63971019285964 132.14603553686513 76.42068035442207 238.11988300365843 34.2150384803972 234.84662926367173 Oyster-Closed 0
529.9222110791015 150.90413559502255 574.0060172341327 160.11085221865505 560.7774258690915 223.45071084466812 516.6936321493995 214.2440356923243 Oyster-Closed 0
203.82973910338478 198.8546932979408 123.3460800233297 283.6036276051324 37.01894998332136 201.62290450890305 117.50191831764823 116.87474330958639 Oyster-Open 0
239.88742267873022 247.96974923224766 179.13160994801729 239.42946534011946 190.216006681585 160.5803166312829 250.9710823903879 169.12054733054785 Oyster-Open 0
360.57170899955963 282.7975148664541 302.3772852426191 271.3832871104773 328.8200913503533 136.57522665694418 387.01330111121933 147.98933180660845 Oyster-Closed 0
394.3846181792469 197.00781165339836 445.6701761509612 171.49884462567698 487.65119081537705 255.89852274139844 436.3657695928123 281.4072849148768 Oyster-Closed 0
0 213.72908975120617 21.250801373826107 203.6523925644444 42.103076558050816 258.40807926192235 15.641848254817887 268.48472480914415 Oyster-SemiOpen 0
580.4460960486904 190.17956091647076 619.474742444072 199.9326835743142 597.4140421506308 288.2084613590618 558.3854234223691 278.4554175589061 Oyster-Closed 0
482.962375902207 0 537.2143231973314 2.2452625701038107 528.6097512200649 60.395643690651106 474.3578050708311 52.367934998893645 Oyster-Closed 0
496.9104730205436 269.8198201001646 513.5847250479856 267.0291473029906 521.0154436134326 311.42497544544574 504.34119495141204 314.21563468324297 Oyster-SemiOpen 0
464.64704609235923 331.31584879165047 437.346815141791 276.495400529832 483.29846144028124 253.61326155451906 510.5987455662398 308.4334056421885 Oyster-Closed 0
82.86084164479689 268.47975474462663 105.15650031702535 273.41810512889856 93.52890484697127 325.91100650880975 71.23325585052953 320.9726855406888 Oyster-Closed 0
553.4288369992282 356.7802917209499 531.9068529677315 357.1584370106972 530.7499871796608 291.31138433795786 552.2716312805278 290.93324202601303 Oyster-SemiOpen 0
86.807666783061 373.7699343162408 55.17080441721191 383.84959487435594 27.529451918890118 297.0985921444021 59.165647907939274 287.0190458228799 Oyster-SemiOpen 0
530.4445682046207 0.10787836011207491 580.9200174682337 0 583.1387156243 70.56398688730626 532.6632666289515 72.1191547052442 Oyster-Closed 0
378.7280886275403 306.27379719913154 416.7992423227406 307.7008026202175 413.1808499006729 404.2275202146184 375.1096970990329 402.80053307257793 Oyster-Open 0
0 223.49206500000003 88.63384499999998 223.49206500000003 88.63384499999998 491.42857100000003 0 491.42857100000003 Oyster-Closed 0
640.0003616193862 406.6666660000001 604.2320000933978 406.6666660000001 604.2324478468072 323.70370300000013 639.9999946366734 323.70370300000013 Oyster-Closed 0
177.39949804883508 313.71728167833635 277.02577712756465 327.2963242410623 262.63697624075576 432.85321126532676 163.010737437653 419.2743690152686 Oyster-Closed 0
111.80682593003439 340.34972544352485 164.39912081732473 336.8415477811248 170.2320896359015 424.27663758587477 117.63979909468617 427.78477150925914 Oyster-Closed 0
336.3739710311347 478.1652324954405 259.4173597594636 434.0825054971237 349.4206278265483 276.982848638218 426.3740067729668 321.0643899995289 Oyster-Closed 0
110.1302856438997 530.436108216795 82.55169267045858 554.6614464778868 49.44545160738926 516.9799969996291 77.02373005980917 492.75489409393276 Oyster-Open 0
237.22087553614983 456.56251694070545 297.2278899084631 461.3817064951023 285.4241810388339 608.3283229307333 225.41718274340383 603.5092746608485 Oyster-Closed 0
85.89464401709847 553.2866474338093 38.67623168465798 594.722580206861 0 545.929848929252 43.06742751949059 504.4944694584635 Oyster-Open 0
381.1205990572489 628.052454958996 320.91198130750854 609.8910484475077 360.2278007205314 479.5882184498981 420.433264260937 497.7491164732387 Oyster-Closed 0
119.0728538059193 510.1141026183443 184.73903039703146 502.91117874672636 197.45284203003393 618.7919578304774 131.786695523042 625.9947051096078 Oyster-SemiOpen 0
168.66684499997064 640.0000000000233 168.6711437296617 499.2578805581855 257.92392335875775 499.26122243647256 257.9222939929605 640.0006535635971 Oyster-Closed 0
413.2098517117993 123.4926892193573 341.9219191900629 118.66324488468514 350.25715489719005 0 421.54465788065863 0.45900336891244864 Oyster-SemiOpen 0
420.876631999854 640.0000182182443 420.87698838018696 587.4072660372401 439.2032483629009 587.4074679000795 439.2031123529159 639.9999994151641 Oyster-SemiOpen 0
336.0885757837241 144.267886558512 267.79708076719544 172.56217173529922 210.26115510394447 33.69304922078677 278.55204349070846 5.398907536851707 Oyster-Closed 0
394.89204056357266 103.74126277553947 428.22322220883507 94.81672089116435 447.0387776840653 165.08785463162673 413.7076090335904 174.0123643941199 Oyster-SemiOpen 0
