594.4001425101305 232.619077496818 565.6383101714891 199.84931613426357 625.2093920787593 147.5656246583664 653.9710980804375 180.3352052802594 Oyster-Open 0
535.2994446715456 110.28047404325679 584.6828426152206 113.20331350933685 574.66631538613 282.4352235927229 525.2829210784694 279.51242102976215 Oyster-Open 0
474.3959202921542 172.95031247983366 491.9804528982786 173.34580404663 490.6135960562824 234.11788135108236 473.029063499489 233.72239160969255 Oyster-SemiOpen 0
144.758736536387 178.27317861407744 190.63573160514352 179.1330209098653 189.01489077274164 265.61031894532294 143.13789602303586 264.75048274960386 Oyster-SemiOpen 0
260.01937159067893 213.62213258669783 314.8396230350045 215.72371609434558 311.0247898424859 315.22965529218607 256.2045399798808 313.1280924654504 Oyster-SemiOpen 0
284.1779074360966 203.5497987010678 331.469167220348 192.97210444073426 360.08008047188923 320.8814592047042 312.7888653228729 331.459018787724 Oyster-SemiOpen 0
475.780866591449 325.93978023889326 434.61639873930835 327.0419239404965 431.8416676371271 223.39483756819075 473.00526315302704 222.29270555788733 Oyster-Closed 0
472.62615051040484 250.48219163841966 509.37796283411444 252.07172591303024 505.6165966700064 339.03350908465853 468.8647854147712 337.4439898938582 Oyster-Closed 0
461.3203581192647 32.98056217014425 469.0581490207114 14.333960047291045 501.4867849167058 27.790880019011727 493.7490026182786 46.43747487275277 Oyster-SemiOpen 0
502.0928078151337 348.8296357985425 462.85170017778 381.4587260999631 395.096141794711 299.97909412383785 434.33662299998105 267.35042600000827 Oyster-Closed 0
485.3085187962279 315.1991128319354 525.5068747728365 320.5803386263165 518.3531622093142 374.01473271113844 478.1548134453624 368.633544315608 Oyster-Open 0
281.7356249543809 311.77694423194566 306.2834640966321 338.2304012326707 265.6634849045804 375.920761291878 241.11584076134022 349.467492949045 Oyster-Open 0
362.5679376430344 74.47873453054821 333.90511612786213 70.03272248566672 344.89440620724054 0 373.55717219252256 3.6326163078139477 Oyster-Closed 0
608.427977942265 344.01157693654295 624.8262220124889 386.85470374388444 551.4160544009792 414.9488072254395 535.0183689065307 372.1061528019716 Oyster-Closed 0
356.95955622693873 453.2687021071091 310.63314350816654 473.68289088358506 262.69066850683885 364.89812682484956 309.0156609583937 344.4842941703774 Oyster-SemiOpen 0
101.8850227627263 496.2626341593689 9.366246954596136 494.89381201070927 11.553023383239633 347.2406915530937 104.06756000651512 348.60948256274554 Oyster-SemiOpen 0
604.6024902147474 449.7130860539542 580.5601884908538 451.21497813020994 576.8060993595282 391.12318848502497 600.8479570502095 389.6213101654109 Oyster-SemiOpen 0
501.1790933620068 392.3887706248493 531.176952857204 379.18982335237433 563.4258306067204 452.47414745179987 533.4280702649994 465.67292870986444 Oyster-SemiOpen 0
558.7410445538262 503.5146055059669 540.7647914438712 500.40496197929366 556.7743288049678 407.8737982771237 574.7500263646361 410.98339287334363 Oyster-SemiOpen 0
303.617652198227 102.47738384231765 312.36414958009846 0 383.3444858459552 0.020527846961746584 374.59814991299936 108.21531353124604 Oyster-Closed 0
268.5997213641531 513.5042349795216 279.05698188864335 524.065570740272 255.78627292743477 547.1020677863903 245.32908087407122 536.540800244745 Oyster-SemiOpen 0
441.338029000035 0 441.33803125834675 24.615385065918133 392.0612948955386 24.61538167508719 392.06129799997143 0 Oyster-Closed 0
376.80735882997396 98.98316825283322 358.985764002573 91.40640161623091 391.02222153807816 16.05259865645878 408.843759861993 23.629351361551024 Oyster-SemiOpen 0
550.060313505528 137.435897 494.3116794585512 137.435897 494.3118718150072 34.18803400000001 550.0601077981992 34.18803400000003 Oyster-Closed 0
166.74390033396776 140.17682974994588 176.99189963022945 115.84737237214968 211.59666443367314 130.4233284898888 201.34871963062324 154.75273955463274 Oyster-Open 0
280.4508977162186 250.36746164513363 220.9391475035227 248.47338257800283 226.34738872016896 78.57128319374688 285.85794247715967 80.46534362764133 Oyster-Closed 0
