587.6063446435 294.89270322809085 523.9497477802797 284.74268017635717 547.7408918678702 135.54754061289302 611.3959195230564 145.69743276532097 Oyster-SemiOpen 0
298.42822928811074 281.18789748392703 225.92621059899102 285.10767119684493 218.70114614997874 151.46275274093736 291.20161477359943 147.54302091096469 Oyster-SemiOpen 0
359.6995114971651 268.7025123313601 313.50038433098234 270.6266744805801 309.907605254557 184.35890449472683 356.1060774453654 182.43475577595763 Oyster-SemiOpen 0
457.1088690475153 316.98308910853797 414.0192595798726 216.76631771615703 521.2121658104297 170.67940977207442 564.3021347591275 270.89510736091916 Oyster-Open 0
0 123.333334 30.774372 123.333334 30.774372 404.03351999999995 0 404.03351999999995 Oyster-SemiOpen 0
17.128095307416515 213.91694752584448 89.47089238179615 205.07447697107452 103.7526766656083 321.91230757972187 31.40989870102203 330.7546736997666 Oyster-SemiOpen 0
585.4616400909435 273.6628839095657 626.3706727700628 275.8534777009904 624.393091010279 312.78224613626094 583.484058948452 310.5916611678101 Oyster-Closed 0
188.21706094757246 322.2571796047651 122.66902016672248 357.35704264174666 77.11374832229922 272.28853675821125 142.6606580279622 237.1890454426678 Oyster-Open 0
387.74129699995683 0 387.74140905930835 95.55560684644023 277.6435000274796 95.55552850504304 277.643573748428 0.00000499649906396133 Oyster-Closed 0
298.47593319216685 249.64840043086986 331.6441240765562 277.0507426025734 263.3548508106469 359.70315469757884 230.18696696344705 332.30114625961437 Oyster-Closed 0
640.0000808195182 345.555555 622.5487407354376 345.555555 622.5488472053257 301.111111 640 301.111111 Oyster-Closed 0
177.7968276933825 300.10046469640764 218.2860313650599 324.0756877015031 176.402229194573 394.8022870313824 135.91321400970628 370.82731938365663 Oyster-Closed 0
455.40214842767455 397.65498384799616 426.8423161566898 396.50802600569807 430.39999346125114 307.9376404960272 458.95916007691994 309.084584925457 Oyster-SemiOpen 0
535.2545185668714 420.57885796128886 452.85813905305986 417.49045517042646 457.9921059184562 280.57899411169313 540.3855133125035 283.66734072972406 Oyster-SemiOpen 0
34.91460790093697 332.3703657606834 84.39519275038037 326.8065193461684 97.23428784862335 440.97577109674046 47.753718248641235 446.5395251758049 Oyster-Closed 0
442.7088736295991 453.83673956051655 420.4475016438664 439.0455109827683 450.3801977753028 394.00200068098997 472.6412938239082 408.7931043232329 Oyster-SemiOpen 0
161.83528676323476 477.894668137372 122.38299942597223 460.6430920024763 160.54034797722124 373.39531203954937 199.9916193835088 390.6466350396036 Oyster-Closed 0
23.08401848138601 418.88250206056654 53.552134802303044 430.1235056602984 21.722318451065803 516.3827519039501 0 505.1419279379206 Oyster-Open 0
124.22838669874182 469.39808592508905 207.65581320622005 405.9424111977285 248.17744692431006 459.2100331743061 164.75067850238702 522.664964609414 Oyster-Closed 0
302.043511 433.33333400000004 343.278108 433.33333400000004 343.278108 517.777778 302.043511 517.777778 Oyster-SemiOpen 0
62.32768135945662 446.12871904799994 89.92523679116857 442.10626079304063 100.09675713234174 511.8802466824371 72.4992124135315 515.9026543411669 Oyster-Open 0
510.784811897247 106.66666599999999 385.20642516275984 106.66666599999996 385.2066585323337 0 510.7845684624772 0 Oyster-Closed 0
354.1735600274842 455.72957845551116 383.37737815614673 464.7878446831971 364.7925780127116 524.69465527957 335.5888048947236 515.6364922834586 Oyster-Closed 0
271.6072387291206 463.3678975763979 302.0465769201837 484.89658637797936 268.8048805332801 531.888086238484 238.36573449480056 510.3596270389918 Oyster-Open 0
16.338975 615.555555 73.258502 615.555555 73.258502 640 16.338975 640 Oyster-Open 0
64.67673457358615 98.33806708892438 33.840831134220934 77.14637927802048 64.46543795071193 32.58491208104763 95.30128239268379 53.77657131633918 Oyster-SemiOpen 0
639.127904050838 143.80115314867865 583.1891647384327 156.10906467759392 562.1738084204844 60.59552179841834 618.1121547577641 48.287654534467634 Oyster-Open 0
48.93612465260958 28.216693199252827 28.543998821041896 32.31179527451009 22.170935870308313 0.5762412032787887 42.563054639977054 0 Oyster-Open 0
554.9014839115262 208.93194649019705 512.7749914569722 197.71187099762614 550.4935011462658 56.099164702908205 592.6193826051167 67.31915154357819 Oyster-SemiOpen 0
134.82707396186015 81.69140572961939 168.1329558212019 137.87330031223397 61.68462734174682 200.97690334998066 28.379171907363343 144.79537519832394 Oyster-Open 0
502.72449755757407 85.55555162412989 502.72461058964836 0 635.1131825034827 0.00003472177431919347 635.1132516693178 85.55550140989199 Oyster-Closed 0
372.1442590994411 104.79960191935163 448.4469678052119 72.1491025154432 509.20571897418995 214.13759487052658 432.90318784609553 246.78779723571128 Oyster-Closed 0
