256.0537843241764 141.46246602886717 314.03732633101754 179.0808985442122 258.1350706196099 265.2435569226412 200.15176122782577 227.62541768075994 Oyster-Closed 0
467.347499032403 198.72336647384813 490.57636525976704 206.5598839600629 470.9426193933177 264.75564168144683 447.71377290300734 256.9191655600578 Oyster-Closed 0
238.64128473614983 245.39034357580928 198.09592242723738 294.02482769124003 136.87390897030127 242.9873959083302 177.41907319352322 194.35324778743694 Oyster-SemiOpen 0
405.89036663506704 313.1880976406386 363.99317537354364 307.54764243540654 379.60605509666493 191.58571187979067 421.502322662418 197.22610331597554 Oyster-Open 0
353.37357728734787 227.44767785553387 367.67693336973025 227.17960308079563 368.8058199828811 287.4094865601552 354.5024639442272 287.6775597855148 Oyster-SemiOpen 0
353.5567557131435 303.82763565956344 309.15664953885425 303.772022629631 309.24605814354436 232.6374548474227 353.6455332764308 232.69306748173722 Oyster-Open 0
500.4763832797471 311.57387231064723 465.36482533956587 303.8181808838551 482.99441439179645 224.01181261297677 518.1054088444216 231.76743855252593 Oyster-SemiOpen 0
465.7837538682361 292.6458742246279 494.7609323608049 381.18876081142685 431.33027860378206 401.94486158547636 402.35398454060487 313.40271901664664 Oyster-Closed 0
443.7147629373794 420.5771151964699 376.0539798869286 443.09112570887015 342.224870275968 341.4338042329864 409.8837211085629 318.92014575559597 Oyster-Closed 0
292.5530717299989 389.45040830798985 279.9881309900229 434.1920549192125 237.61893474547833 422.2946125177688 250.18405602590065 377.5532650780235 Oyster-Closed 0
52.03958841506392 387.65828565106756 107.6117260727915 375.56384922579593 130.7277444210922 481.76477993556824 75.15567384260066 493.85900503184047 Oyster-SemiOpen 0
0 395.816994 75.060408 395.816994 75.060408 511.89542500000005 0 511.89542500000005 Oyster-Open 0
412.08303485596844 497.780813311523 381.23303780354036 496.1548130181797 385.3681772476557 417.720427461515 416.21732799998426 419.34640499999875 Oyster-SemiOpen 0
0 0 96.549706 0 96.549706 108.235294 0 108.235294 Oyster-SemiOpen 0
299.7361594035465 475.14108312205894 338.36629612946126 452.5189958647344 371.80463274155045 509.60946290260495 333.17469986286596 532.2312752141456 Oyster-SemiOpen 0
272.77928580195294 4.7336187536950005 314.5260091398086 45.21727892895618 262.07980789011344 99.29959584593001 220.33313600688416 58.81599194914614 Oyster-Closed 0
385.98496452061227 7.941682610460933 416.11824275474646 61.52007320600081 354.91121975275746 95.94364843946857 324.7780195436644 42.365325347554545 Oyster-SemiOpen 0
363.13052351957595 578.5471826423855 332.9947130101209 573.7067522958957 350.75425153911056 463.16629929559895 380.88878752656456 468.00662566620883 Oyster-SemiOpen 0
216.95653279828548 520.4025377250747 244.3169551833853 507.67344140227283 271.615853926196 566.3382914558347 244.25553549546748 579.0672207755721 Oyster-Closed 0
36.9576253741252 537.1154070126726 48.06620827577717 529.699671479449 65.09438553417567 555.2018764561786 53.98583998590766 562.6175657720585 Oyster-Open 0
310.3327563361381 640.6607053568423 276.7635917526786 639.9349344641724 278.02407361843507 581.6692602465259 311.592352131629 582.3950215784015 Oyster-Closed 0
565.648752 0.591715 640 0.591715 640 138.108055 565.648752 138.108055 Oyster-SemiOpen 0
119.14366683347907 12.691085813945191 168.91586791694863 16.18936798235206 160.49446510012785 136.00542401970685 110.72226458825753 132.50715348581144 Oyster-Closed 0
248.2621030000155 0 248.2621114862559 34.5098077711829 179.22333923495898 34.5098012520286 179.22334603536 9.284498307774142e-9 Oyster-SemiOpen 0
52.72550215224328 69.78836298427821 96.39440281156567 116.61286540695967 12.927474354364676 194.45356596397863 0 147.62933618394246 Oyster-Open 0
253.9100470039557 192.26471755490266 203.30469734297367 184.8665557088737 218.00704996363493 84.30230008141771 268.6118844374141 91.70042387829665 Oyster-Closed 0
151.22846910460794 206.54173886796784 128.57632391547668 115.26059545078552 186.43753217467747 100.90220390953712 209.08988580093137 192.18302413992592 Oyster-Open 0
