573.1615915423026 2.6010903020499803 594.211492307586 0 655.2934711281705 37.50767092869097 634.2435840434337 59.93402070929899 Oyster-Open 0
571.3911126704625 149.43246433129877 623.9969263722742 161.14077637638718 602.1366406049492 259.35691016538004 549.5308538481186 247.64868661754437 Oyster-SemiOpen 0
544.1957798173098 163.99697161567434 586.2550321692106 179.2335308111137 535.339679443714 319.7753187911874 493.2805294960417 304.53896582066216 Oyster-SemiOpen 0
56.23528299998725 321.36752200000524 18.454061888405704 275.4476133467537 115.87021352337615 195.30100989908584 153.65117425157223 241.2204228224289 Oyster-SemiOpen 0
292.2616234315501 1.3817049975908806 324.4516746429872 0 337.42798678649706 64.58121224564253 305.23793720145477 70.6145816759446 Oyster-Open 0
354.8704244355031 236.07216053331365 424.58105889825674 204.71637535614292 487.2393168503186 344.0117931532003 417.5290139247227 375.367055570672 Oyster-Closed 0
366.21767012598866 371.282052 301.24132326796826 371.282052 301.24227422660624 252.307692 366.21680990247114 252.3076920000001 Oyster-SemiOpen 0
290.0476521896053 396.18933036736007 218.4473009206704 390.29809010260306 230.37840297358343 245.31742285712346 301.9762723689928 251.2085602671091 Oyster-SemiOpen 0
640.0000775090302 388.376068 624.656670373297 388.376068 624.6567694428086 345.2991450000001 639.9999954753002 345.2991450000001 Oyster-Closed 0
112.5605227026972 403.9202267761022 47.126944454576005 449.03894614403356 0 369.0687053580068 57.41165502477088 323.9506145045261 Oyster-SemiOpen 0
446.4892457598762 466.91282360110574 398.69316198259185 429.7867363047195 493.2175310194725 308.11148149776295 541.0122489376226 345.23676067409497 Oyster-Open 0
515.8014279014606 379.6856916223637 528.9435379453789 379.32882497578936 530.0574410005356 420.3451028266894 516.9153310479305 420.7019672974221 Oyster-SemiOpen 0
106.33719376121007 352.7416057874644 160.74593843608454 357.1115790991556 151.87494449834048 467.5476492477586 97.46620862482814 463.17774972947586 Oyster-SemiOpen 0
0 380.17094 23.175165 380.17094 23.175165 502.564103 0 502.564103 Oyster-SemiOpen 0
184.2950444118469 395.04412579018117 221.08512640079425 418.44031152961657 169.11090025518206 500.1565592395346 132.32111119672481 476.7607496774698 Oyster-Closed 0
517.3448792487761 419.8290594025985 527.5750031382631 420.30834637209745 525.0890000563959 473.36309153407905 514.8588764500892 472.88380879501085 Oyster-SemiOpen 0
426.62597456721414 482.0293113089511 511.5910919545422 378.0664537645813 568.3843986879219 424.47571648920825 483.42068336336524 528.4372747548722 Oyster-Closed 0
91.59609377144079 549.7817788494291 47.63887414243072 553.9004293137692 37.78740615278366 448.7692622848349 81.74289570953988 444.65069394950217 Oyster-Closed 0
621.6498337176745 486.5008083915058 646.845129771973 502.4357938099857 631.954279298152 525.9756132690845 606.7590480577928 510.04071137582594 Oyster-SemiOpen 0
159.16139175038552 466.6769571459468 199.26563323977462 480.3654582923266 170.03422084722843 565.9903473046027 129.9300936396321 552.3020833636659 Oyster-Closed 0
201.74762209258915 499.55552437132724 248.4649995079235 541.2001039367337 177.57419981368002 620.7068572041532 130.85769760102266 579.0631998088164 Oyster-Closed 0
283.88691369043954 609.230769 248.13050460463273 609.230769 248.13106139401498 549.059829 283.88654338436027 549.059829 Oyster-Open 0
15.35166450550605 88.10271247909179 0.7471884385449812 89.18322915478575 0 35.80075860182702 11.402107812536997 34.7202434032569 Oyster-Open 0
127.83814916518168 35.08691810298179 148.69653935777023 54.27887558083746 95.15441980394826 112.46977430224432 74.29607066726021 93.27785877575629 Oyster-SemiOpen 0
628.5768907714373 169.2358611790997 494.1253436189436 213.08915253823145 434.8753268818109 31.431142406099326 569.3250832924969 0 Oyster-SemiOpen 0
593.1453986954148 69.02842991011214 622.7254599342996 73.46375575888474 613.498129060099 135.00221370952926 583.9180701016448 130.56689829922843 Oyster-SemiOpen 0
0 123.10264139302873 11.691275517150643 66.38313946814546 84.03476247018261 93.6746804437182 62.63742052411544 150.3940039566059 Oyster-SemiOpen 0
330.75265976192895 52.23339759030466 392.6154902800772 81.92751864415689 336.81015188762103 198.18740376569548 274.9474391272088 168.4934629552369 Oyster-Open 0
6.924087694860646 153.09816012983651 22.021200024391874 127.63189769839444 70.06298114967649 156.11193554561825 54.9659640329628 181.57811507591214 Oyster-SemiOpen 0
498.8214015713311 244.23733663711317 374.8252633449738 249.81493367368546 367.2651194536593 81.72017982055672 491.25878102859133 76.1426378299307 Oyster-Closed 0
