586.0352269380382 232.07150555495846 555.2718881046894 224.31748990619727 577.7628235946031 135.09003980420783 608.525794356392 142.84400689646606 Oyster-Closed 0
475.3127727039828 136.69466291098564 519.6335580910818 116.8655967328013 573.2255084696953 236.64875060407536 528.904838497765 256.4776366716746 Oyster-SemiOpen 0
486.4669310175668 249.24102573577846 519.8990284734464 248.58147300172794 521.8104720726114 345.4648050824647 488.3783747950656 346.12435073258564 Oyster-SemiOpen 0
278.64898714600713 352.6548676283301 197.52294504076417 399.7392896837573 112.24546719189675 252.81548510508787 193.36896686399996 205.73201245444434 Oyster-Open 0
326.3274524820008 471.4216778391175 237.3569522202888 459.95810500099964 270.36757564019354 203.80453542514675 359.3325851305417 215.2677589519067 Oyster-Open 0
567.8166477735067 466.13330839794116 503.1665920686646 454.01741217715204 525.3985384225962 335.41028774601705 590.0463969637349 347.5259764816559 Oyster-SemiOpen 0
199.36333055557043 407.96968003118087 237.11870446422836 444.35746994235694 177.7902615511266 505.905591038954 140.03540609352058 469.51832886210576 Oyster-SemiOpen 0
77.56706532818498 390.1550740657847 139.1917920261767 418.06439999813387 89.67758829945524 527.3764310962528 28.05321350111626 499.4676773655687 Oyster-Closed 0
544.8834831699787 559.5607288935824 511.1953352810815 561.5694143242131 503.25815202319063 428.4642974784699 536.9446616676578 426.45566086329154 Oyster-SemiOpen 0
373.4097175372881 564.4774545483989 328.80606332932075 500.3966762008875 370.9322546196199 471.0806520173318 415.53574247191136 535.1608052731083 Oyster-Open 0
242.09176946525986 638.8758471440888 131.52657037237077 643.9154190792941 123.13998294725025 459.84176144511764 233.69682400196325 454.80238087617045 Oyster-Closed 0
496.7427511749702 524.3580370290725 550.7113036836381 515.9887172663339 569.3926256103441 636.4244043633719 515.4241234390793 644.793503445255 Oyster-Closed 0
185.5664059999981 7.633331235512441e-12 251.90433225747256 0 320.5410308878345 121.0332172455896 254.2031655817118 151.15570122780153 Oyster-Open 0
421.82218664413085 178.77380178035156 388.7302983765403 177.60038413462624 393.2652188069187 49.71642160137529 426.35674749493774 50.88983286468518 Oyster-Open 0
109.58961259362695 55.887309317914706 150.10041606066807 53.42477359633662 160.5787942038296 225.80083178942775 120.06799285351008 228.26334438647748 Oyster-SemiOpen 0
0 62.222222 81.77574 62.222222 81.77574 243.70370299999996 0 243.70370299999996 Oyster-SemiOpen 0
