266.9669189661363 254.42499351819978 240.92680739151547 252.4727858234218 245.52446481291554 191.1499562357455 271.56431558680197 193.10215419493625 Oyster-Open 0
144.84993130456132 173.59470132657094 144.85014881887764 287.5817808895261 105.45283679646673 287.5815940445181 105.45300362333364 173.59489744923968 Oyster-Closed 0
247.68538500000432 0 247.68542187935964 64.83660642134284 136.89993994652468 64.83655640922267 136.89998800000467 9.855743819185072e-12 Oyster-Open 0
199.78781040445028 238.08443861496332 225.10173926908465 214.362674364688 264.64111521461746 256.55408924738055 239.32730934269784 280.2757272056743 Oyster-Open 0
66.67494282795815 328.4860237847379 26.68000022167689 316.7534483117608 57.01535373904335 213.35201719907354 97.00946019707771 225.0844598316059 Oyster-SemiOpen 0
160.97401832295873 221.82628017603565 219.44928708246152 221.41530912263482 220.54427774324722 377.2074455956489 162.06900910496188 377.61840949248943 Oyster-Closed 0
275.28381981974235 335.26554009465264 197.88542570226127 303.61673538719765 213.26566433534026 266.00717475537357 290.6634290130751 297.6558334757326 Oyster-Open 0
398.470803115124 314.52690208352135 410.49683830678987 382.1401424363039 356.49334551839274 391.74409550492805 344.4678575078433 324.1313355954246 Oyster-SemiOpen 0
237.32518843178696 446.94848204507593 211.0132671498286 435.11415104098745 231.52716018194042 389.51109260595103 257.83872314728796 401.3453297068703 Oyster-SemiOpen 0
449.68004859001667 506.9777495556282 420.2986618480645 511.85581766232656 390.33230776876735 331.3839359744418 419.7121047734254 326.5059997457325 Oyster-SemiOpen 0
325.78474692229065 373.8111764812427 368.214590042553 347.1826492103879 437.6547446155746 457.8154241517479 395.22532627110195 484.443410732569 Oyster-SemiOpen 0
36.309131637608516 478.97909858207584 32.311175842842204 425.0265938348126 111.20079415952205 419.1813934051516 115.19940382284403 473.13319111494184 Oyster-SemiOpen 0
542.7106453364104 0 624.1009142631083 0.05662464402824924 614.5005275116273 100.74365128991496 533.1102622053731 92.983211314036 Oyster-Open 0
218.3654673967976 494.1212371331717 188.20091456844239 503.2527415524027 167.56070546631236 435.0809044816779 197.72455924961832 425.94951366006796 Oyster-Open 0
556.0400235053385 433.38344625674324 588.0166433448903 436.46521035976605 579.4474133887707 525.3655730788806 547.4708003480191 522.2838580809405 Oyster-SemiOpen 0
361.1395069514401 433.33763181406135 410.53740470488265 468.05118444153254 336.03459355668747 574.049221520623 286.6373934930016 539.3365116937322 Oyster-Closed 0
204.96687620776356 553.9436495112438 160.8466114984185 562.2114180779489 145.5988611497014 480.85562656338186 189.71775130245078 472.58799046242297 Oyster-Closed 0
6.600629000022309 623.2679740000091 0 599.1569001413874 47.20287597410788 463.74377273713156 87.5454402178002 487.85409849847997 Oyster-SemiOpen 0
550.7452733076934 524.242320302531 575.7401307747932 526.4609267961144 570.2268191413168 588.5600551986847 545.231965362982 586.3414772897148 Oyster-Open 0
193.7475439417176 543.750053040999 234.4030268064671 541.9216917767865 237.78888682434626 617.1915529037569 197.13340590256848 619.0198844727668 Oyster-Closed 0
339.1178296158614 630.2091676173474 296.55962934470153 626.381367448326 303.2563178912824 551.9539873251096 345.8131325215072 555.7817249200924 Oyster-Closed 0
185.4440064978553 639.6075856041612 139.06770098757988 641.0559200323154 136.22846453174134 550.1336136411845 182.6029135959834 548.6853081307543 Oyster-Closed 0
492.4324553471524 578.1166400217833 516.4723657385912 575.4139002198058 523.6485980184807 639.2268664644976 499.6086942936381 641.9295670089368 Oyster-SemiOpen 0
471.44948015047703 639.6373345311059 431.7800233907474 643.106185815356 425.55700832308503 571.9532180950389 465.2251952270308 568.4844226675269 Oyster-SemiOpen 0
318.56466187833576 133.95493736263472 289.45127296756255 207.61981338639143 252.50210298043385 193.01715345742025 281.61556158163876 119.35245006622162 Oyster-Closed 0
