314.12762713727716 136.7878414058856 369.8557095594151 162.13190237544984 324.27507104497636 262.35445144786695 268.54711614178086 237.01059858063203 Oyster-Open 0
514.3774810714967 267.59366346024814 420.56036352158117 342.8411687802874 319.19273228944803 216.4619282965128 413.00814847272704 141.21548193261427 Oyster-Closed 0
608.4171672643424 254.5057205728897 554.3138549636933 282.753332913234 526.7086728993308 229.88222653774588 580.8115025398729 201.63476708378266 Oyster-Open 0
557.5689851651259 38.527442421199794 536.494862160107 74.07675610524754 468.53473660783493 33.789045897400506 489.60885943481117 0 Oyster-Open 0
114.41283514104725 240.6655198440909 157.96982475170807 284.1157655541268 71.24954209684802 371.0426305498696 27.693169357225997 327.59299198817314 Oyster-Open 0
520.3800289848004 241.37370217870188 562.171787154075 256.282377664759 518.3974124900851 378.98163558978376 476.60576638438215 364.07318391081907 Oyster-SemiOpen 0
304.61736075914814 296.98213524286706 343.18791967394645 302.76505441521203 332.7068318292004 372.66553338935444 294.13628388188954 366.882665239507 Oyster-SemiOpen 0
346.5819369786914 15.154554657548418 361.1060084238852 38.6339095974293 340.0358532055543 51.667657667368445 325.51179014604713 28.188310086833546 Oyster-Open 0
68.8461942502181 414.99285921724953 47.96278210065793 335.9316953672351 137.71181355434237 312.2274394226974 158.5958565967303 391.28760465377405 Oyster-Closed 0
611.2196231989219 347.79844862425824 608.0698650277918 388.6605564429178 573.1921838052949 385.9721823844035 576.3421201488381 345.11026885181644 Oyster-Closed 0
341.6837536262756 303.3636726936005 418.08829743524257 271.6777214296422 474.6286357501958 408.0028711539364 398.22444683959475 439.68820932369624 Oyster-Closed 0
261.6753872685513 440.2129716231973 211.3185409655125 434.8201814018141 225.93107930202677 298.3941536330718 276.28610027393734 303.7868472666962 Oyster-SemiOpen 0
330.046103489949 0 330.0461739466846 93.33333993249366 217.62823454773752 93.33323253386823 217.62834912828112 3.1092384555768e-7 Oyster-Closed 0
616.0219480365777 372.4918958251495 637.3703751173161 375.8526332662259 631.8819625706965 410.712783941892 610.5335395770817 407.35206379000977 Oyster-Closed 0
473.2740903058584 461.5557255615925 417.0180589269148 452.2533111874769 436.34078990478883 335.42070712570955 492.59488704912656 344.7229582697273 Oyster-Open 0
0 423.73232836022163 57.55358834459912 373.238230945429 110.9036406512314 439.1739338873745 48.490407247663825 489.6673430378422 Oyster-SemiOpen 0
509.3722025887837 469.841269 494.3776722707844 469.841269 494.37779642787063 426.6666660000001 509.3721115678636 426.6666660000001 Oyster-SemiOpen 0
102.93098140151415 410.1277928550113 161.55703536853252 417.45222243927606 149.51811411890958 513.7992007520243 90.8920826830581 506.47489344425395 Oyster-SemiOpen 0
425.73502168139385 418.6964632123801 474.36528999518487 427.8097972602311 457.82717605950893 516.0459835131628 409.1969474367943 506.93279210862363 Oyster-Open 0
0 455.238095 26.170122 455.238095 26.170122 552.380952 0 552.380952 Oyster-SemiOpen 0
173.68723396386486 0 173.68723498067993 20.95238072655347 144.15744761870883 20.95237934700031 144.15744899997662 1.9689621324935085e-11 Oyster-SemiOpen 0
167.58188228923245 94.0017075080978 132.23798407503637 94.6427880936615 130.7684142616199 13.620112147472378 166.11219636579335 12.979032624563791 Oyster-SemiOpen 0
44.97598383182776 478.9546726818709 92.97911914502038 480.64128780565534 88.69487650568772 602.5508231988003 40.69174307558569 600.8642495472172 Oyster-Closed 0
164.5373519009445 600.7206750499545 128.53948658856098 584.9812992955146 159.69029707368463 513.7538004546418 195.68715176770638 529.4929222862809 Oyster-Closed 0
115.61966519089765 121.17514483907198 48.581535054254346 118.81922905125256 52.77811935164209 0 119.81586438290833 1.766526397484144 Oyster-SemiOpen 0
200.34000949752226 552.1284796736161 235.2408926782664 593.0538705834174 165.483329208364 652.525645596117 130.58333639623015 611.6010940595233 Oyster-Closed 0
250.24804536376905 642.363634650608 232.03405564869172 603.684134247159 269.2741238904273 586.1529615257159 287.48819857231865 624.8320971944756 Oyster-Open 0
470.4771250129852 57.324149325565585 491.31634355646383 17.407428259944332 641.7449456277973 95.94088115496434 620.9059419153346 135.85741677154888 Oyster-Open 0
275.3776168010518 75.37620772649797 308.42840991223056 69.62404089539186 322.604618247351 151.07703698016397 289.5538301061606 156.82918380641655 Oyster-Open 0
121.2227328724839 96.11504586849007 141.71193460701033 110.86155251621845 96.92489688772184 173.0890205133063 76.43574271409307 158.3425707585865 Oyster-SemiOpen 0
400.2470390327653 112.28225275642812 512.4517664434097 43.45634478206627 615.1527568633901 210.8847769530194 502.94869225501316 279.7098658068946 Oyster-Closed 0
