429.8699203635624 201.73822443989988 460.84455897849693 200.08330419407753 463.17977958016854 243.78938741951572 432.2051414161251 245.44430166498523 Oyster-Closed 0
563.5429991791898 308.0461840149247 540.4722405209031 297.7544681659166 568.0489824827237 235.94015593297567 591.1194645873184 246.23180010412742 Oyster-Closed 0
13.066396729482221 251.85185042313742 60.20333963919256 259.86958153148174 50.69846734004386 315.74628662070495 3.561536183406133 307.72860364386025 Oyster-Closed 0
100.31465791762457 242.0944277552553 170.72684681530518 232.29508702198308 186.65804938449583 346.7605438548944 116.24588418511848 356.5597604691691 Oyster-Closed 0
260.60475949998363 397.3544010268915 195.45060006770655 380.5231876637747 237.6665136131487 217.1225699707003 302.8182706174266 233.95345597766715 Oyster-Closed 0
617.3745523881371 326.1974525219558 599.9158297438407 343.3757748112431 560.3662100824295 303.18342718001065 577.8248148982675 286.0052181570589 Oyster-Closed 0
327.3174393939553 253.62229163429942 375.7577498723549 276.3187205695419 325.66003092848405 383.2329360849823 277.21992089886044 360.5368226806705 Oyster-Closed 0
195.38451870343124 417.20124350160074 151.12838132212346 410.6532413061477 174.39430013066158 253.42625620094566 218.64867068965395 259.97412357330376 Oyster-Closed 0
383.5301619240636 407.88713046716543 317.0782039802725 386.96472759574584 353.18686653350596 272.29387686558204 419.6368658442225 293.21594038883626 Oyster-Closed 0
402.02863025057013 296.0327305652442 437.74580051169323 298.4668586285088 430.08624037865957 410.8496730062754 394.36907383293146 408.4155809269209 Oyster-Closed 0
483.82250879731146 74.47414785159658 442.8613700492133 100.13539557453487 384.8822878344072 7.587781255216747 425.8433204837638 0 Oyster-Closed 0
117.66038719244534 396.276603854157 73.3991777960182 408.3828852742439 52.866288928853464 333.31930107828 97.12660801196762 321.21314863700127 Oyster-SemiOpen 0
58.78611543477746 23.1623743885195 86.45024876168463 18.587302585910287 91.92991427589732 51.721227396045634 64.26578147991677 56.296297086013816 Oyster-SemiOpen 0
529.6603954695456 0 590.0979979999829 0 580.3611443426053 84.18056888021951 519.9235399581084 77.18998995436425 Oyster-Closed 0
577.4090879519645 412.86985539923535 546.5440954434598 403.22918186653993 566.9693365642888 337.8449958174584 597.8337817174906 347.4855776905564 Oyster-SemiOpen 0
441.94876049070444 490.8856061789357 424.64708809267904 492.1465354179585 417.5240944405232 394.42034600389746 434.82522193757177 393.1594364342218 Oyster-SemiOpen 0
0 425.925925 21.781652 425.925925 21.781652 462.962963 0 462.962963 Oyster-Closed 0
250.4647071074578 402.2241697266585 322.24688723254076 417.1709374779286 295.9492198256339 543.4458616221407 224.16714426224644 528.4994335396864 Oyster-SemiOpen 0
3.269316328878631 472.3844730905686 24.30376101467118 465.62712155217645 35.45387049605779 500.3294874021791 14.41944618767593 507.08679434198535 Oyster-Closed 0
230.1254639220133 477.92839172681374 246.738953451204 491.00411168794346 214.94621477781038 531.3909390903073 198.33283732608834 518.3153453397592 Oyster-SemiOpen 0
117.83032798055501 464.27679467840005 176.34516361089482 487.77262823381295 108.20786080876132 657.4254505623024 49.693519106149324 633.9305156042376 Oyster-Open 0
213.4689298956073 617.615763808602 190.3982746150723 615.637423484311 196.4809106625762 544.7264399700719 219.5508548225189 546.7047494872065 Oyster-Open 0
252.77531365733012 540.8436174605196 298.6706539296574 533.2756785613898 314.016237869364 626.3156869438292 268.12093506901874 633.8834713500006 Oyster-Closed 0
298.4410897836642 639.9999983706449 298.4424290947936 556.2956260620142 344.674304272703 556.2965829159969 344.67382785733207 640.0000903147885 Oyster-Closed 0
376.7447521991562 639.9999920232993 376.74606831831625 571.8511393617171 435.47360379954625 571.8523421679529 435.47319149321993 640.0002906909993 Oyster-Closed 0
84.25086885406927 112.42150716328707 57.715471683332 110.43210416174146 62.628826525906334 44.897068493119946 89.1641236389114 46.88646776364241 Oyster-Closed 0
22.27526967864833 35.68163068468631 57.39261907445325 32.860768765295525 65.2302303716715 130.43201638227305 30.112882277098834 133.25286969413526 Oyster-SemiOpen 0
587.7445726512815 45.25371571248748 628.9812119206908 57.24682867762316 591.7534768656333 185.2480679208796 550.5168623726058 173.25502209207443 Oyster-Closed 0
154.00718620941916 165.56430052052553 164.50481421932636 58.48010285919422 267.5285297476512 68.57964269547129 257.0314348410466 175.66333452599363 Oyster-Closed 0
99.43701807518664 77.50921434171889 147.381334754391 70.52001978501832 160.22752680786652 158.6412904172496 112.28321606431564 165.63045761418198 Oyster-Closed 0
305.4738569379697 134.0132451678727 329.0107159506442 77.6978349122481 421.98659724992467 116.55641192802376 398.4500497242698 172.87155808431947 Oyster-SemiOpen 0
431.5476372827834 92.50828356486068 490.04829206991417 67.52175513471676 544.2224387778697 194.35757949191313 485.72189220758446 219.3439240609837 Oyster-Closed 0
126.79321852461726 162.16297117069723 96.82919819431845 200.81479108689513 44.475105972305755 160.22899446680276 74.43905656698917 121.57732583241918 Oyster-SemiOpen 0
272.066198898101 134.1660594474779 361.7717981194437 115.52542277807862 382.68821053519787 216.1810636473641 292.98265105731844 234.82157545996404 Oyster-Closed 0
