473.325648 133.333334 514.024731 133.333334 514.024731 231.746032 473.325648 231.746032 Oyster-SemiOpen 0
142.27478612978302 117.11344384984514 200.59915217148955 105.9633783443725 229.9438934081263 259.45811127939584 171.61956159492547 270.6080538620026 Oyster-Closed 0
43.710783296992304 255.3130622506884 77.56385314387444 197.4342314702766 146.209079740147 237.58294093436874 112.3565002498799 295.46134604751444 Oyster-SemiOpen 0
446.2378059433104 318.4835753901695 407.4367121874093 331.7055705162222 374.0678646052402 233.7867424532196 412.8682153095724 220.56488401086241 Oyster-Closed 0
249.25302082890994 332.31233693560523 190.4431002052297 325.9534714083959 201.5089558368345 223.62330604105875 260.3176298213657 229.98210335575394 Oyster-SemiOpen 0
242.72498496466142 217.36276622200842 292.6185802591499 216.32377004575898 295.2281518984091 341.631309545788 245.33455710479757 342.67029211813593 Oyster-Closed 0
425.3623130086635 248.55255215651184 463.59226338012377 250.50664673075016 459.06406843831064 339.0910810337165 420.8341194190143 337.13700528968354 Oyster-Closed 0
168.50409453742031 340.2985081202428 112.31164152464771 332.1074089538149 124.05417884758208 251.56036271450174 180.24564561266743 259.75138907648744 Oyster-Closed 0
458.58564253503573 345.9029851200452 428.27707980846753 378.1778171126129 358.82123799441615 312.9584047259382 389.129472953573 280.68395634736197 Oyster-Closed 0
461.69254283035116 310.66953293062494 493.6152395691897 331.2422349068563 469.730821932244 368.3004593600145 437.8082155863376 347.7278721542646 Oyster-Open 0
431.03314778069034 44.078450743305964 395.3700531845243 86.14084837370837 336.95394465823483 36.61207844424553 372.61701719449775 0 Oyster-SemiOpen 0
282.68775552671286 361.9607491608389 317.69701434124727 357.0400203414337 331.2632786054746 453.5480040581239 296.2540352207725 458.4686600135634 Oyster-Closed 0
454.22382054246555 387.3775091514812 485.8070666135609 370.3311019964633 524.8478372467071 442.6563595988136 493.26474375448015 459.7025501533001 Oyster-SemiOpen 0
562.1449503762415 440.1829619578524 541.1624069399113 441.20876498363515 538.7829835983575 392.5409288724778 559.7652114483935 391.51513356695835 Oyster-SemiOpen 0
219.2142066375527 367.992182702881 263.5210675695271 357.6130394290607 288.8828937620565 465.86547294620124 244.57609632336244 476.2444361798527 Oyster-SemiOpen 0
516.314634076407 506.8970972475638 497.4605681992398 503.5174288343831 516.1361034426227 399.35135574145954 534.9895208054659 402.7309650761738 Oyster-SemiOpen 0
233.2903301978513 434.30734879483964 246.5237378788879 472.5312360027386 174.09936038253363 497.6003184873018 160.8665480464697 459.3769351902846 Oyster-SemiOpen 0
0 402.539682 49.717811 402.539682 49.717811 523.56664 0 523.56664 Oyster-Open 0
161.16444909734128 484.23696365566576 199.27969169890275 482.0942313469061 203.6243820492382 559.3632204197537 165.50914200743136 561.5059206160024 Oyster-Closed 0
217.08438818561262 527.2641938618972 230.77362052732497 536.3589951431617 211.34928089981258 565.5894158308959 197.66010074650694 556.4946794924051 Oyster-SemiOpen 0
389.63078480781405 506.73031605496533 429.3027771217021 524.6808018540967 395.18201314189355 600.0732112572675 355.51020389546466 582.1230310017457 Oyster-Closed 0
288.4624829727545 130.3110201326088 227.73727867934213 109.94379351315969 269.64860980595404 0 330.37348175101215 5.352799468661215 Oyster-Closed 0
335.3117836435558 117.3668443141449 303.24541314730595 114.85095953089191 309.795314703224 31.37029221466705 341.861535157077 33.88617102300821 Oyster-SemiOpen 0
170.27569021025556 59.951712836821514 183.06568908730696 56.144368643008214 197.6266486532404 105.0587411322441 184.8366523108416 108.86607939530903 Oyster-SemiOpen 0
193.7977818645595 27.557998011421823 234.87754940964805 16.715695485457612 266.91497521533165 138.10001377014765 225.8352262552944 148.94227547299016 Oyster-Closed 0
413.45578182030295 45.16242276516141 463.47980359292706 32.37703847477792 488.2287217749399 129.20911763801678 438.2047156428598 141.9944601492367 Oyster-Closed 0
