539.9200888180349 178.13024452742297 622.9774593317416 172.94132972507285 632.5978034246509 326.9249619300434 549.5404402553686 332.1138014432345 Oyster-SemiOpen 0
429.13299091647787 279.6021330529233 506.48034280406137 277.8626142381831 509.34712816750107 405.32350770436756 431.99977718257287 407.06299826581903 Oyster-Closed 0
523.0895831717498 299.13368898363626 563.899237603764 290.4659027462576 598.7377460410062 454.47693940061066 557.9281552551402 463.1445215274442 Oyster-SemiOpen 0
398.58587533963146 428.6712208161531 341.67511858875514 484.7525049095759 236.77757518322323 378.31499883911806 293.6870672402438 322.23494324058066 Oyster-Open 0
167.40812726646254 539.7363736842867 105.77125361189246 506.815967964483 202.32017391819682 326.07862784320605 263.9537999462482 358.9979744035494 Oyster-Open 0
516.8611815272016 446.6480658307685 576.4182331634947 423.807753233017 630.7586805934989 565.4779034801281 571.2019785843586 588.3175616102084 Oyster-Closed 0
217.90446662904287 456.75153173577905 284.66811814781977 497.8024558167955 202.85388614443946 630.831969570552 136.0912377548084 589.7823559075898 Oyster-Closed 0
0 432.136752 148.631882 432.136752 148.631882 640 0 640 Oyster-Closed 0
161.68111080682138 164.0456227842854 97.22279817324306 158.86788854716 110.38495030668855 0 174.8427007340797 0.19402752263384868 Oyster-Closed 0
533.5656315967208 36.162753966734286 582.3746649656823 28.25469669058895 600.0910911191022 137.60115946485217 551.2820651510265 145.50918849693522 Oyster-Open 0
1.2819820000004256 1.1290969119195484e-12 72.86966598978324 0 170.58580611963407 211.85609373530522 98.9982782908919 240.89433893586016 Oyster-Open 0
497.4548466000124 27.064379995891493 548.7415893081197 28.728096656691555 543.5042792750755 190.17547090070548 492.2175368653552 188.51176507858668 Oyster-SemiOpen 0
0 10.940171 79.386462 10.940171 79.386462 225.641026 0 225.641026 Oyster-Closed 0
172.36834268427629 0 285.9190543313889 2.3138216425530516 254.19023935908626 335.24120482718195 140.63954397148336 324.4199362642695 Oyster-Open 0
547.5420073778514 204.62105414027178 528.995557603339 164.3973398617771 603.7471203289897 129.93133619322572 622.2936245510937 170.15485021765087 Oyster-Closed 0
