235.9214245990006 267.05157323155936 180.64371318811027 266.328758868006 182.80944097459724 100.75949674974318 238.08589927917637 101.48230291278705 Oyster-Closed 0
566.49930549298 230.14859889677808 530.7408035278058 197.29900746439148 591.0371486148506 131.66513975256623 626.7954119275237 164.51453407100644 Oyster-Open 0
538.1276071150205 283.23691296274 485.27654413606797 279.6129157364478 496.8211611777224 111.26612212120541 549.6709498636483 114.89007616518487 Oyster-Open 0
152.87770042610646 278.1615765609032 105.40712982932746 286.5903613467512 88.3468723695114 190.50962361270595 135.81665765857906 182.080909977349 Oyster-SemiOpen 0
237.0135026407661 212.84866460020592 299.3322511561564 231.06921735170351 272.1957327765267 323.8779444780625 209.8770565225277 305.65756702452484 Oyster-SemiOpen 0
262.68316709058126 214.6175052744941 306.7475081887096 211.3731060744239 316.0136207499454 337.215981386803 271.94928459961375 340.46033862443204 Oyster-SemiOpen 0
396.25151526102854 231.2278171641221 432.4978625462245 221.48091732021115 459.8392719213007 323.1517852959325 423.59296646507573 332.89857993124457 Oyster-Closed 0
184.23170139336435 313.9344147340427 137.3389450641116 307.05641545437027 146.31446892977692 245.8691985409285 193.206622521393 252.74715246965746 Oyster-Closed 0
438.7878325474594 254.43712341340333 477.8996915260359 251.38283941423612 484.34172229994147 333.8718378620082 445.229866499576 336.92609432954055 Oyster-Closed 0
387.30681892760913 65.497349992163 382.10635879804613 2.6273957062911073 445.87856849357195 0 451.0790709205321 60.22221323995751 Oyster-SemiOpen 0
383.53906803815335 281.0671799097801 440.70419514158857 268.5679420811905 462.8569364736177 369.8759284733938 405.6918600029894 382.37500804717797 Oyster-Closed 0
477.271144584156 313.015822913293 513.2241320410685 343.4169871405322 485.1148607048526 376.656418384414 449.16202777720173 346.25542281581835 Oyster-Open 0
569.9886085543403 448.48151077682155 524.7395015884103 431.6517159346024 566.4924152898311 319.40923554538085 611.7401044612052 336.2387361493174 Oyster-SemiOpen 0
302.1203328426782 4.015366537637525 330.050931497899 6.342043999294252 323.7027985620807 82.54811111545752 295.77220016610227 80.22143664813336 Oyster-Closed 0
243.6770001672994 364.1382859528099 283.9800411074975 352.1722402886403 318.3425386626186 467.89537234594883 278.0395934603439 479.86119407154195 Oyster-SemiOpen 0
471.48475883666833 396.9454699676999 498.4382272257062 378.4975159006371 539.7199110670772 438.80491746127524 512.7666167663847 457.2526616177459 Oyster-SemiOpen 0
188.19740121791256 385.32573497919395 258.26330244672135 389.63423133494047 252.65623085186235 480.805776872863 182.59033625516167 476.4973438447324 Oyster-SemiOpen 0
0 370.61296 65.128348 370.61296 65.128348 513.015874 0 513.015874 Oyster-SemiOpen 0
532.9770257228665 400.9953427660331 553.4678580188483 405.5032027634314 530.6259767576557 509.31748447906443 510.13517039624276 504.8097055498767 Oyster-SemiOpen 0
326.17273692332674 427.7139633189347 376.3682953706302 420.9412907250579 391.77569195271644 535.1144643819596 341.580161833117 541.8869968863534 Oyster-SemiOpen 0
337.50785094605817 0 337.5079321789235 108.57148272208718 267.89096763277485 108.57140910065507 267.89104831921577 0.00005079341854579577 Oyster-Closed 0
373.8143762605614 28.506403934063012 394.7725221541623 37.23568967343732 377.3229039522266 79.13039757298331 356.3647623563156 70.40111970684293 Oyster-SemiOpen 0
236.13421470967296 521.8403542170084 245.16455439850688 530.123182625713 220.2030136702524 557.3315132335767 211.1727331062866 549.0487462320126 Oyster-SemiOpen 0
417.32372235535877 596.2854669589494 380.89849200499884 595.4322737032395 382.85579099407187 511.91884378111297 419.27976239749114 512.7720222430858 Oyster-Closed 0
342.6429404908413 24.737988032526637 372.278578829646 33.90305534361559 349.2803111973626 108.26870600427142 319.6446809642657 99.10365695630756 Oyster-SemiOpen 0
189.91678084763407 48.20957851162723 206.12881848486722 43.65166563376835 221.0708988938859 96.79896848377666 204.85886397109425 101.35687453780133 Oyster-SemiOpen 0
503.52135267981794 137.01356407638738 446.5732191972347 133.17103040509403 453.45692542665347 31.155174755020603 510.40466294922226 34.997694275809806 Oyster-Closed 0
465.0362750000204 0 465.036277570689 27.30158854934079 427.94486637067166 27.30158595702259 427.94486899998446 0 Oyster-Open 0
318.47888417571085 187.39560059991538 290.8567555145419 178.20353421968707 319.1590881916636 93.15696015283685 346.7809898057021 102.34898649512503 Oyster-Open 0
