189.26828066512826 243.48577056910617 132.87355861357355 248.36409515762335 124.20385966033791 148.13882016233998 180.59774949666462 143.26053208689228 Oyster-SemiOpen 0
291.3196406100178 328.89793379493415 210.29152837574657 307.4582850053104 248.93503552957554 161.4224994449668 329.9610238258174 182.86185171720695 Oyster-SemiOpen 0
195.9067932436301 198.8214917278576 279.38533485554217 220.7250534171467 236.98940320689871 382.2942613472464 153.51099385618 360.39109395394576 Oyster-Closed 0
86.95337800000001 276.543211 161.370023 276.543211 161.370023 478.0246920000001 86.95337800000001 478.0246920000001 Oyster-Closed 0
419.33282314726966 372.123747971518 466.5698733296449 313.69789471614604 578.6254756829294 404.28521417861873 531.3897522447223 462.7098422502186 Oyster-Open 0
448.7847590672027 492.0773030164438 304.79393357396475 513.3812480517064 273.9545303534396 304.9364866202468 417.9366142919025 283.63319312529006 Oyster-Open 0
272.91869363405567 635.9996606611439 115.29042105386907 626.9878142181805 133.81017853353114 303.27690968362504 291.42000889121846 312.28821563388743 Oyster-Closed 0
639.9996870850737 450.3698536362957 640.0007618451491 640.0001389099849 593.732146755865 639.9991491778861 593.7328285045078 450.3705765137746 Oyster-Open 0
0 0 166.923505 0 166.923505 169.87654499999996 0 169.87654499999996 Oyster-Closed 0
273.25318900242564 166.19280058183617 171.05034421445453 183.8733058260015 139.5134994127875 1.5714048201099897 241.71519666109816 0 Oyster-Closed 0
331.01286460754636 162.5578152181697 264.18643284814607 173.37393739151145 249.34522826835746 81.6781818839327 316.1710946549283 70.86210692888606 Oyster-SemiOpen 0
608.980588 57.283951 640 57.283951 640 209.382717 608.980588 209.382717 Oyster-SemiOpen 0
321.40411412685353 0 460.99393324569974 0.14075291439472631 458.25578093877994 319.10491831283315 318.6659602483269 317.90664795805617 Oyster-Closed 0
