104.82619054047973 141.04850755551297 126.03542381999432 154.80862736751328 81.658189477821 223.20803684513803 60.44901673194545 209.4479927934666 Oyster-SemiOpen 0
500.86458185629454 49.573719050514164 472.92823114272323 52.300929528421605 467.8895989983721 0.6872939305285665 495.8259242447093 0 Oyster-SemiOpen 0
376.3709340558853 169.55605993146523 484.3972029600991 94.89746994657105 586.375829499666 242.4508927985912 478.35036978212884 317.10847320121326 Oyster-SemiOpen 0
586.9950149932993 289.9147882990237 553.0916910959058 296.846646641758 529.7601041715097 182.736218161651 563.6627537800814 175.8044308490088 Oyster-Open 0
288.68112431613554 188.3032927941801 346.55070238113694 209.9954267360883 304.4862523021584 322.20830354810073 246.61679865326732 300.51641633809373 Oyster-Open 0
493.97543557141034 301.4490899205323 401.8064489324752 392.5328648666942 289.4403754395171 278.8331929553771 381.60775891046796 187.75095768934426 Oyster-Closed 0
575.4581120636431 328.4856648895966 559.304594913774 327.1881905917042 562.5318553726538 287.0128801065393 578.6852245783666 288.31034844252264 Oyster-Open 0
496.13962066599925 0.019616648447904693 527.2668692317529 0 527.9264349702862 72.46305491556161 496.7991864124633 72.74535430459574 Oyster-SemiOpen 0
246.23643200000515 0 246.23649301756814 86.15385107305308 167.44586266220722 86.15379998879948 167.44591274211416 0.0000061722657336799196 Oyster-SemiOpen 0
65.5756842779374 413.6922293802579 24.60952497254766 383.5724023887781 102.81059699656907 277.2211097418593 143.77584131296317 307.34044833327147 Oyster-SemiOpen 0
496.6560791781376 278.81212472804896 538.7830250898696 291.16966734992184 502.4586478272977 414.98903629028143 460.3317891887127 402.6317014811133 Oyster-SemiOpen 0
358.21514499999466 0 358.21520216806675 79.31625166159519 277.4008659960964 79.31620989266516 277.400906123803 0.0000010885780129162162 Oyster-SemiOpen 0
290.6219183057692 413.274666204587 278.07499384711264 335.6758580736075 321.4440318720881 328.6643817127555 333.9913348020491 406.26271131787126 Oyster-SemiOpen 0
598.567730560826 402.4036472407553 564.7971575844713 400.94312751128837 566.6046151609771 359.1602180030054 600.3747893450782 360.62072910500234 Oyster-Closed 0
607.2042751393747 388.8796221100802 628.9096842892468 389.23854029922944 628.18438496608 433.09530687831216 606.478975866703 432.73639109519445 Oyster-Closed 0
200.18354056257522 350.2420289738108 264.63344135503576 346.0286621605868 272.7159222548653 469.6482953054015 208.266029111619 473.86158249378843 Oyster-SemiOpen 0
314.535038935428 338.3288330635962 393.98628994640603 306.6513929360066 454.7103779106692 458.9397512600064 375.25956228986615 490.6164168107547 Oyster-Closed 0
45.387971415548236 536.3137958311821 0 489.73482662517057 96.73581887320324 335.87282874085423 159.5299047647859 382.4503180678488 Oyster-SemiOpen 0
461.28675633073726 403.38785996267166 482.9939853586984 410.09144985412945 457.25368421502935 493.43028298826255 435.5464975322684 486.72679063601385 Oyster-Open 0
479.34666877248674 467.98702046913684 495.12645631155465 468.55936046385705 493.75995496135147 506.2281928824527 477.9801676473289 505.655856786131 Oyster-SemiOpen 0
85.088762 456.752137 142.759525 456.752137 142.759525 552.478632 85.088762 552.478632 Oyster-SemiOpen 0
413.05525404364744 566.1328129602581 373.5166484173533 540.3955084557365 422.236052442895 465.56713425111 461.77365439718415 491.30399791569084 Oyster-Open 0
478.57576599802996 503.65579490620286 494.8844997792912 504.0225286033982 493.5448840231402 563.5833299583569 477.2361503926368 563.2166005841534 Oyster-SemiOpen 0
544.2424368639331 522.9294967778638 575.5628622755466 524.1191600781676 572.8684195091046 595.04011745864 541.5479949476867 593.8504717050755 Oyster-Closed 0
307.7074783925491 644.9167317797462 268.5586387030344 639.8382976388754 275.3351192273112 587.6179717362141 314.4830255238048 592.6963445631221 Oyster-Closed 0
319.3959142280073 140.77893955621275 247.9394527853583 162.22423537005835 203.3623990196793 13.6919827309885 274.8181924599339 0 Oyster-Closed 0
449.48076063519693 97.66124646897651 461.34098931754124 47.901922606359506 532.8714894838777 64.95126830163225 521.0113872878719 114.71048358380537 Oyster-Open 0
114.24489963806991 57.45349987762363 146.91131983912783 55.81351328827828 151.0751078830799 138.75031041831807 118.408688113268 140.3902920025428 Oyster-SemiOpen 0
119.48109705394018 163.9755117580135 42.515155258079176 190.60735916614385 0 57.080135804894425 73.27688714336546 30.448443163506063 Oyster-SemiOpen 0
449.3251590488944 104.21722290047083 480.6318906720844 51.17035674210417 612.5328572628496 129.0136764172497 581.2265148798906 182.060198081963 Oyster-Open 0
252.27175164844084 126.26821315209051 278.4793565111613 118.72389006025584 304.52971838029043 209.21647985303906 278.3221310497174 216.76075915689296 Oyster-Open 0
