640.000050572271 211.353906 627.3125850446377 211.353906 627.3126470840361 143.03030199999998 639.9999991189543 143.03030199999998 Oyster-SemiOpen 0
645.7322361338447 211.03657817282087 605.433157442094 236.8212690230604 549.8828292681719 150.00309988974652 590.1814746004675 124.21859520840349 Oyster-Open 0
278.1974545289995 256.48522944721236 215.53086165644345 252.01082620079785 225.024258983467 119.06332227394421 287.68973313461174 123.53768642367703 Oyster-Open 0
617.8020762630331 282.87768960411796 601.3102438984788 289.8322483691821 578.2742951997352 235.20811879487408 594.7659635110904 228.25359923676746 Oyster-SemiOpen 0
470.57674488933117 203.7413443451244 522.8241319829976 202.6533200751211 525.4563201091514 329.04612426508925 473.2089337994694 330.1341348599851 Oyster-Closed 0
421.57538595922233 342.12828023242014 354.6996255025442 346.5519507608212 346.5256761746423 222.97540959205438 413.39972949666844 218.551795100388 Oyster-Open 0
531.6894412493275 68.88726863496001 500.54955306084594 65.38534201935393 508.22181565206847 0 539.3616589462181 0.6641799377694558 Oyster-Closed 0
45.43177950086829 386.6808184684695 1.1476275734457886 387.5700382169291 0 280.09300172148295 43.27290119967074 279.2037941985656 Oyster-Closed 0
35.24144820024958 320.0226945817258 76.10089477471774 303.61364856251265 108.56502204522258 384.4442249103437 67.70567763895087 400.8530837283834 Oyster-Closed 0
272.68575524241896 410.21802550711607 240.8009431611572 386.15839707235267 302.30133189099433 304.66401730321587 334.1855710092932 328.72332410889317 Oyster-SemiOpen 0
70.74091812726692 443.0260977439792 18.832579645313672 453.1770131109762 7.705626504030079 396.2826220215537 59.613054784422275 386.13179800874263 Oyster-Closed 0
602.5539494005352 516.4798758466707 623.6872338067769 536.7915107436115 594.9679573547473 566.6658642137843 573.8348393706838 546.3543985956724 Oyster-SemiOpen 0
508.2552742229018 599.2687914170265 486.8343440550234 597.7621662007068 490.60911737688 544.1099501765073 512.0295611304755 545.616558261622 Oyster-SemiOpen 0
116.1505869343091 620.415512147683 75.56706291135924 643.6785664806696 41.853536825219635 584.878860410321 82.43607999997039 561.6161620000161 Oyster-Closed 0
354.9981422642304 639.8707497361938 314.3236562007951 640.6034795753988 313.02359444824106 568.4212269784246 353.6967625242687 567.6885090069544 Oyster-Closed 0
351.45830071494856 639.9999908552949 351.4586072754173 615.7575108272837 387.4961272777 615.7579315727578 387.49602499912726 640.0002069752408 Oyster-Closed 0
0 117.171717 57.366765 117.171717 57.366765 185.050505 0 185.050505 Oyster-Closed 0
350.86204590523266 227.35559221911686 286.3232710660668 197.78683629578123 340.45020753197605 79.6491575273117 404.98818362619204 109.2177025633304 Oyster-Open 0
490.0792585585441 37.69870733965038 467.2245841041149 34.89206110060283 471.8541452631325 0 494.70880799999577 2.751179799465942e-12 Oyster-Open 0
