592.3093909999443 157.57575800001405 616.7544781598554 145.63351426003476 647.669091637581 208.91250350465586 623.2240409055521 220.85468956939778 Oyster-Open 0
523.4613012556656 256.2845326665858 467.46771647347487 253.86273798860472 473.29003335857124 119.26331841538241 529.2824995423871 121.68508791444586 Oyster-Closed 0
247.78292463961407 159.36098149421332 305.80997916244087 171.01347055956091 281.8005428797187 290.5714543158132 223.77352223986236 278.9190846267135 Oyster-Closed 0
93.04017258065869 204.12110894886138 135.01992452322156 184.95834193937668 173.9003850557492 270.1303860204934 131.9207291174098 289.29299559142817 Oyster-SemiOpen 0
360.5549341029837 211.22570018126783 403.3654867113364 212.11721519365625 402.02095564432966 276.67890364495935 359.2104032584757 275.78739386901503 Oyster-Closed 0
103.48512638011016 293.58497480737134 39.272850862616906 348.33544304412305 0 265.595642025665 32.93282902355713 210.8458187943288 Oyster-Open 0
279.90797484875657 309.0162490358048 235.96503629938525 339.6717405097101 184.34494480206922 265.681395414366 228.28728704822424 235.02619702008076 Oyster-Closed 0
371.0808286111569 313.8742834659555 344.0585553825804 304.33421522898345 360.1881384039734 258.6503417448912 387.21015920484206 268.1903613864291 Oyster-Closed 0
181.75292833642743 339.1879096890966 162.0172683592682 332.0748514034437 181.87322516903805 276.98755486148747 201.6086454208562 284.1005657408428 Oyster-Closed 0
172.81254068300768 345.05051468758467 157.32828750478802 342.45000889324564 168.28951013740152 277.18884235677257 183.77353129995754 279.7893282694041 Oyster-Closed 0
319.2593211588246 232.00845638257567 392.6693276207516 347.2338513039535 304.8760304722964 403.16117696604 231.46765626799606 287.93722002987494 Oyster-Open 0
84.03198749649164 377.7236368947871 49.788571629615035 366.7219511279757 67.85905797209125 310.48244565477705 102.1019905533467 321.484047319339 Oyster-Closed 0
439.99154218807234 401.5690002414633 360.55366380540363 397.94769636276243 364.8052494237345 304.7145651701015 444.2412196177611 308.33582602821673 Oyster-SemiOpen 0
92.82687892555259 363.49288515757394 103.47733073147538 379.21135683326725 78.70067530042434 395.9975281842458 68.05029812116118 380.27912281452154 Oyster-Closed 0
119.75075714442937 438.6441482343715 90.10313277081877 434.2958431861387 99.41390039581165 370.8233980348207 129.06095860875212 375.17166074742653 Oyster-Closed 0
519.6204513601697 354.0507370721718 594.7033020774688 358.7411117611323 587.9653901664278 466.5879252453477 512.8825462301756 461.8976277386354 Oyster-Open 0
0 425.858586 15.598486000000001 425.858586 15.598486000000001 473.21827499999995 0 473.21827499999995 Oyster-SemiOpen 0
18.10891162022017 501.01512201839654 0 497.73979169650534 4.81984768222901 437.93682693322324 26.957878000030178 441.21212200000446 Oyster-SemiOpen 0
340.8673583271593 420.34293716059864 376.3482371135615 422.889366114172 367.2689562701271 549.3752711371485 331.7880834436073 546.828900642101 Oyster-SemiOpen 0
551.53920967452 460.93126762804224 587.5416511626099 452.4978672507225 602.8020654631837 517.6339045149437 566.7996590302209 526.0672021339418 Oyster-Open 0
438.5313167957793 107.90313132613312 363.55992342585523 117.3403945216744 348.86013171009836 0.5613145248997332 423.8310887402622 0 Oyster-Closed 0
456.3601005081 627.0280737013936 396.08080730351503 612.2029124432223 427.2644899748411 485.4471442970528 487.54066079818585 500.27190320545947 Oyster-Closed 0
144.1274879986304 540.3253634908205 167.63949834894447 542.9688554371229 160.9135849386803 602.7769145565435 137.4015802575741 600.1334564613587 Oyster-Closed 0
510.9928900219529 639.9999495794557 510.9963821609563 538.987684638647 622.7714577675215 538.9916375868207 622.7704443197581 640.001400361896 Oyster-Closed 0
296.8466089443973 643.1461582731961 267.68709111449425 630.397118426943 295.56028097744274 566.6644531752712 324.7190079043503 579.4132947756274 Oyster-Closed 0
458.7342331392574 639.999999999713 458.7359241377999 547.8784095468073 510.53394015179947 547.8794968654975 510.5332996005018 640.0000462705334 Oyster-SemiOpen 0
329.2972469884262 601.6637389068493 339.1276156069216 620.658887583984 307.02574315881066 637.2673058935542 297.1955595162581 618.2723156396057 Oyster-Closed 0
225.4840458957915 36.70088518688517 262.55507832240255 19.33040422176234 304.562470461824 108.97981014497162 267.49146882619243 126.35024443380905 Oyster-SemiOpen 0
540.6758278331108 169.79490566869538 502.8572728665313 163.41548730220546 526.9652555537323 20.501237789043746 564.7833826110582 26.880616609988955 Oyster-SemiOpen 0
145.69312500061642 43.594969545336156 239.44401220716827 59.40931831910403 211.54935186859802 224.77291846675746 117.79850395018002 208.9587063500668 Oyster-Closed 0
436.91010591661325 220.66801008181483 360.05390153775807 204.3425077171923 385.13228867064754 86.28476919376097 461.9874718564097 102.61015978669933 Oyster-Open 0
288.89162825427775 91.94618943045448 349.9243798902171 82.9152982120973 370.68364335740625 223.20881971220146 309.6509076790244 232.23963415387271 Oyster-Closed 0
185.4173441187595 363.06888072366945 251.71388658905926 316.042833493943 318.3009617148491 409.90682979045334 252.0050711564545 456.9320962552897 Oyster-Open 0
580.4577058947325 239.7466072586891 615.6823080325557 254.5965839745483 568.2841986650601 367.01903952371885 533.0597142445913 352.16926565784433 Oyster-SemiOpen 0
114.12429574942507 134.7526692273306 51.673448253641254 159.95800932486526 0 4.472372068698063 51.36923255980946 0 Oyster-SemiOpen 0
