169.24742806375434 58.306798888851944 126.90203115795157 53.20457677887618 133.89214745875506 0 176.23749567042978 0.29327073874522547 Oyster-Closed 0
543.205866656499 192.64126715119104 553.8326939953549 233.47100432042208 497.7555275717168 248.06553162798534 487.12892487114004 207.23598715391634 Oyster-SemiOpen 0
441.2474582897994 276.97262281855086 414.4083011899784 280.9811123425069 398.59740928899555 175.12068907938567 425.4361041573429 171.1122340117944 Oyster-SemiOpen 0
93.99459730178933 229.42863079465542 79.11613871852751 269.4964252725504 19.810274438059423 247.47497306810305 34.688827999998466 207.40740800002595 Oyster-Closed 0
236.52254988977802 322.37940980984524 137.38005962972238 355.21529718014364 77.1174582097592 173.26748768612907 176.25707776453055 140.43208222919563 Oyster-Closed 0
495.35776037097094 313.2077576356178 463.41895160177955 293.53955541602033 499.2068280939566 235.42801265698807 531.1453022735805 255.09608055341448 Oyster-Closed 0
78.16211758647114 273.4253662870466 109.68161963181046 267.5180796022574 122.21146520852926 334.3692674192308 90.69197627162794 340.27650867551483 Oyster-Closed 0
553.0624806071864 367.64488485014726 500.2884651419299 365.2711311706733 505.41163943358697 251.40009793420745 558.1842852220143 253.77382093994066 Oyster-SemiOpen 0
183.4736684933887 266.21249196368746 254.44224456317897 273.99821897884664 241.43981225985044 392.5092753736604 170.47125295684964 384.72366187546265 Oyster-Closed 0
301.44324748500367 446.7768657083204 247.57127689073968 433.92710291441637 290.3624007514736 254.55097850077857 344.23198169635725 267.4004509829648 Oyster-Closed 0
110.49384199999622 0 110.49384697638743 31.85185271775412 58.483067468114314 31.85184797862764 58.48307216925605 1.5426655702228549e-7 Oyster-Closed 0
0 304.444445 61.762048 304.444445 61.762048 411.11111100000005 0 411.11111100000005 Oyster-Closed 0
568.9375857085543 426.7294212225582 487.3328361743188 490.04475179690763 356.51587922919134 321.4542887244627 438.1174848554656 258.1407959894866 Oyster-Open 0
56.10235045780428 446.4092149176254 37.720435183437075 439.51945672535663 62.257674802458496 374.0629818809914 80.63923596564564 380.95266648789675 Oyster-SemiOpen 0
551.5591755515197 385.90142827091455 601.4626819132536 373.6267082553302 621.4675552697008 454.9475953086707 571.5641071979917 467.22215510533226 Oyster-Closed 0
242.45113229269919 470.12345500000004 205.9545015275944 470.12345500000004 205.95496143949276 397.037037 242.45073859659897 397.037037 Oyster-Open 0
315.29499698619475 429.02663166832315 396.0790893236117 349.0691376625408 504.91625780072354 459.01722662239047 424.13419156786404 538.9726752321826 Oyster-Closed 0
84.05773230319028 416.26913506451865 119.21855222637532 412.0332327375673 127.94450329551182 484.4539709566612 92.78369281200867 488.6898213851574 Oyster-Closed 0
577.9767912131501 484.9672286026908 550.337605352106 492.38347486150195 538.2700381088216 447.4161857440561 565.9087980000186 439.9999999999919 Oyster-Closed 0
399.71469980155234 9.586052231873653 428.7697811270482 3.751285375388772 445.6823469659139 87.96978928376137 416.62726831847976 93.80454691479338 Oyster-Open 0
575.4372294264613 502.50038953852936 591.9572978113138 470.9236313148564 614.0210460154776 482.46475958095493 597.5011454470223 514.041374022463 Oyster-Closed 0
618.3890712944412 541.4816007030809 618.389407625582 455.118133179231 640 455.11836299999663 640.0000105302024 541.4814819999046 Oyster-Closed 0
472.62100188047043 453.58275888312625 517.3540885277907 441.7877079406377 545.5500502482755 548.7030787885955 500.81705937554943 560.4978864878326 Oyster-Closed 0
260.905012198491 449.06929891886585 298.9685521208594 479.8833826478952 227.1322799398331 568.6026436636662 189.06934730912326 537.7892285489002 Oyster-Open 0
78.62820231865044 455.8251675836 114.12495102522371 474.02695971200706 49.34997572781867 600.3238565851086 13.85356648497691 582.1225732791036 Oyster-SemiOpen 0
474.6034311698895 481.9681862602048 508.5650945133966 485.06426939136793 500.46507123355696 573.897547609709 466.5034151942382 570.8015187503006 Oyster-Closed 0
444.79817618579546 491.0546390730776 481.468666351866 502.61130897823546 446.08485290795215 614.8629207641964 409.41448836580093 603.3065310943917 Oyster-SemiOpen 0
612.5578961950669 517.0368343617889 640.437892259215 557.1597666435002 589.615845506487 592.465583771558 561.7364260246541 552.3431658646832 Oyster-Closed 0
277.64674883561383 639.999856922339 277.64879790083796 558.5182297963821 368.0315074194368 558.5205862542907 368.0311048454314 640.0005521856098 Oyster-Closed 0
397.0532788449782 597.3975041810671 417.72930358078156 601.9454820979317 408.8522180579457 642.2910616246156 388.1762072668789 637.7431271048276 Oyster-SemiOpen 0
309.43171753046045 102.19177982702583 272.5069170686038 97.82075381559343 280.2724427050998 32.22125425931009 317.1971282924642 36.59227362294752 Oyster-Open 0
73.49028832184558 37.31151611173355 108.63994592771633 33.718021328124095 117.40520987936179 119.4548779475921 82.25555396951677 123.04836376285482 Oyster-Closed 0
111.38869499998691 163.18138600000674 83.5923123278917 152.98821143192154 120.9879941741383 51.012996882941515 148.7841878124891 61.206136093525735 Oyster-SemiOpen 0
425.9029117546743 165.0521491657511 370.5018970009405 188.41549990974232 321.11869831329386 71.31494164070406 376.51919595613435 47.951711641196425 Oyster-Open 0
553.5537600983662 92.53434771531998 572.6684187604405 115.7807142241468 512.8232447443588 164.98857215623724 493.70868021178467 141.74229254025954 Oyster-Closed 0
608.8094380000257 0 608.8094506358902 48.14815160505834 546.8881126311317 48.14813799216408 546.8881259999762 7.891751303381352e-12 Oyster-Closed 0
0 88.148148 38.853938 88.148148 38.853938 194.074075 0 194.074075 Oyster-SemiOpen 0
338.66336542247154 219.5898649344932 295.67478653552826 225.63273042131652 277.43503010649874 95.87647227856449 320.4229421442142 89.83365501668123 Oyster-Open 0
99.31147666982724 206.17409372183965 51.00851201779733 211.11221754025792 42.27361113873485 125.67034302510216 90.57607169692346 120.73224506788365 Oyster-Closed 0
503.34049971643253 230.42426072319495 461.3224921531946 237.26329095029936 441.5322387121705 115.67612693131053 483.5496018622507 108.83714974724677 Oyster-SemiOpen 0
