211.06185115415428 221.92098971320382 162.13106744544348 216.2108288865947 171.83020311356813 133.10293284317737 220.7604479546717 138.81306174076957 Oyster-SemiOpen 0
477.4447504541604 148.91790060611086 510.08901708803023 144.54764820765615 518.9494192114216 210.73032416011182 486.3051566071954 215.10055692200604 Oyster-Open 0
444.14843724807724 56.0838430117166 418.1562281220977 46.73014703059094 438.1702734733699 0 464.16246166219935 0.4685415303739581 Oyster-SemiOpen 0
257.9284844637732 262.3763597536325 209.6397082129988 264.3875638331663 206.1667353240773 180.9965207672737 254.45484566160303 178.985330602672 Oyster-Closed 0
301.9670374618727 170.81644471925347 385.3356974459166 194.92393115317128 354.3645872436173 302.0241601174232 270.9960322146071 277.91690960470567 Oyster-Closed 0
496.2115512676246 304.957266 456.9949202722637 304.95726599999995 456.99527916316583 203.076923 496.2111685832497 203.076923 Oyster-Closed 0
491.7148209540028 240.1301374580906 524.6980299166171 236.9049024043519 532.1370890022808 312.97721523758634 499.15388364221144 316.2024249800347 Oyster-Closed 0
296.7839431825996 347.8924205737965 269.48145907466824 329.3435821024389 296.4774343379395 289.61083453345054 323.7796963340952 308.1595686613446 Oyster-SemiOpen 0
396.396464999998 0 396.39649428558187 71.79489278230821 331.2854164435703 71.7948604033553 331.285452000011 0 Oyster-Closed 0
532.4556119484623 358.6601710126252 491.98892908985727 344.4401063617572 508.75169579376234 296.74222665869405 549.2179210312315 310.9622030190744 Oyster-Open 0
407.44503865185834 73.31748186084312 388.7862228360609 67.73681504777433 410.2009692649881 0 428.8597540262708 1.717990085913629 Oyster-SemiOpen 0
547.6566460000322 0 547.6566507422831 25.982907192936743 468.21513966162456 25.98290163142448 468.21514499999466 2.525559201749624e-11 Oyster-Closed 0
638.1352961672383 315.21311055156593 663.3356826651288 353.46752972747004 579.0095977131568 409.0117101718078 553.8097966092027 370.75781062707534 Oyster-Closed 0
320.857418 331.623932 368.916388 331.623932 368.916388 438.97435799999994 320.857418 438.97435799999994 Oyster-SemiOpen 0
339.931775030127 85.93263597136348 297.8809478721814 90.3939036150797 288.3028947895218 0.11310472674719249 330.3535955425468 0 Oyster-Closed 0
252.70729146024678 376.7678864865454 312.29641977297433 374.6064584329884 314.3636098453135 431.59085831580114 254.77448265337443 433.7522678487293 Oyster-SemiOpen 0
580.967037004666 392.1713473819133 564.344180057742 442.40635600105065 502.7777252515807 422.03598194044116 519.4008354866673 371.8014694874205 Oyster-SemiOpen 0
622.9599023415358 445.2258927656386 608.1124832359637 446.3283914634937 603.9125967867585 389.7739281100069 618.7597568094498 388.6714390391194 Oyster-SemiOpen 0
576.6733471046609 394.7014289811003 597.5384329549706 399.5554198655069 573.7189452986058 501.9297759102704 552.8538883391593 497.07587039979813 Oyster-SemiOpen 0
361.6468258415989 422.2488511413469 396.1617315404874 409.7746137178749 424.9365194501297 489.379724835615 390.4217039875948 501.85378272118095 Oyster-Closed 0
432.9262410532101 585.8068862049797 393.8571117509855 573.135850633468 417.54568088545057 500.11424148781686 456.613683377509 512.7850791197886 Oyster-Closed 0
586.921484334307 105.23912205235703 526.5012869932252 103.18011726659009 529.5749599600822 12.98914565191607 589.9949186035519 15.048146374508487 Oyster-Closed 0
460.3646285147988 64.1618351173879 490.48445068146975 54.48413452166959 507.6505141577218 107.90968814843771 477.5307000811881 117.58737146259102 Oyster-Closed 0
307.91324500372866 213.435388568574 250.85521854067338 211.33160736859227 257.36879284711904 34.69038009332508 314.42587475816254 36.7941436697229 Oyster-Closed 0
560.8270472737058 189.06508876692226 529.3595543154515 191.27677753197273 524.5762563471362 123.22051797929848 556.043504694826 121.00883775432187 Oyster-Closed 0
585.4427774684154 265.2973195550599 537.53041273907 254.44087534200804 578.4254775820591 73.96796698205941 626.3368070154684 84.82429194088569 Oyster-SemiOpen 0
95.0876064375916 473.8553178683557 26.863120045600226 458.357353140984 61.43538399992394 306.19075665185653 129.65689737684443 321.68837031372453 Oyster-SemiOpen 0
