209.38667758528027 188.36819500245429 245.67354438790062 141.15004533398513 327.1532982771896 203.7652732352343 290.86682920467865 250.98306280374425 Oyster-Open 0
171.14261609684036 129.21046015754334 216.89675757370424 128.3805859317148 220.02097366843373 300.6254713982184 174.26683280071302 301.45533404837835 Oyster-SemiOpen 0
129.6293587564287 184.27110271846686 177.48786952412047 190.0374087714938 169.34660021513992 257.60503897730007 121.48809467624233 251.8387651706384 Oyster-Closed 0
347.9213824920589 190.90214957117064 389.4648471399705 159.4281642078854 492.32680331988377 295.19399131897865 450.78377352969255 326.667500484777 Oyster-SemiOpen 0
126.02847849600948 221.61900281595362 152.37567898497218 258.6541285890687 108.36231797846267 289.963989666725 82.01533193525393 252.92905646232958 Oyster-Closed 0
450.0260235895985 187.9815449040173 471.486919765739 187.3574088840468 475.94900010917627 340.779015611671 454.48810440924717 341.4031423440656 Oyster-SemiOpen 0
341.1894045558438 303.9473330212571 358.6158118133608 307.6194340483365 346.65049737057416 364.3977715563626 329.2240985348326 360.7256969318785 Oyster-SemiOpen 0
263.44975580621394 330.4195470110013 261.7365880831494 359.31809322050776 230.08245951066783 357.4416181641039 231.7957368860516 328.5431894024945 Oyster-SemiOpen 0
81.32429781435349 307.7316641677763 127.26646799288574 363.69733233056485 66.10492123065342 413.89928037402603 20.16338688932592 357.9342053718566 Oyster-Open 0
174.41241358610569 347.5059268758793 209.29047619392804 330.9132587481185 239.3912473479577 394.1794896069399 204.51328758106683 410.77199675630095 Oyster-Open 0
183.86985653822194 2.23780284169401 229.94187240998144 0 246.88306272764748 83.98936051280234 200.81105073782965 92.62461132380139 Oyster-Closed 0
143.07451130669506 397.1364878721235 183.1738156980282 370.0835059489992 235.40427084975818 447.49256627851145 195.30528922143276 474.5451515530289 Oyster-Closed 0
573.5622411236545 381.76232301308966 603.7271444316866 386.92381433850517 588.4397434967832 476.2549665793107 558.2748584748333 471.0935501270348 Oyster-SemiOpen 0
411.29308018753363 404.85271554105003 376.78452693275176 493.5464251666121 307.7076304653019 466.67321093449067 342.2166108326928 377.9805525469246 Oyster-SemiOpen 0
306.35345259179303 486.3099089198656 273.3390425075777 490.4345653585193 261.42489885554824 395.08200584996837 294.4382790103555 390.95741458556114 Oyster-Closed 0
209.999466342706 455.96537542950205 246.93785704112088 455.1883620304806 248.68978735859855 538.4585657077437 211.75139698330895 539.2355671339668 Oyster-Closed 0
362.5577751308447 554.444445 313.82484304405807 554.444445 313.8257098624308 453.3333339999999 362.5567937762389 453.3333339999999 Oyster-Closed 0
556.995198 484.444445 588.858295 484.444445 588.858295 545.555555 556.995198 545.555555 Oyster-Open 0
430.25376578581927 487.1344938249989 464.0535748827824 493.4683063136606 447.2662558798038 583.0338214768191 413.4664786091889 576.7001238202134 Oyster-Open 0
262.1699756200542 476.167370597003 325.96050578118593 536.0590957978387 259.19525841716677 607.1537531381131 195.405859745224 547.2632006498656 Oyster-Closed 0
474.7938799607073 583.0469539879732 437.6225166122458 571.6489519177798 454.8192455341632 515.5810103917654 491.98977586172987 526.9788753978943 Oyster-Closed 0
500.766205 522.222222 536.3779 522.222222 536.3779 595.555555 500.766205 595.555555 Oyster-SemiOpen 0
584.286261046218 571.5149238885319 550.4138502202113 581.0357776368519 543.2063236712565 555.3988325159089 577.0783787365508 545.8780316647176 Oyster-Open 0
179.1567261072487 568.5362345876492 215.46820198884234 549.8990749943348 244.98036864213645 607.3845074798048 208.66907045972766 626.0214032913237 Oyster-Closed 0
160.5787518449506 0.08328919790440537 177.69402691315918 0 180.44501357813715 32.95579305693137 163.3297385701735 34.330612251742096 Oyster-SemiOpen 0
279.157273310484 41.82104871097812 304.5761924535327 44.679594062395715 293.9239802211523 139.40131470788944 268.5050628078898 136.54277850010234 Oyster-SemiOpen 0
296.3567258192779 149.28200066472468 258.6750626241701 179.29804772027072 213.83884622700862 123.01199306693792 251.5203404786007 92.99604980354496 Oyster-Open 0
156.1350226650393 193.02872426008474 108.62872507059365 189.54456782955035 115.62987013930979 94.09008058132555 163.1356725612568 97.57421847901169 Oyster-Closed 0
302.62019621775835 0 302.6202049123822 44.44444817949311 238.4191660356737 44.44443372642201 238.41918199999782 1.0503781835533264e-11 Oyster-SemiOpen 0
180.1273765948281 101.50117531384738 220.9376603263081 93.78638064926713 250.64565243294055 250.93503275681744 209.83539080327319 258.6497486497986 Oyster-SemiOpen 0
