410.7903756338055 218.3581605367183 381.7315421929379 213.15937012554258 394.25960732012754 143.1361162568616 423.3181656729721 148.33488121793033 Oyster-Closed 0
430.25928669921996 230.1965396159379 397.2661426031118 184.7775912079065 481.0124857237679 123.94434552261322 514.0055119939643 169.36296720602593 Oyster-Closed 0
109.10274631947686 168.36225302485252 155.3021240630187 148.38027053798538 188.8900438811106 226.03535942246208 142.69073866635154 246.01721857336338 Oyster-Closed 0
115.92325738914951 237.01976998597667 46.316090925975004 308.5484106285563 0 224.5968744850881 29.6511863496562 153.06892949906512 Oyster-Open 0
325.2055990869849 263.75885484501623 274.8752822755341 289.931117020487 224.41603684797883 192.89946293110836 274.7455736340635 166.72744992941884 Oyster-Closed 0
446.55910277993826 226.15965754990833 422.4078388403723 268.4955531514296 387.4924878696038 248.57821370488597 411.64375061140163 206.24247298652816 Oyster-SemiOpen 0
173.37360678568075 231.28995354941935 183.2681833069364 267.665112042495 129.75156055865227 282.2214431380909 119.85720786527963 245.84647610232952 Oyster-Closed 0
266.6356676904252 214.12419581456194 368.9611018706637 159.78715435363148 450.8503797747835 313.9918123000514 348.5256052713521 368.32791923695424 Oyster-Open 0
200.17289285358856 307.2640895431665 177.47598313042545 301.4633943890018 194.3498643435305 235.44385904641257 217.04647495236713 241.24451395144553 Oyster-Closed 0
181.38284230291902 305.5227930096067 168.08627161073673 302.70998600813135 182.4853812643414 234.64753121365334 195.78176899995015 237.46031799999284 Oyster-Closed 0
509.7213048575213 245.08656296870072 596.7135543422773 204.32712121272755 650.2882253477583 318.66523904517584 563.2963260778342 359.4241429031125 Oyster-Closed 0
78.86891757632839 271.92599772748014 71.38931470581156 321.6944925227564 0 309.8873188124627 0.3038920413382584 260.11925554571485 Oyster-SemiOpen 0
97.05118328362005 326.9594542773603 70.75570419649011 322.8197461181901 79.85754383880703 265.0099343810809 106.15268187051697 269.14961475297514 Oyster-Closed 0
415.31613877821655 258.356681109034 495.9145295187773 264.0212687998857 488.87596247630427 364.16257294912714 408.277577563058 358.49805082156627 Oyster-SemiOpen 0
616.462676941519 67.97533897423236 594.3568673211848 61.6872880145261 613.2851905855932 0 635.3909666242544 1.4324676977502657 Oyster-SemiOpen 0
158.06932570550998 291.7451532663944 173.70052912519895 292.84373296445244 169.24579701451876 356.22343536339133 153.6145944710006 355.1248640427926 Oyster-SemiOpen 0
359.31175784760853 375.1926551437151 284.1730225865467 417.43922970227 222.31173146785295 307.42239345034136 297.4484937820671 265.1765199494737 Oyster-Open 0
102.47132457763655 358.9938070680854 78.09906903508818 354.71064914362944 84.7719933008193 316.7440463015504 109.14401675370755 321.0271832764095 Oyster-SemiOpen 0
105.54189365939237 324.7685728623371 138.19482243379753 328.3383066307568 130.4159517439257 399.4862179012295 97.76302897691494 395.9165185940964 Oyster-Closed 0
46.35783491459733 0.36553821139516357 93.92837245184637 0 101.8712460523966 87.01436998021194 54.30070968504879 91.17522358195897 Oyster-Open 0
552.5128453273646 369.58807570089436 615.7915282045724 345.0526307452949 650.7422673302062 435.18310945458524 587.4637705542409 459.71819965299267 Oyster-Open 0
0 351.746032 31.869602999999998 351.746032 31.869602999999998 457.708332 0 457.708332 Oyster-SemiOpen 0
80.52669023025373 457.3865660618322 60.846202197499224 422.1173063029903 139.9193640404701 377.9997054163788 159.5998676628369 413.2684591396668 Oyster-SemiOpen 0
383.3240976218076 390.6512927785986 416.9841558142798 395.1929903817242 398.9477612605697 528.8470802229959 365.28772437319276 524.3054872225416 Oyster-SemiOpen 0
627.0120491101989 545.1651939032301 556.2223626279592 546.2706568477722 555.0938146135013 473.9463679484933 625.8815714578668 472.84092001778754 Oyster-SemiOpen 0
168.3850285259541 510.44104454207354 179.08399335363356 535.0006937158365 147.6087834892678 548.7092221521685 136.91001405277348 524.1497386709796 Oyster-SemiOpen 0
459.07666142818925 470.5275059833039 523.5819427182287 465.92265926836615 533.4186182689155 603.6886251690919 468.9133520199539 608.2933453273857 Oyster-Closed 0
508.99694221065147 640.0000520173307 508.998557882951 528.2534478909154 553.2666782541492 528.2544789207755 553.2661402519443 639.9999977007961 Oyster-SemiOpen 0
89.39271947558154 639.9999920229669 89.39416865126987 581.5867393160001 162.58027899420995 581.5884752158552 162.57980222471815 640.0007529853484 Oyster-Closed 0
288.6150069904397 23.030879145489543 345.70935491807177 3.8579982679893265 384.2786652016366 118.71216874756891 327.1843514908687 137.8849913334782 Oyster-SemiOpen 0
518.9544445787033 0 518.9544469885732 25.396824984252998 470.12834470799135 25.396821448592593 470.12834799999837 0 Oyster-Closed 0
549.8358179720526 141.60994973579233 436.6583927447209 161.6104771606895 414.10317756010045 33.9746081974466 527.2796083770663 13.974173489355087 Oyster-Open 0
374.0162855682138 6.653877724495732 438.85757768628537 16.30490511231898 414.7339310120151 178.38090666406245 349.8926463758835 168.72993417850063 Oyster-Closed 0
272.6237595647399 51.81732206944968 307.31349987428985 61.420941969774645 284.0093501419324 145.59851583069738 249.31962254268 135.99492732487366 Oyster-SemiOpen 0
604.6595777939365 201.72977040671975 545.5941398461437 214.75749466849328 513.153307945613 67.67687814507464 572.2177651499078 54.64927432425169 Oyster-SemiOpen 0
435.79235228193284 155.53749496251908 418.89300899718364 158.07141272369898 415.65884535848454 136.5021687254122 432.5581489999604 133.96825400000336 Oyster-SemiOpen 0
288.8557474706613 90.19445850813523 354.60254616882594 101.28490155571069 331.2611173863115 239.65601912573783 265.5143390082958 228.56567090381276 Oyster-SemiOpen 0
