309.9298486159387 635.7154497337764 219.95157345285406 618.5682876519517 275.93235423613805 324.8963934852859 365.9014519792254 342.042667910568 Oyster-Closed 0
455.33296316774795 550.0621644861473 441.97834504782804 434.4064774628518 576.1163951901835 418.92009985338115 589.4734404335759 534.572974139041 Oyster-Closed 0
60.268110021352186 425.49596032446914 151.38385488542554 373.0359565864182 252.88106247753603 549.295549678429 161.76678381074453 601.7536013167179 Oyster-Closed 0
0 418.249631 132.491923 418.249631 132.491923 640 0 640 Oyster-SemiOpen 0
521.4152762350568 5.465869387590741 518.6172515444196 145.84153916040725 318.711607129153 141.85608307872894 321.5104170000268 1.481481999980212 Oyster-Closed 0
640.0005171958765 154.07407400000002 520.1246346773405 154.07407400000005 520.1251248148765 35.555554999999984 639.999986525363 35.555555 Oyster-Open 0
125.69674197431596 85.29258134352045 213.53708840426407 122.44123800588648 132.2839628753718 314.56394167907087 44.44395469930896 277.41585552240724 Oyster-Closed 0
337.9706845596229 0 337.97071699998924 56.296297000036304 205.95481437645503 56.29624788496341 205.95486199999868 0 Oyster-Closed 0
0 237.037037 111.388695 237.037037 111.388695 395.555555 0 395.555555 Oyster-Closed 0
167.69754057895625 218.70883446541922 282.20089145856036 266.11240672514907 214.83336011071515 428.8261219576844 100.33056521366234 381.4235471658561 Oyster-Closed 0
462.61932627501665 256.3037315515039 590.3299787123251 229.15407532941083 636.8986345382291 448.1946730933487 509.1882291476213 475.34354977950966 Oyster-Closed 0
105.76224368043768 326.7466955336033 142.97667914397607 399.7077248758479 26.462686336017214 459.1280907186286 0 386.168437653448 Oyster-Closed 0
405.2768260688026 283.3233316377719 520.8676400284457 324.58625933553526 421.86486788035836 601.8881822850027 306.2750959728146 560.6272191800066 Oyster-Closed 0
