321.51363030454377 421.160892057461 291.09017484486685 415.93505157506297 304.6907091020694 336.7669835262609 335.11350534055964 341.99276694720004 Oyster-Closed 0
464.70321358901856 431.09692501462433 443.9035310325562 411.1763670883771 483.5716717271862 369.7627038776014 504.37116988650814 389.6830945869633 Oyster-SemiOpen 0
447.52420996555884 406.4620295096043 432.73854811137426 425.08657518956966 405.4476937728032 403.42345057216687 420.23330596603046 384.79900288666016 Oyster-SemiOpen 0
315.0070606222289 475.4175941532925 286.9737427184009 461.35435788117894 330.68801045883447 374.2283213130426 358.72062817856204 388.2913491515026 Oyster-Closed 0
376.4162775949808 520.8642855478901 323.81771527187084 507.0979023626365 344.37217506470915 428.5801679784179 396.9692980845866 442.3463524356839 Oyster-SemiOpen 0
428.3349228534644 439.8531987858614 479.7631600707973 442.9136561102038 475.13648423228005 520.6479553835483 423.70825113132014 517.5875405602632 Oyster-Closed 0
328.2414547022927 561.1300952643886 307.7992494880891 558.4323002160917 324.5400601420988 431.6098907005642 344.9813083952904 434.3076215893504 Oyster-Closed 0
417.14253209262097 535.0171163569119 391.2579929630738 531.7466172369218 399.0077845023916 470.4249593621164 424.8917259999871 473.6954199999992 Oyster-Closed 0
295.4345319676213 541.391554672846 280.1537796989578 533.2263878095561 302.1686738615972 492.03506678336345 317.4492017801822 500.2001599865922 Oyster-SemiOpen 0
322.1078556084831 570.1744023491807 308.6226718038233 571.9390503049098 300.830119648017 512.4015668193588 314.3149842310231 510.6369399081206 Oyster-SemiOpen 0
484.0538938272948 639.2406629591611 420.0802865544392 646.5655037617865 403.9785825833678 505.95098998519313 467.94842756862636 498.6263643921331 Oyster-SemiOpen 0
391.41305369950715 543.664876921669 443.4193534706719 543.2393043631372 444.2113539999991 640.0000000000005 392.20505439690896 640.4255634835829 Oyster-SemiOpen 0
