610.8666077625821 140.29480322391896 573.2725400385243 182.6799205199127 497.2328777869552 115.23614757568592 534.8267866397509 72.85124627036319 Oyster-Open 0
341.05505134190025 204.83459739160799 292.0761453117302 191.68190542626232 316.26316902184044 101.61530779744152 365.2415910000127 114.76793200000175 Oyster-Closed 0
392.047218000007 0 392.0472589568817 65.82278820158314 269.9326380621642 65.82273372245062 269.9326883871254 0.000007133196633256458 Oyster-Open 0
417.3958286366542 338.38487139871074 394.0589369484951 272.4931344530605 534.6276655552356 222.71029378565652 557.9650458547258 288.6010059020416 Oyster-Open 0
549.9025879999681 0 549.9026714969659 81.01268107428618 418.85276873086696 81.01260346816188 418.8528480000241 0 Oyster-Closed 0
318.29500876359816 289.9622650780976 397.0098559677717 281.281174992979 411.9815132328222 417.02391388041355 333.26669307993143 425.7048495180869 Oyster-SemiOpen 0
281.1324867440999 477.3823020416142 170.8513099841366 506.9936582795697 130.53482300485484 356.853715367551 240.8110203219985 327.24305780653526 Oyster-Open 0
110.0642216601409 492.12421845074755 55.20886762482405 484.31859261264094 73.6940771699301 354.4369283469978 128.5471799602965 362.2423906996895 Oyster-Open 0
504.32133679081744 429.31698732048903 520.7463935071428 484.3787925698595 422.05014800769277 513.8140112999997 405.62626316794194 458.7532126373319 Oyster-Open 0
431.1930859756103 414.271149385984 467.60425943968585 441.0394922624635 392.70845069731877 542.8974714960968 356.29779262046213 516.1297328889898 Oyster-SemiOpen 0
255.11430897451646 498.13020955551195 315.4162982635171 479.71641273336627 348.31682579293556 587.4377879753724 288.0150169211993 605.8511659566024 Oyster-SemiOpen 0
489.988651528256 632.6867052549563 398.30207858714857 610.9107448403604 433.4830126656743 462.83091424098063 525.1641214353003 484.6061968646925 Oyster-SemiOpen 0
316.88004753516 637.3723332338823 280.9154414337536 679.6725509246618 189.67757853417424 602.1202408610419 225.6414524721913 559.8211664701911 Oyster-Closed 0
226.92224797858216 130.52830654306854 133.7933155947394 159.2885050355794 98.19755490614625 44.02474178589515 191.32582377533254 15.264650218348368 Oyster-Closed 0
301.98301787771925 102.84183753981752 309.423727651083 55.42749763664737 406.933720467423 70.72958124695073 399.4931800287304 118.14376569286183 Oyster-Closed 0
400.30028166336706 423.5777532605246 394.7536243181821 371.82960695810584 489.52437662337616 361.67242143670927 495.0716654469579 413.4198433640702 Oyster-SemiOpen 0
