166.20689464798488 233.0762249018344 97.37398243669304 201.39593113319944 145.22453788173152 97.43282398579511 214.0566120386211 129.11289149447938 Oyster-Closed 0
25.560379538947018 194.0075728392423 95.71205209285836 185.52271074704856 110.45981149589352 307.45022872346124 40.30815606267424 315.93499424605955 Oyster-SemiOpen 0
267.5178924827924 202.54005135092206 360.41494995952235 192.70058861790946 373.5079263242369 316.3096152919127 280.61088684182323 326.14896040668464 Oyster-Open 0
296.8107221151877 259.0845084558425 300.25290247671364 369.93116788356565 148.4944644611096 374.6412099957172 145.05432882629975 263.79656907156084 Oyster-Open 0
520.1647688946832 303.4756360656132 528.7432219386392 362.1261153756029 438.5483190402738 375.3164605152916 429.97062199996435 316.666668000011 Oyster-Closed 0
350.4727213369915 406.27267940815693 340.69046818913193 443.78918819161873 281.8168256082572 428.43980535974106 291.59930425696075 390.92365542717465 Oyster-Open 0
282.8592048750579 506.12432990802597 177.33110546199896 521.9358772601033 153.93362230715866 365.7864833688006 259.45653616399795 349.9753252364861 Oyster-Open 0
45.01093443192076 518.7780451850016 64.04217788061942 434.710227557959 154.62234199250815 455.2124527277048 135.59273792809108 539.2788358189205 Oyster-Closed 0
236.66026536666322 639.9997936337854 236.6650463474798 525.6376630962669 385.47952483262634 525.6434515603298 385.47843415399257 640.0018771214334 Oyster-SemiOpen 0
210.43554208539717 0 299.6147058495262 18.155916875232812 266.05187805944297 134.83034577865038 176.87274453404825 109.17700670699305 Oyster-Closed 0
98.94687953848916 651.2484077656085 45.42302685404138 637.566097835542 66.27857827115804 556.0080268014611 119.80049082238111 569.6900754551449 Oyster-Open 0
546.7193042786676 31.38053567076198 555.7650566249504 76.7415574897032 420.36217074746673 103.74278134011747 411.3165987802495 58.381916688635506 Oyster-SemiOpen 0
