610.8666077625821 140.2948032239526 573.2725390456471 182.6799216393045 497.23287679407804 115.23614869507456 534.8267866397509 72.85124627039525 Oyster-Open 0
341.05505194631405 204.83459633300785 292.0761483996466 191.68190629628725 316.26316950525506 101.61530972605007 365.2415889999975 114.76793199999344 Oyster-Closed 0
392.047218000007 0 392.04725895680895 65.82278820162773 269.9326390621718 65.8227337225169 269.932689387133 0.000007133243959910118 Oyster-Open 0
417.39582824346144 338.3848711633191 394.05893702867616 272.49313360204377 534.627665887092 222.71029432037489 557.9650457131356 288.60100705237494 Oyster-Open 0
549.9025879999681 0 549.9026714969659 81.01268107428618 418.85276873086696 81.01260346816188 418.8528480000241 0 Oyster-Closed 0
318.29500887302856 289.96226430991834 397.0098594375304 281.28117601163666 411.98151291559043 417.023914298489 333.2666894023714 425.7048481493583 Oyster-SemiOpen 0
281.1324883095949 477.3823013101587 170.85131106294284 506.99365899376505 130.53482232047827 356.85371618357453 240.81102012423798 327.2430571769422 Oyster-Open 0
110.06422166021366 492.1242184507588 55.20886762482405 484.31859261264236 73.6940771699301 354.4369283469998 128.54717996036925 362.2423906996999 Oyster-Open 0
504.32133679081744 429.3169873204972 520.7463941368042 484.3787946803993 422.0501486372086 513.8140134104951 405.6262631680147 458.75321263735736 Oyster-Open 0
431.7057108689187 414.78397255530695 468.1168905186496 441.5523096412669 393.22108355758246 543.4102881903926 356.8104198478977 516.6425560190693 Oyster-SemiOpen 0
255.11430888916948 498.13020927620346 315.4162981783156 479.71641245403595 348.3168257930083 587.4377879753522 288.0150169211993 605.8511659566046 Oyster-SemiOpen 0
489.9886551860254 632.6867044836982 398.3020812149334 610.9107469059031 433.4830100484396 462.8309174310144 525.1641198479774 484.6061972180253 Oyster-SemiOpen 0
316.88004667266796 637.3723331604544 280.91543869959423 679.6725516322651 189.67757765865827 602.1202405445852 225.64145346819714 559.8211653727179 Oyster-Closed 0
226.92224882455776 130.52830828182454 133.7933161584806 159.2885068614845 98.19755490600073 44.02474178593023 191.32582405734865 15.264650131241355 Oyster-Closed 0
301.983017877792 102.84183753983703 309.423727651083 55.427497636679426 406.933720467423 70.72958124697321 399.4931800287304 118.14376569288719 Oyster-Closed 0
408.8748840774497 423.82757980593556 400.1743819715193 374.1326221450704 491.0749959667737 358.2195584906301 499.77601549209794 407.91383534903304 Oyster-SemiOpen 0
