640.0000593079312 151.33839400000002 618.008332790123 151.33839399999997 618.0084024692042 83.359263 640 83.359263 Oyster-Closed 0
469.2247345650685 190.89222183110397 441.34464633207244 252.00942906767216 367.50762483265135 218.32759566132773 395.38781449155067 157.2107623129843 Oyster-Closed 0
640.0002245813812 261.291989 606.0661187866208 261.291989 606.0663173305511 185.21963800000003 639.999996392944 185.21963800000003 Oyster-Closed 0
479.8199770000065 188.52713099999846 535.6240870893089 181.1468665285937 546.4114467739273 262.7101268218731 490.60734628867067 270.0903401830891 Oyster-Closed 0
142.9366928030504 305.74893948792857 95.63043316542462 342.1303124599305 23.281196699026623 248.06049811041527 70.58666800003266 211.67958599999355 Oyster-Open 0
248.8029564604949 238.47135004146008 255.48450465059432 321.17085342647465 144.44297811423894 330.1405496903496 137.7624741137697 247.44202503922946 Oyster-Closed 0
312.59396484128956 292.01356839355293 328.03128532556 347.74606155585604 235.11977454661974 373.4785925626784 219.68323091561615 317.746766833258 Oyster-Closed 0
0 281.647977 53.312642 281.647977 53.312642 418.3979340000001 0 418.3979340000001 Oyster-Open 0
640.0008269950922 435.97673999999995 556.59035434619 435.97673999999995 556.5918631554814 339.018089 639.9999912863859 339.018089 Oyster-Open 0
218.22695239614404 454.2292888921778 208.79730766238936 376.40456553170225 324.50502239749767 362.38610403659743 333.9358479667135 440.20945977847396 Oyster-Closed 0
583.1828340214997 462.8898601755154 543.4766599410068 485.8253820625646 474.17506144141953 365.8648145349687 513.8798580884031 342.9298017768151 Oyster-SemiOpen 0
192.4143539120996 544.9516840803802 99.60285696055507 530.2234666118444 134.60222785150108 309.72624880468334 227.40771990880603 324.4540036207996 Oyster-Closed 0
542.9485783387645 489.6057870872186 540.1845916046295 441.1228265937885 639.5616950748808 435.4577373915505 642.3264640515845 483.9398729746668 Oyster-SemiOpen 0
509.26256605947856 549.8497192996216 462.5740040078381 562.4119731239564 429.95410100760637 441.1970776327724 476.6405736999877 428.6351236913044 Oyster-Closed 0
624.5018546659412 492.40678687031914 650.733180150637 538.1977709170969 557.6168442038761 591.5264237474217 531.3866680001229 545.7364340000311 Oyster-Open 0
640.0010748198838 640 578.7693285683781 640 578.7708011482755 542.4289419999999 639.9999072746141 542.4289419999999 Oyster-Open 0
406.2765722095355 532.6813365255297 460.540693224757 546.3869280049678 433.428241606598 653.7052578283004 379.1642460000003 640.0000000000044 Oyster-Closed 0
0 551.282051 140.375171 551.282051 140.375171 640 0 640 Oyster-SemiOpen 0
151.65242071401735 107.72570680574458 144.32101459955447 34.61243580165728 298.461954829545 19.155875517325185 305.79360304254806 92.26887849473826 Oyster-Open 0
0 0 63.548817 0 63.548817 143.016357 0 143.016357 Oyster-Open 0
606.0533969067183 51.48461551912519 593.2155747404613 150.81452481046918 437.91845215586363 130.7427681464476 450.75670505197195 31.41343382576842 Oyster-Open 0
