640.0000593079312 151.33839400000002 618.008332790123 151.33839400000002 618.0084024692042 83.359263 640 83.359263 Oyster-Closed 0
469.2247362204944 190.8922225862784 441.3446479875711 252.0094298228581 367.50762483265135 218.32759566132052 395.38781449155067 157.2107623129903 Oyster-Closed 0
640.000224581454 261.291989 606.0661177866132 261.291989 606.0663163306162 185.21963800000006 639.9999963930168 185.21963800000006 Oyster-Closed 0
479.8199770000065 188.52713199999653 535.6240849286405 181.14686574066388 546.4114475419046 262.7101252601076 490.60734921731637 270.09034040924223 Oyster-Closed 0
142.93669431375747 305.74893738912704 95.63043429639947 342.1303122245717 23.281196319221635 248.06049997384213 70.58666800003266 211.67958599999733 Oyster-Open 0
248.80295754432154 238.47135054648533 255.4845040645887 321.1708542250283 144.4429756909085 330.1405483634773 137.76247336027154 247.44202341885838 Oyster-Closed 0
312.59396577021107 292.01356813627507 328.0312862545543 347.7460612985948 235.1197750611027 373.4785924201836 219.68323143017187 317.74676669076985 Oyster-Closed 0
0 281.647977 53.312642 281.647977 53.312642 418.3979340000001 0 418.3979340000001 Oyster-Open 0
640.0008269950195 435.97673999999995 556.5903543462628 435.97673999999984 556.5918631555542 339.018088 639.9999912863859 339.018088 Oyster-Open 0
218.22695334885793 454.22928863938034 208.79730899323476 376.4045672588546 324.50502272258746 362.3861060910651 333.93584791367175 440.2094598530204 Oyster-Closed 0
583.1828340215725 462.889860175511 543.476659940934 485.82538206259346 474.175061008209 365.86481378520006 513.8798576552654 342.9298010270114 Oyster-SemiOpen 0
192.41435460913635 544.9516840553928 99.60285855675465 530.2234670720817 134.60222868146957 309.7262489637991 227.40771983968443 324.4540032947048 Oyster-Closed 0
542.9485783405107 489.6057871173349 540.1845915681042 441.1228267880745 639.5616950726981 435.4577374861632 642.3264640878187 483.93987290510927 Oyster-SemiOpen 0
509.26256605947856 549.8497192996132 462.57400375681755 562.411973191496 429.95410050563805 441.19707676782633 476.6405734491127 428.63512275881465 Oyster-Closed 0
624.5018564261409 492.406788569568 650.7331796947255 538.1977710721692 557.6168419876194 591.5264222032256 531.3866680000501 545.7364339999722 Oyster-Open 0
640.0010748198838 640 578.7693305684661 640 578.7708031482907 542.4289420000001 639.9999072746141 542.4289420000001 Oyster-Open 0
406.27657356999407 532.6813363827661 460.540693941075 546.3869283689863 433.4282409624575 653.7052583350738 379.1642460000003 640.0000000000078 Oyster-Closed 0
0 550.961538 140.375171 550.961538 140.375171 640 0 640 Oyster-SemiOpen 0
151.65241854265332 107.72570396542348 144.32102530285192 34.61243453636138 298.4619551477226 19.155878895950885 305.7935955328139 92.26888984138077 Oyster-Open 0
0 0 63.548817 0 63.548817 143.016357 0 143.016357 Oyster-Open 0
606.0533974943246 51.48461628379317 593.2155742988834 150.81452352752234 437.91845176252536 130.7427648468942 450.7567056878179 31.413432573807594 Oyster-Open 0
