154.89754019050451 89.49349283792658 124.98547327202687 179.44399775723957 0 131.16590174491495 9.718345903238514 41.21594659870978 Oyster-Closed 0
218.46033266083396 171.9771537403911 177.4578245061275 211.61203904948974 105.36172490683384 137.02926913628184 146.36398404094507 97.39461315386933 Oyster-Closed 0
545.7529669735231 107.49057714797411 605.2164708767668 146.71346204248937 541.9993866233563 242.55079942353058 482.5361240976781 203.3282106893236 Oyster-Open 0
209.40057236111898 258.92713498843455 164.01065429316077 236.4868032360979 213.3744619994104 136.64290279725284 258.7637581022864 159.08305124653137 Oyster-SemiOpen 0
0 0 48.7251 0 48.7251 67.085954 0 67.085954 Oyster-Closed 0
493.00357500003884 0 493.0035977319494 60.377362462950195 410.38334086893883 60.37733418901841 410.38336820893164 0.00000422731606545527 Oyster-Closed 0
0 192.872118 68.948518 192.872118 68.948518 310.272537 0 310.272537 Oyster-SemiOpen 0
559.7805241400783 184.21069488257166 628.0779344929033 189.85309887936006 615.437556505567 342.84889497644906 547.14015552192 337.20657752367117 Oyster-Open 0
188.42257618060103 332.246147158983 95.9367267232301 348.50860805056993 72.96943561450462 217.89216769861423 165.4528286549612 201.6299277000292 Oyster-Closed 0
271.24772877883515 25.265001640178163 290.5747162091575 0 393.4259308826586 17.273591306296055 374.0989891065692 66.0327397035327 Oyster-Open 0
478.5409807590622 496.57023497087994 322.93219320636126 587.6272949020081 161.77355775260366 312.24535648463154 317.3714811003447 221.1922485142831 Oyster-Closed 0
0 528.3019442931773 0 389.0985319999732 125.10961933861836 389.10136594064954 125.11015542884707 528.3016842659979 Oyster-SemiOpen 0
71.57456499997352 578.616351999976 42.16636342374841 535.9826916589883 150.6774161514477 461.1482404119788 180.0853242444282 503.7808000242424 Oyster-SemiOpen 0
222.8493194081966 66.28763599091897 175.1053991400113 125.45688060356115 73.02381466164661 43.08684901325557 120.76764079523855 0 Oyster-Closed 0
492.15472447962384 493.04590719306276 565.2911902586493 496.1351346336942 560.1417273023981 618.0201999908634 487.00526593114773 614.9310507766847 Oyster-Closed 0
365.1760849999846 546.7505230000132 421.75729678223433 516.9901551540155 472.59200699620123 613.6158487220775 416.0112804831442 643.3755139290429 Oyster-SemiOpen 0
249.08280991454376 144.16103585627926 267.0556534766365 40.59149367395369 337.4955235498055 52.81522887807169 319.5229989839572 156.3844740099916 Oyster-Closed 0
