0 91.92202800000001 70.090583 91.92202800000001 70.090583 225.25536 0 225.25536 Oyster-SemiOpen 0
0 0 93.987178 0 93.987178 96.202532 0 96.202532 Oyster-Closed 0
445.3603804657905 139.78004284490765 327.90786739431496 321.190537754061 189.3514246371342 231.48453577957804 306.80362131242873 50.076201215213175 Oyster-SemiOpen 0
547.5061711718445 301.0835280511771 539.0917465813254 217.59734894202046 637.3430064172135 207.6952299623839 645.758127455847 291.18060843524955 Oyster-Closed 0
113.68728834015201 355.7728195226067 45.74347585978103 418.19842621398465 0 300.3989675026737 5.445794999977807 237.97468300002063 Oyster-Closed 0
318.320768554986 453.4497538938797 223.05376410535246 478.393294887789 166.16527160957048 261.13210748223094 261.42682464975223 236.18932110134295 Oyster-SemiOpen 0
426.57144612516277 457.0935891524737 340.0095509389939 624.6706602631593 74.115984511227 487.3382320791734 160.67873125830374 319.7704644651334 Oyster-Closed 0
207.8303146675171 0 207.83050315054425 123.2067887689383 57.31991816210211 123.20655600751795 57.32016300004034 6.58374819062948e-12 Oyster-Open 0
17.550073479142156 603.3501470746161 0 481.0596024996303 142.14927020395407 449.80035170953033 167.62860527509474 572.0872283013605 Oyster-Closed 0
211.07135199999902 43.881856999994696 300.2099319978879 24.319799781995805 319.8700425428251 113.90494316145892 230.73148221468728 133.46694664622137 Oyster-Open 0
