569.4225926409854 230.60692851890278 506.081133396583 243.8880757938594 482.6943031364499 132.35080529648175 546.0347750000074 119.06976800000122 Oyster-Closed 0
398.06902342395915 184.26728676854333 437.73358629048744 175.47402741372377 472.7751429573982 333.53252861177504 433.11062374887115 342.3256525521847 Oyster-Open 0
443.3054848002939 188.67559451348325 511.0694166004396 176.757632739654 538.0843787531921 330.35445826758973 470.32049151399406 342.27223968615965 Oyster-Closed 0
378.33157171589846 210.02574141297532 465.7035524771345 257.8042507040723 414.4717855494673 351.48533242107465 327.1001719860942 303.7073551212844 Oyster-SemiOpen 0
588.1028047350264 285.43756954414835 639.9838938599714 301.11561019599156 614.8190501123463 384.3831971368143 562.9380327532999 368.70532660455973 Oyster-Closed 0
546.1121469912177 417.2092096125009 480.62743524285906 436.00823217100873 456.3199754824018 351.3420167960087 521.8031291897205 332.5432322008822 Oyster-Closed 0
161.115747957665 445.6904008593142 168.09440808778163 369.1713031346803 292.91548865352524 380.55329902085714 285.93842374073574 457.07092088347724 Oyster-Closed 0
581.3136822637898 538.4412314505072 507.63194296552683 503.2080427968484 584.09920801103 343.32507517804856 657.7772520018334 378.55721288995414 Oyster-Open 0
0 469.664083 32.921171 469.664083 32.921171 543.50612 0 543.50612 Oyster-Closed 0
363.81970688125875 530.404103174787 382.7108466921345 477.0107851162551 497.6967151774443 517.6856333716506 478.8070770217746 571.0776739988039 Oyster-Closed 0
538.2812549627852 584.5743317205857 527.1693547570612 619.5084986634901 456.9723296947632 597.1851340738883 468.0845353975019 562.2515281617261 Oyster-Closed 0
640.0009624910308 640 579.6207246333506 640 579.6218139336997 557.312662 639.9998196763772 557.312662 Oyster-SemiOpen 0
634.830470174129 98.92616175302992 555.8007646682381 127.73867511363292 524.998850106058 43.25203620775282 604.0282058036973 14.43959276003275 Oyster-Closed 0
