154.89754019050451 89.49349283792094 124.98547357143252 179.44399685678857 0 131.16590074489883 9.718345603832859 41.215946499123994 Oyster-Closed 0
218.46033317720867 171.97715495792448 177.45782401252654 211.61203935273832 105.36172588996124 137.0292674096387 146.3639860341209 97.39461234149911 Oyster-Closed 0
545.7529672767123 107.4905766883582 605.2164711798832 146.71346158284032 541.9993870829785 242.5507987266889 482.5361245573731 203.32820999252527 Oyster-Open 0
209.4005739223212 258.92713480681874 164.01065325080708 236.4868034947052 213.37445782497525 136.64290170514258 258.7637565314071 159.0830497141977 Oyster-SemiOpen 0
0 0 48.7251 0 48.7251 67.085954 0 67.085954 Oyster-Closed 0
493.0035769999813 0 493.00359973196464 60.37736246333117 410.38334186894645 60.377334189400415 410.38336920893926 0.000004227325730365808 Oyster-Closed 0
0 204.273505 65.872691 204.273505 65.872691 310.272537 0 310.272537 Oyster-SemiOpen 0
559.7805221672752 184.21069600689424 628.0779329408688 189.8530992083197 615.4375568669639 342.84889465502346 547.1401554625481 337.20657799759556 Oyster-Open 0
188.42257612057438 332.24614681786767 95.93672666538623 348.50860770906417 72.96943561661465 217.89216769823588 165.45282865488844 201.62992770004195 Oyster-Closed 0
271.24772846225824 25.265001140384573 290.5747170367249 0 393.42593107168796 17.27359226937424 374.09898815130873 66.03274104676444 Oyster-Open 0
478.54097985240514 496.5702377577571 322.9321914182219 587.6272961937739 161.7735580214503 312.245355209689 317.37148225038254 221.19224873439438 Oyster-Closed 0
0 528.301944293212 0 389.0985320000334 125.10961933861836 389.10136594071093 125.11015542884707 528.3016842660389 Oyster-SemiOpen 0
70.5493060000299 578.6163520000031 41.14110547263408 535.9826924782591 149.65215916476154 461.1482417970615 179.06006620891276 503.78080059011086 Oyster-SemiOpen 0
222.84931965979922 66.28763667728224 175.1053976699768 125.45688081023502 73.02381589681318 43.086847764707855 120.7676437520422 0 Oyster-Closed 0
492.15472448318906 493.0459071087367 565.2911902622145 496.1351345493651 560.1417273023981 618.0201999908622 487.00526593114773 614.9310507766868 Oyster-Closed 0
365.1760849999846 546.7505230000132 421.75729678223433 516.9901551540155 472.59200699620123 613.6158487220775 416.0112804831442 643.3755139290429 Oyster-SemiOpen 0
249.08281323128904 144.1610388494687 267.0556529858004 40.591493907648236 337.49552065113676 52.81522577869122 319.5229998927971 156.38447367003636 Oyster-Closed 0
