0 92.82700500000001 70.090583 92.82700500000001 70.090583 226.160337 0 226.160337 Oyster-SemiOpen 0
0 0 93.987178 0 93.987178 96.202531 0 96.202531 Oyster-Closed 0
445.360380465645 139.78004284512988 327.90786798504996 321.19053684162657 189.35142522786919 231.4845348671643 306.8036213122832 50.0762012154283 Oyster-SemiOpen 0
547.5061692354939 301.08352819962397 539.0917448123946 217.5973490890728 637.3430064861168 207.6952301213659 645.7581273574033 291.18060859559773 Oyster-Closed 0
113.68728784203995 355.7728189803339 45.74347536152345 418.1984256717691 0 300.3989675026786 5.445795000050566 237.97468299997797 Oyster-Closed 0
318.32077155158913 453.44975424598 223.05376656331646 478.393297396211 166.16526925157814 261.1321091524679 261.4268228302535 236.18932061532678 Oyster-SemiOpen 0
426.5714443237084 457.09359083962164 340.0095494238485 624.6706581402229 74.11598486622097 487.3382282539714 160.67873132611567 319.7704644497903 Oyster-Closed 0
207.8303156675247 0 207.83050415055186 123.20678876890435 57.31991816210211 123.20655600749724 57.32016299996758 3.4206865599140124e-11 Oyster-SemiOpen 0
17.550070571451215 603.3501403995235 0 481.05959550882835 142.14927284359874 449.80035311934284 167.62860131304478 572.0872300269605 Oyster-Closed 0
211.07135199999902 43.88185700000009 300.20993199781515 24.31979978200545 319.87004233342304 113.90494220741263 230.73148200528522 133.46694569217527 Oyster-Open 0
