569.4225926409854 230.60692851889698 506.08113339672855 243.88807579383774 482.6943031365954 132.35080529645904 546.0347750000074 119.06976799999329 Oyster-Closed 0
398.482164784582 186.13082863322416 438.14672833563236 177.3375710849583 472.7751448528579 333.53252944595965 433.1106247306161 342.3256525562315 Oyster-Open 0
443.30548620979243 188.67559403787408 511.06941821017244 176.7576330141166 538.0843786198966 330.35445875291254 470.3204911805369 342.2722394214187 Oyster-Closed 0
376.13459071573743 210.02574141290052 463.506571477119 257.8042507040789 412.2748045494518 351.48533242107396 324.90319098600594 303.70735512121445 Oyster-SemiOpen 0
588.1028047350992 285.43756954416517 639.9838938599714 301.11561019598673 614.8190506661922 384.3831953041828 562.9380333072186 368.70532477194564 Oyster-Closed 0
546.1121472288505 417.20920707307863 480.6274374972418 436.0082321690346 456.3199744573649 351.34201940742616 521.8031261479337 332.5432322748813 Oyster-Closed 0
161.11574795781053 445.6904008593406 168.0944080878544 369.1713031349757 292.91548847169906 380.55329900455865 285.93842355890956 457.07092086689966 Oyster-Closed 0
581.313681036554 538.4412310845021 507.6319423876703 503.20804189946523 584.0992092720262 343.32507425584697 657.7772526135232 378.55721249911153 Oyster-Open 0
0 469.664083 32.921171 469.664083 32.921171 543.50612 0 543.50612 Oyster-Closed 0
363.81970802976866 530.40410358112 382.7108484695782 477.0107837450711 497.6967161206994 517.6856317054303 478.8070773362415 571.0776741100482 Oyster-Closed 0
538.281254635076 584.5743298885074 527.1693574498931 619.508496616241 456.9723312457063 597.1851375940493 468.084533927904 562.2515318970543 Oyster-Closed 0
640.0009624911036 640 579.6207246334234 640 579.6218139337725 557.312662 639.99981967645 557.312662 Oyster-SemiOpen 0
634.8304696300329 98.9261618202582 555.8007648037892 127.73867518194041 524.9988500063773 43.25203636056473 604.0282050243695 14.439592911770106 Oyster-Closed 0
