166.20689464798488 233.0762249018344 97.37398243669304 201.39593113319944 145.22453788173152 97.43282398579511 214.0566120386211 129.11289149447938 Oyster-Closed 0
25.560379524540622 194.00757272003682 95.7120520783792 185.52271062784348 110.45981149589352 307.45022872346175 40.30815606267424 315.93499424606097 Oyster-SemiOpen 0
267.5178924345528 202.5400507886707 360.4149511311698 192.70058925349358 373.50792567507597 316.3096154088212 280.610884972848 326.14895932577303 Oyster-Open 0
296.81072213934385 259.08450850309663 300.2529024373507 369.9311679480926 148.49446444517525 374.6412099718077 145.05432887388451 263.79656903038745 Oyster-Open 0
520.1647688946832 303.47563606559083 528.7432219386392 362.1261153755787 438.5483190402738 375.31646051527264 429.97062199996435 316.6666679999839 Oyster-Closed 0
350.4727213369915 406.272679408113 340.69046818913193 443.78918819165267 281.8168256082572 428.43980535977084 291.59930425696075 390.9236554271341 Oyster-Open 0
282.8592048751307 506.1243299080226 177.33110546199896 521.9358772600979 153.93362232913205 365.7864835153431 259.45653618597134 349.97532538303005 Oyster-Open 0
45.01093348066206 518.7780449697431 64.0421768806118 434.7102275579815 154.62234194375924 455.21245294304117 135.59273792809108 539.2788358189532 Oyster-Closed 0
237.15178169833962 640.9027038221873 230.65247637066932 536.163619568881 379.92741945490707 526.902159950698 386.4298888689518 631.6378655648385 Oyster-SemiOpen 0
210.43554095296713 0 299.6147048853891 18.155916642491835 266.0518788049376 134.8303475969536 176.8727469901205 109.1770068947026 Oyster-Closed 0
98.94687953848916 651.2484077656085 45.42302685404138 637.566097835542 66.27857827115804 556.0080268014611 119.80049082238111 569.6900754551449 Oyster-SemiOpen 0
536.4706105581718 33.251532109274734 547.2970425534731 87.1680493896519 419.73853100353153 112.78136897321899 408.9123113073583 58.86503135642859 Oyster-SemiOpen 0
