315.2271306160401 218.28595799538974 287.075552430324 146.34426460623257 451.0933036827191 82.16294419583411 479.24517950974405 154.10394477864673 Oyster-Open 0
257.4661009765987 0 280.60152342979563 7.478962956682949 243.06250260808156 64.00229657180199 219.92708899997524 48.6373169999996 Oyster-Closed 0
152.61585870939598 210.55481460296596 91.0352884070744 308.42990836600563 0 229.31186270672666 26.864136957738083 131.43790240181914 Oyster-Open 0
310.7153161721362 302.617600106232 229.31342587900872 307.44954478970556 220.1475942426623 153.027197889035 301.54741102203843 148.19531386019517 Oyster-Open 0
389.95888499965076 248.21467868565963 402.7928496425011 299.2064466092534 320.93968136592594 319.805987882384 308.1062435654894 268.81467431990006 Oyster-SemiOpen 0
245.0157556222257 0 245.0157613868214 40.25157326343928 208.9507941262127 40.25156888061172 208.95079826994333 3.569390611060493e-8 Oyster-Closed 0
337.65638564902474 0 402.86528600001475 0 390.1871396829665 86.32883041996581 324.9782403925201 76.75235021827854 Oyster-Closed 0
119.2982993395708 281.6221751339101 188.80826064509165 279.3013741690874 192.91121785412543 402.17842180844593 123.4012594424712 404.4991858299988 Oyster-Open 0
297.7371097131254 416.443462143829 257.2820981653058 382.6962234401571 335.2235733456473 289.2722177200078 375.6777931984834 323.0189215537866 Oyster-SemiOpen 0
327.3024727225129 452.5137827499114 281.8783285587415 398.46757068318715 401.9169713376323 297.5897686896789 447.34040495248337 351.6348195032463 Oyster-Open 0
631.6914008972526 509.21872386154723 562.3407165864046 533.1025283066474 544.8760127969581 482.39819268271697 614.2254354603938 458.5146255062383 Oyster-Closed 0
580.8358576802129 518.9585294079886 482.61197345862456 584.5429269774406 406.91491009361926 471.19193294995307 505.13517402381694 405.6091979141314 Oyster-Open 0
481.7905119453644 575.2615789900682 448.71387702049105 609.2714075183974 400.519827385433 562.4103234064651 433.5960198430257 528.4009692602464 Oyster-Closed 0
179.27696762926644 560.4277901113808 161.73631869998644 652.2576193807045 0 619.4751213588277 7.637262253920198 527.6487441986995 Oyster-Closed 0
523.1788415441406 623.5890344030597 484.1118943916081 611.4170886303958 497.88700494558725 567.2175752540469 536.953206161561 579.3893962634239 Oyster-Closed 0
594.6174855740537 562.3507102667763 655.2099632209138 619.9102620944522 606.4959812865709 671.1757414189252 545.9044164869556 613.6171205361732 Oyster-Closed 0
