452.73911807911645 211.86588394330118 320.1966530553909 286.4012643389953 215.01943393159308 99.37131504133534 347.5593020557426 24.836843816416895 Oyster-Open 0
91.77475555770798 6.74302118993427 149.13433119996625 0 207.49826111859875 87.0620100585422 150.1387376857747 117.3333605532012 Oyster-Closed 0
512.466757963266 0 512.4670386852085 177.77793381714332 327.889063028706 177.77721017745296 327.88986600004137 0 Oyster-Open 0
298.64063293949584 314.02193070216356 327.18822242939495 269.70864062294686 401.8306136658066 317.7915569201554 373.28354892983043 362.1043854599213 Oyster-SemiOpen 0
538.6285870780557 431.4900016527968 563.3369249501266 448.01542677360794 517.6033849307714 516.3834158826138 492.89524189778604 499.85823106257476 Oyster-SemiOpen 0
640.0026553081989 617.142857 580.7554151185468 617.142857 580.75815449527 344.12698500000005 639.999911610139 344.12698500000005 Oyster-Closed 0
499.8203122927953 262.2508632340488 571.9806825224805 256.45489019410144 583.8194682286849 403.8379331371917 511.65911311596574 409.6337995729428 Oyster-Closed 0
553.4350400928088 286.7038291046101 580.5521854601102 218.65315942916124 666.9578451796406 253.08288124049201 639.8414572059846 321.1329061373761 Oyster-SemiOpen 0
640.0008285747754 199.365078 506.14172317582415 199.365078 506.1426328487869 27.93650799999996 639.9999274947186 27.93650799999996 Oyster-Closed 0
0 3.875728 93.632911 3.875728 93.632911 154.285715 0 154.285715 Oyster-SemiOpen 0
0 150.476191 47.578688 150.476191 47.578688 190.47619099999997 0 190.47619099999997 Oyster-SemiOpen 0
66.85714469764207 368.2539648597989 66.85728348318662 340.95233445321196 110.05534111995075 340.9525224538992 110.05535790580325 368.25399661124385 Oyster-Open 0
398.486927539343 329.55769934817124 367.8341625288158 327.2075180314343 373.5321396012296 252.89868814257406 404.1844117596338 255.24885047514547 Oyster-SemiOpen 0
251.7292727874883 373.09810237469753 280.387339318695 370.3876869294839 291.6748528442986 489.71874749894675 263.0167935828649 492.4291110201848 Oyster-Closed 0
321.3859897010843 495.19448751649577 350.61112980460166 500.88169590659857 339.4684740860248 558.1294861080578 310.2433523442596 552.4423424203874 Oyster-Closed 0
424.8993998338847 600.431321378274 408.4920385555597 603.0665982780635 399.2189140147093 545.3447176308694 415.6258752443682 542.7094734348166 Oyster-Closed 0
236.47412605503632 220.4444589534354 265.9557014019083 204.84308769860428 290.2268244484003 250.70598645734535 260.7452997614746 266.3072864877917 Oyster-Closed 0
339.4506826857105 262.89944474831543 339.0351876170462 281.3591002294901 298.47095318058564 280.4460004398539 298.886522223911 261.9864207545153 Oyster-Closed 0
440.5950549158297 424.8565034128327 391.77399625878024 415.7954844358511 428.74918868437817 216.59549675237142 477.56797471811296 225.65630106813825 Oyster-Closed 0
476.9922106045851 434.37424680740776 439.6501103285118 428.4257062856725 464.16589250475226 274.54883183379894 501.50645426831034 280.4972457200341 Oyster-Closed 0
482.62833140062867 217.1428560495828 503.929631358551 218.3624900728297 500.4811848595273 278.5880739695211 479.1798854718945 277.3684467885701 Oyster-Closed 0
523.1136248015537 497.6937806325254 555.2073350413411 506.7149292531334 536.9987876462983 571.4802786135417 504.90512588796264 562.4592505015837 Oyster-Closed 0
133.04462353044073 305.7872094086178 94.94148756515642 303.69707466643115 99.61650308803655 218.4824733785801 137.7189957909286 220.5725902408759 Oyster-Closed 0
62.709229732718086 336.10478793472 30.128320848525618 316.1931666441428 82.49741377017926 230.50895275335168 115.07778383915138 250.42035788647212 Oyster-Closed 0
145.47029350796947 292.02684627441204 161.82461799682642 317.5690200970125 125.69475644544582 340.7006201062088 109.34057808117359 315.1585747846031 Oyster-Closed 0
215.7257721308997 60.84769394735137 165.0808446375595 61.72391292075823 164.0133321545727 0.020245292187100722 214.65818813914666 0 Oyster-Closed 0
250.37394795806904 0 250.37395170962554 36.82539740578677 218.6000991864421 36.825393436011865 218.60010306751064 3.1169823110874935e-7 Oyster-Closed 0
92.1492475674313 161.05144941006023 124.33935431516147 134.59816274519835 186.15229623414052 209.81455001797772 153.96235187305138 236.267658572834 Oyster-Closed 0
180.75347789745138 107.5952519412447 189.8188312991988 153.97996969446208 132.15653849954833 165.2490595024687 123.09134039162018 118.86447526285296 Oyster-Closed 0
200.55907654015755 102.69917201343182 230.67989963346918 107.21553487934203 217.8354292167205 192.87745934068533 187.71461094547703 188.361118030164 Oyster-Closed 0
199.5140365975385 203.33895830518586 179.39250367533532 202.94542989873372 181.19592494767858 110.74265045441524 201.31723722370225 111.13617667649638 Oyster-Closed 0
170.97232399137283 491.30954401220896 148.606011721713 483.5254669403513 163.94801832524536 439.4504673587614 186.3139999742998 447.23448151947423 Oyster-Closed 0
71.18493157075136 355.871712910153 22.46483439957956 357.30091546255784 19.164392154780217 244.77984083599196 67.88324935158016 243.3506566376077 Oyster-SemiOpen 0
91.38343855585845 193.4027671648407 115.52945194212953 206.00957036108696 89.36996997639653 256.1113655736041 65.22399680659873 243.5046218654494 Oyster-SemiOpen 0
88.58361005070037 220.0218754795077 55.8033944878116 211.57410845211953 72.61266924331721 146.35074198221074 105.39259365177713 154.7984692416135 Oyster-Closed 0
