210.0746152800275 213.15620159103912 163.5509063747304 199.4233237527568 212.2153950757638 34.563568486037205 258.73840097694483 48.29633471152478 Oyster-Closed 0
288.95531580950774 98.12103788830306 317.11006428500696 149.74199653198954 233.36329297548218 195.4175236598266 205.20885688019916 143.7968329666238 Oyster-Closed 0
403.283750038172 320.9611964188541 235.70014951881603 358.4597456098674 174.45245407157927 84.73316472900152 342.029703815424 47.23531192672459 Oyster-Closed 0
145.59969562775223 314.69661652035705 76.05017453344772 308.17905704283714 94.86186937698221 107.46034124902822 164.4089011134929 113.97777395164633 Oyster-Closed 0
0 179.753086 51.803591 179.753086 51.803591 288.395062 0 288.395062 Oyster-Closed 0
27.0659720000549 223.209876999993 75.42847556418565 210.3587038759801 131.19843558393768 420.22228720573713 82.83605326840188 433.07312331416716 Oyster-Closed 0
551.865506522372 567.9777400632856 463.066946412946 588.4384854288239 370.7475992025138 187.81031587462547 459.53605573835375 167.35079735696618 Oyster-Closed 0
183.85847129022295 280.7360151140875 296.2707686793874 271.63397576773946 317.86923548585037 538.3526534067336 205.45699204427365 547.4543291423929 Oyster-Closed 0
271.6849972910859 51.88479002050712 313.9178881789121 0 409.0389368660544 29.19568787702064 366.80618879814574 104.92904856307786 Oyster-SemiOpen 0
114.94993699830957 640.0000512178327 114.95593025807466 448.3928897035551 211.04072287067538 448.3964240654436 211.03840000003402 640.0000000000177 Oyster-Closed 0
511.0090671981743 512.0055548878223 608.3162632414314 513.6294770123666 606.1797105738515 641.6238774014272 508.8725169999816 639.9999999999999 Oyster-Closed 0
