379.1966108747147 52.00977269258273 507.2810263525025 103.87003308433962 447.73163034769823 250.94250208251827 319.64743022930634 199.08269577104008 Oyster-Closed 0
471.85431479367253 155.48619657564782 534.6707312939543 146.33886646390724 553.073296159273 272.7090945926725 490.2569002520613 281.8563325139822 Oyster-Closed 0
434.0536996893934 188.66157240739733 516.5923548965657 220.21918058552427 459.43738846079214 369.69908479192816 376.8990041593497 338.14199913712184 Oyster-Closed 0
302.6990297201701 289.22775549080444 367.2228334033571 290.73934127392 364.73062612822105 397.1134342879443 300.2068229454744 395.6018690565712 Oyster-Closed 0
472.59578091652656 336.30163155303455 533.8107405639312 292.1261301126902 602.9156436680933 387.87808817424195 541.7012793092726 432.0528900177641 Oyster-Closed 0
542.1828610620287 576.0704289013994 449.86463532310154 582.1178836120807 434.97862448348315 354.85943888392444 527.2897669178928 348.81221318639996 Oyster-Open 0
283.3391000264237 379.28921356420256 353.28795402609103 400.26252200695575 301.822339138962 571.8795377511523 231.8737675472221 550.9068981100721 Oyster-Closed 0
416.74972496330156 611.316716736514 367.72203693435586 615.4933191507884 350.47885090891214 413.10332930827497 399.5026883587707 408.9268939876132 Oyster-Closed 0
567.3973755646875 507.0931061910501 629.3989796396636 498.37945585798843 645.0314821850043 609.5875100033998 583.029920865738 618.3009570373615 Oyster-Closed 0
250.20512364681053 639.9998905302535 250.2093575377512 531.5522144225106 363.1647905169666 531.5567359133415 363.163245797914 640.0017041063138 Oyster-Closed 0
499.6791247254441 636.6355863101102 441.6616904608236 656.5662026504793 414.38068671835936 577.1709706283443 472.39611267235887 557.2407294530055 Oyster-Closed 0
482.35937500001455 53.33333399999162 545.6380134700885 0.38973769701911476 601.3742304252082 67.00608881074233 538.0956922164478 119.94957868407405 Oyster-Closed 0
