41.82834100553009 261.65869754087305 124.36685235610639 254.8901914925853 133.92170995342894 371.3990441079735 51.383210428612074 378.16745707117633 Oyster-SemiOpen 0
417.20638556667836 386.0822964918276 448.18446963727183 393.2545047149262 420.04608198971255 514.7718824925108 389.06804773418116 507.59982418349546 Oyster-SemiOpen 0
296.54499755008146 266.15500728088216 338.2261726949946 259.21120316548877 351.95162269963475 341.5949048520205 310.27046355913626 348.5386431232196 Oyster-Closed 0
378.5547909879824 369.20525269744047 351.9575144442206 373.9275852837762 342.0040571082791 317.87134710737314 368.60095863812603 313.14904843257034 Oyster-Open 0
282.04690403086715 184.4882993644056 303.6202534714539 181.11883988107581 312.35914130942547 237.06886354044184 290.78579543478554 240.4383081351471 Oyster-SemiOpen 0
232.39333173296473 0 232.39338330575265 78.95425493101223 142.13292383792577 78.95420162061957 142.13297857109865 0.000006345074342056062 Oyster-Open 0
0 108.75816900000001 17.719768 108.75816900000001 17.719768 162.614378 0 162.614378 Oyster-SemiOpen 0
0 111.895425 68.289112 111.895425 68.289112 414.640523 0 414.640523 Oyster-Closed 0
102.23012649905286 257.16664485978646 158.94690617962624 248.34635482658848 178.31620295874018 372.8878007935832 121.59945283689012 381.70796087922037 Oyster-SemiOpen 0
94.04039743400062 563.4300699117204 107.59833020645601 571.398057452533 85.19011205535207 609.5170389845628 71.63223623581871 601.5491282512128 Oyster-SemiOpen 0
13.836721340121585 535.9541193041053 0 457.0354908175168 78.79247961413057 437.3739192616602 97.37164302881865 516.2913352107071 Oyster-Open 0
77.33532041092985 411.38641610622176 112.44095918205858 394.7459228202048 163.21402474612114 501.84389886137774 128.10859858414915 518.4840571380942 Oyster-SemiOpen 0
140.47776825143956 478.148658051063 189.41871672985144 485.0270071442637 175.86899140784226 581.4167805126687 126.92807135128533 574.5385635860383 Oyster-SemiOpen 0
436.67725489307486 120.80666033745516 474.9548951345787 115.83991723455752 489.7392881432461 229.7778060958791 451.46165453770664 234.74451120873792 Oyster-Open 0
585.3756588970282 294.98570806167055 599.2916399046953 324.6057844326941 544.9827631482913 350.1186753921474 531.0670321524958 320.4988116029008 Oyster-Closed 0
526.6977211135236 325.8962107981973 478.13029370059667 304.0050238703688 523.4936929342075 203.36939185506466 572.0602181474533 225.26034386192686 Oyster-SemiOpen 0
530.5842705231771 128.53817556253694 561.2590987010481 139.94825684337638 536.8767356251919 205.4964091975006 506.2019323424465 194.08637734507934 Oyster-SemiOpen 0
591.787857599993 441.53885891473885 571.8458069476765 432.36558577236747 590.0090273362002 392.8855585135057 609.9508486269042 402.0587702724626 Oyster-Closed 0
444.4478072198399 370.9354736163231 475.51380839169724 374.4286883569316 468.1142244509101 440.2271951823905 437.04822924126347 436.73401531587876 Oyster-Closed 0
364.6359916059737 408.87351319211155 396.7567198671168 385.72801732756795 431.3537861102668 433.7349579393335 399.2332414734119 456.88023861223553 Oyster-SemiOpen 0
248.0816889464768 44.761086412853615 274.23204583479674 20.91522932982929 348.4002810700622 102.25095946615751 322.24999373160244 126.09674509561697 Oyster-Closed 0
237.58721442587557 57.01481463964757 290.0588613485161 42.771482289612514 315.76618409853836 137.47531389588895 263.2945582662069 151.71859341457812 Oyster-Closed 0
212.19838013508706 175.74334331645784 182.4416036196635 167.60361615853674 203.81512744286738 89.4690764380813 233.57167895395833 97.60877103882393 Oyster-Closed 0
230.53317243269703 0.2786637012836724 242.95327140789595 0 245.92948390723905 51.16932571236771 233.50938496776507 51.8856019051585 Oyster-SemiOpen 0
435.0703697197605 218.2718214982843 383.4043889930763 209.5018399090785 397.87786584493006 124.23908939464867 449.543301488884 133.00902432647467 Oyster-Open 0
340.27612134254014 597.8735658393445 308.0563058018015 594.7604360338881 316.35630897166266 508.8848107138482 348.5749960665271 511.99788585958413 Oyster-Closed 0
268.46417516724614 196.85930513959198 305.1812155513471 195.0145680300488 311.9863282604638 330.4550525769827 275.26928992010653 332.29976508856237 Oyster-Closed 0
252.18915989440575 230.49563380700334 235.63097038313572 229.08499113261792 241.29455505179067 162.60879631558976 257.8525853362953 164.01943220686903 Oyster-Closed 0
312.64670234246296 21.466353924967358 378.2045726153592 14.093862099696533 389.8386860085884 117.54679387073256 324.2808202643937 124.91926578356615 Oyster-Closed 0
298.00191398600873 0 298.0019165533304 31.37254969797535 264.4850196966581 31.372546318048013 264.4850231059536 3.3075290438769716e-7 Oyster-SemiOpen 0
337.8262601798633 614.1301762141926 363.2554135538521 615.9946548517837 361.35807417536853 641.8644673502595 335.928922000021 640.0000000000025 Oyster-SemiOpen 0
640.0002234506974 271.895425 593.5758516508213 271.895425 593.5760997336183 210.19607800000003 639.999958438857 210.19607800000003 Oyster-Closed 0
173.42519946112589 249.6388043828344 136.24712307428126 256.47663872190117 120.64827539215912 171.66566201446554 157.82585622771876 164.8278747423754 Oyster-Closed 0
144.5087532128673 157.77763877210774 96.86220035677252 149.91895835058602 118.52166839831625 18.60206082633906 166.16776518952975 26.460700233708813 Oyster-Closed 0
67.0532299613842 361.4519845895722 104.66636091463442 392.88670685749105 63.86531647251104 441.7010061686181 26.25246464369411 410.2665846137478 Oyster-Closed 0
84.48738832033996 436.1781262812318 139.90947650832823 451.22566238899884 109.581007898596 562.9091625754662 54.159045844571665 547.8619518859095 Oyster-Closed 0
320.23331040480116 543.0505972718919 268.1998118107731 556.632069375615 241.98057967885688 456.19649358721074 294.0121564970468 442.6152863541159 Oyster-Closed 0
497.2854678819567 455.56593468590046 477.70024819881655 450.4274316222966 492.17387025550124 395.2699682272313 511.758758375654 400.4084258680595 Oyster-SemiOpen 0
