219.0892993651505 445.79663826978305 117.56218998110853 442.8093605345923 125.0723067382205 187.70292939967163 226.59331150534854 190.69011720348112 Oyster-Closed 0
429.9247686049057 442.9092608222115 375.30081180324487 455.19546028941124 333.4284823784401 269.0476307171722 388.049802469468 256.7617380308099 Oyster-Closed 0
285.1938620990404 4.031210089638436 357.1467513644893 0 386.45928180943883 146.91697442755208 314.50641173541953 160.40459872311334 Oyster-SemiOpen 0
640.0004508499114 240 595.0502861644054 239.99999999999997 595.050702991939 95.04273499999998 639.9999972031947 95.042735 Oyster-Open 0
427.61823764078144 146.3381123659755 384.699290833596 162.9292993610369 358.8444887755031 96.04725388277144 401.7631897143292 79.45611970936137 Oyster-SemiOpen 0
418.22010352057987 302.5696555166332 332.3158131353557 244.0993229162693 427.53438462234044 104.2112297164107 513.437120724775 162.68082425190383 Oyster-SemiOpen 0
305.9687577708246 334.75550116257534 402.8893134768441 295.5496991304264 492.81501917248534 517.8285545255635 395.89531059536966 557.0328338148549 Oyster-Closed 0
457.62322145434155 113.67222847253618 408.5944879643648 127.03865620205463 374.41463890361774 1.6652478249880298 423.44308920539333 0 Oyster-Closed 0
0 316.581197 103.905472 316.581197 103.905472 453.33333400000004 0 453.33333400000004 Oyster-Open 0
158.10744561604224 564.7202398407327 117.51781212718925 570.5463436374826 96.88127192108368 426.794732281969 137.46876728378993 420.9687841910648 Oyster-SemiOpen 0
9.607804219776881 588.9499048935389 59.96478117478546 521.1622320666942 151.4865974446002 589.1340735357044 101.13148740812903 656.9200546685335 Oyster-SemiOpen 0
316.7664109735779 104.46344486033829 275.1956020711805 134.5729093039656 222.66243549936917 62.04294422394845 264.2330818327173 31.93356462598424 Oyster-Closed 0
117.88279127526039 143.85037939457098 199.9107990432094 61.040810893947246 322.5274944803823 182.49866233824932 240.50033047256875 265.3073824035022 Oyster-Closed 0
322.68876144902606 341.3756388567452 288.06241826525365 330.1437369329773 304.6330462914193 279.0633165672733 339.2589926787332 290.2951489761528 Oyster-Closed 0
299.2584476094635 392.7537838725994 225.4517365724314 395.1947933015946 220.71605632307183 251.97786904800975 294.5201843386167 249.53690291083996 Oyster-Closed 0
340.7071523633931 429.1408469634631 436.6001470317133 417.9391884549515 460.93184573444887 626.1930275608021 365.0389365733281 637.3942135956138 Oyster-Closed 0
577.2569891673629 325.36644176167283 539.4512560637668 310.6504052166375 572.0442949046992 226.92439647117618 609.8494071981986 241.6402982819161 Oyster-Closed 0
0 151.794872 98.9026 151.794872 98.9026 315.897435 0 315.897435 Oyster-Closed 0
