512.7112925919209 174.72613548093312 477.0960997479415 185.08558911019335 446.4400358718558 79.69273072592748 482.05486799997743 69.33333399999628 Oyster-SemiOpen 0
329.3937754370563 117.88767701532053 276.38367550462135 116.74841899366264 278.91735500197683 0 331.92721999999776 7.951386703658792e-14 Oyster-Open 0
436.0664939999999 175.111111 481.05512 175.111111 481.05512 296.888889 436.0664939999999 296.888889 Oyster-SemiOpen 0
109.00653517215687 331.1711671006858 44.724939226071 355.2695835991469 0 154.23329711495117 33.63529347865551 130.13537318062308 Oyster-Open 0
231.4885102178232 442.2278024151927 116.21987771082786 431.70538420734806 142.98042308393633 138.62255731961963 258.2416296046722 149.14462995663854 Oyster-Closed 0
537.3446223204519 421.2607269646444 463.1030855104473 404.835845596586 494.43321921171446 263.24118015565324 568.6720935301855 279.6657548757047 Oyster-SemiOpen 0
220.47638275027566 457.8846894261775 281.5036261839123 424.7194245785008 335.5391551186767 524.1334656212733 274.51239695241384 557.2980419528666 Oyster-Open 0
400.29025180127064 14.075575656699025 457.8464664644707 0 493.64755884133046 88.89785896485893 436.0913686704589 110.3098524715471 Oyster-Open 0
286.10086321692506 110.86509588713861 248.55244715850858 112.87586358070223 242.67186847508128 3.062736340544504 280.22014838024916 1.0519716091497218 Oyster-Open 0
547.1648205838574 54.154484956140614 590.298801786048 72.29866739204147 564.146641442785 134.4695186209017 521.0126829845103 116.32537876944845 Oyster-Closed 0
475.7668168903183 42.55041312768771 523.0086553785804 28.899754699376064 549.4338497231365 120.35105583393633 502.1920270107512 134.00167544332558 Oyster-Closed 0
504.2078827997466 161.93724731500578 501.19394166380516 135.95138888137282 558.6582260942669 129.28651179179238 561.6722374588426 155.27228857889202 Oyster-Closed 0
490.2766991342651 310.2422324231826 460.5394562983565 281.81821544452276 495.38843119844387 245.3614562037185 525.1255101391143 273.78532513225775 Oyster-SemiOpen 0
457.4496989647014 387.03308097258525 495.0351382759254 382.13973185117203 514.880728937278 534.550117750364 477.2953149422392 539.4433382543375 Oyster-Closed 0
545.8563545484503 606.4608894017638 484.8128096295113 620.086628710472 442.37484462144494 429.99755504843245 503.41372921524453 416.3723729932125 Oyster-Closed 0
640.0001742898894 370.79365100000007 620.0400766108214 370.79365100000007 620.0403538617684 275.555555 639.9999972319347 275.555555 Oyster-Open 0
392.7729534100217 525.6649482799468 424.24992882064544 514.4043349509387 439.725715785753 557.6548912238943 408.2487921462598 568.9154003975272 Oyster-Closed 0
133.32093497752794 407.6810378111184 106.3308289739507 498.7291564202833 36.06573282304453 477.9020002971324 63.056475787379895 386.85495561597713 Oyster-SemiOpen 0
79.27032922067156 359.6536128891796 39.80869980456191 407.4593244010393 0 364.9609906732394 27.7809030086064 317.15570883364444 Oyster-SemiOpen 0
159.31251307672937 0 159.3125249449804 43.17460354643931 72.38069133723911 43.17458447614999 72.38071100000525 8.826039241061259e-13 Oyster-Closed 0
74.36939463150338 231.76702106718045 119.01812919524673 217.14942897217884 153.30044807546074 321.8578611293228 108.65179600208648 336.47528649969854 Oyster-Closed 0
180.48069917167595 585.1692946232406 134.9918804927438 565.2792510832408 191.4083138245769 436.28346010675216 236.8950344629411 456.1729781231412 Oyster-Open 0
9.025719206401845 639.9999351319863 9.033612316779909 448.88327067675607 148.97807228357124 448.8898819290582 148.97562410849787 640.0010807947343 Oyster-Closed 0
276.889875 217.142857 349.719811 217.142857 349.719811 360 276.889875 360 Oyster-Closed 0
