429.7580583529634 441.88501358423116 357.50752337044105 443.4679264824978 355.02160341857234 329.96367073857914 427.2698340145871 328.3807827354792 Oyster-Closed 0
348.58976470524794 123.55542385026385 348.59009024337865 264.00010895985963 286.60273787449114 263.99976889598133 286.6030257329112 123.5556680628885 Oyster-Closed 0
90.7861411516933 344.74503735294365 2.501553299734951 351.64035143217603 0 243.5817645687476 82.34470949042588 236.68653293605183 Oyster-SemiOpen 0
330.57266542127763 163.4555305551962 420.97775986025226 135.92141426116282 449.76478741518804 230.43809656348657 359.3597783573932 257.9720135114633 Oyster-Open 0
379.13415400144004 386.4657134418355 294.4079357008741 432.9817950905968 228.44081619397912 312.83599118638006 313.1645732961624 266.32075294283493 Oyster-Open 0
183.9858276846644 376.7794294430179 255.91794553642103 341.393540565178 308.15822458484035 447.5749107091195 236.22653173741128 482.96014990424635 Oyster-Open 0
574.7669664117711 197.54753923634996 609.7330621674337 180.99164667234962 665.1265825262817 297.97824285110204 630.1606173031905 314.53393549724217 Oyster-SemiOpen 0
361.05260800002725 0 361.05264695957885 67.22223468543416 290.07909857013146 67.22221049423149 290.0791204878624 8.238510084819906e-7 Oyster-Closed 0
421.5505409178877 144.19810032090385 344.50293789042917 150.80668558258066 331.84131739217264 3.186839114575917 408.8883278722642 0 Oyster-SemiOpen 0
176.32198681989394 259.4188258081833 104.82574741246935 226.1213691028383 175.59819201858772 74.1646640719941 247.09308772209624 107.46174496058897 Oyster-Closed 0
235.05082180890895 88.27417865765153 265.30448534846073 89.71580287235406 263.21054080544855 133.6585591032284 232.95687742029259 132.21693757040197 Oyster-SemiOpen 0
228.98154889291618 146.1963001006731 268.89733238800545 127.71323672285592 311.82359287908184 220.41433702522573 271.9078924471978 238.89727294634125 Oyster-SemiOpen 0
240.40007559269725 190.79308951493988 294.0389047362987 202.5625596436092 269.27026480421773 315.43944575857006 215.63147457847663 303.6701040288707 Oyster-Closed 0
273.6265339524107 329.2827034177019 227.57629002160684 363.0686195927536 177.24482609170082 294.47148900505533 223.29443742150033 260.68591381285694 Oyster-Closed 0
101.92347632495512 241.4213563507588 145.426511002006 228.42698810107802 166.08347735585994 297.5797251221707 122.58048416326346 310.5739986900351 Oyster-Closed 0
163.21534798167704 296.1944747987101 188.8344377528847 298.9381333760787 182.14033142321568 361.43996034969666 156.52124490392453 358.6963228399792 Oyster-Closed 0
123.79324733781687 453.33719494885577 92.0695992216497 454.35636693694164 89.91838756955985 387.3939428664667 121.64136846564361 386.37478163901346 Oyster-Closed 0
87.79173859031289 382.7386482588141 62.02996218744374 380.6694768075239 65.86713029726525 332.9023697770741 91.62857686722418 334.97152784185835 Oyster-Closed 0
92.01366706933186 413.44554058680524 71.94638200839108 411.94122897153295 74.79136658825155 373.9955786865743 94.85842800932005 375.49988185958614 Oyster-Closed 0
5.1520603300014045 376.36670156714683 2.936877736574388 355.1931665537733 50.83201286470285 350.1827771952571 53.047316493757535 371.3561737576742 Oyster-Closed 0
56.366375146244536 500.2481483614432 19.010049107600935 480.29631818340016 65.77601963253983 392.74993620113855 103.13133877512882 412.7014357439973 Oyster-Closed 0
88.56890169998223 455.0983800553436 112.8213735215104 473.69095581995845 84.1843270292884 511.0390065259009 59.93199324715533 492.4465879835442 Oyster-Open 0
0 36.253238 81.630068 36.253238 81.630068 239.198889 0 239.198889 Oyster-SemiOpen 0
138.01784938194032 202.35831980989875 44.04600250454678 157.61865915388836 126.61827003073995 0 220.58908137369144 28.924932883588966 Oyster-Closed 0
295.2376005237602 161.26801382728786 278.20814349070133 160.9687838246423 279.39154176798183 93.624641183932 296.4208893568866 93.92387022038415 Oyster-SemiOpen 0
508.330076105849 58.879028726623986 567.3664281699894 57.893038984251376 569.6536955261399 194.84228843334472 510.6173440108978 195.82827155928646 Oyster-Closed 0
534.9234647523554 240.96051693884803 609.8278144642973 325.18914561684846 495.6445871399774 426.722115077464 420.7418942087679 342.4950616015641 Oyster-Closed 0
