105.7551719674666 304.8443009504707 29.98202166214469 306.6967124562392 22.5071948725963 0.8966940668291167 98.27796255645808 0 Oyster-Closed 0
340.65820816620544 400.00005883056593 244.69890170068538 395.9274281036215 261.44628306879895 1.3926378829010932 357.40126913129643 5.465195582064004 Oyster-Closed 0
0 138.271605 34.750658 138.271605 34.750658 301.09478 0 301.09478 Oyster-SemiOpen 0
639.9999697593739 169.8761446665625 640.0009351963672 431.34265501330106 575.6589025334688 431.3416485851772 575.6597414799035 169.8768244958233 Oyster-Closed 0
348.0433698879642 204.74200455240026 420.2795036112366 206.79578834648203 414.04130941737094 426.1934754156466 341.8051764082338 424.1397429669132 Oyster-Closed 0
439.1876477157348 429.9786060207811 383.70953943500353 419.08604924997775 420.4298876384564 232.08637709904448 475.90534377370204 242.97865829671673 Oyster-Closed 0
507.2476196862408 183.41091714414742 630.2937265169749 221.6096319801427 541.7501479096973 506.80477068788025 418.7046336560161 468.60746765058855 Oyster-Closed 0
0 361.34458560214557 68.09360847997596 342.20918486219006 102.70282098681491 477.62039594441774 27.825465476198588 496.75538001105326 Oyster-Closed 0
127.55439489752462 282.22918842983756 263.70323124450806 221.59029939047724 425.1077272948896 583.9424408929087 288.96124431041244 644.5774412979292 Oyster-Closed 0
248.26849824014062 555.5258147795548 192.16797979046532 575.8951930160458 123.7633410836861 387.52645215758776 179.86006804479985 367.15785212539464 Oyster-Closed 0
573.746638482553 362.1823634250924 676.9238397871231 465.54411137277884 530.0793162560876 612.0964091841015 426.905974588517 508.73854173808536 Oyster-SemiOpen 0
