640.0002435074566 640 518.4830720000173 640 518.4843458410614 597.0370370000002 639.9991151880386 597.0370370000002 Oyster-SemiOpen 0
113.88640260935063 0.011839290036390806 177.43347139083198 0 179.57173544258694 227.5828085170902 116.02466675663891 228.1783306124197 Oyster-SemiOpen 0
279.81891250899935 289.8029120443058 222.1752921432926 273.59723234038916 270.22035983252863 102.70962652935933 327.8625833409751 118.91509899594718 Oyster-SemiOpen 0
332.53044734112336 113.67074941171028 421.4319563742174 124.32371182793737 399.0888599347818 310.77685625394594 310.18737245925877 300.12405009805514 Oyster-Closed 0
262.98628979297064 303.8672014127805 200.33734585922502 343.33397868604413 89.16862998485158 166.8733771635957 151.8156799999997 127.40740799998551 Oyster-SemiOpen 0
399.2964098993252 164.27831883396004 456.99946135355276 146.6227461966122 506.0600868277834 306.96037301809304 448.357143688263 324.615690432241 Oyster-SemiOpen 0
591.6236636604299 341.60786082582683 524.5455837399641 291.459111110911 609.9528003614978 177.22677996096627 677.0296914307255 227.37487984853541 Oyster-Closed 0
507.34817306292825 321.9921477373675 550.8202374456596 287.6324886556936 610.0804254008835 362.6028856025119 566.6087373910705 396.96212399045623 Oyster-Closed 0
603.2112214947847 264.255565770951 658.0540883538924 273.20755378349503 631.3188066530711 436.98289116396694 576.4759837680322 428.0310981226745 Oyster-SemiOpen 0
95.06046076021448 259.0204260783127 175.1524324640195 242.5522117874998 214.39079202078574 433.37067538737676 134.29895220448088 449.838477254434 Oyster-SemiOpen 0
0 181.72839500000003 90.285468 181.72839500000003 90.285468 543.209877 0 543.209877 Oyster-Closed 0
258.7648458695912 476.8556371240568 173.89898088855261 364.6333791998813 330.9452724311268 245.88205743796755 415.8101012799307 358.10156857401614 Oyster-SemiOpen 0
437.79467698383087 496.81503215778696 370.6842656846129 467.99665590277044 446.8960562823486 290.54670521326705 514.003217086356 319.36428896560705 Oyster-Closed 0
568.2399778054969 479.70634316414936 505.4072295327933 496.4702634266422 474.82039849790453 381.8399230188226 537.6508821911557 365.0763208085629 Oyster-Closed 0
256.4138212574471 482.26551864747074 315.83993398729945 331.91747169041895 455.1910048346326 386.9909936326391 395.76925324807235 537.3353169544235 Oyster-Closed 0
459.7721919773903 429.95939574976194 491.0386808077601 421.1704158478869 511.8129818703892 495.0630482354293 480.54654008272337 503.85191194784227 Oyster-Closed 0
481.20159894293465 498.46521478222195 503.5118939262611 513.220900314259 477.9097658253886 551.9227870910036 455.5995777093631 537.1672350358297 Oyster-SemiOpen 0
211.76724011609622 617.6049540530847 78.83223198259657 544.7621783791119 149.5976951663033 415.65267399735995 282.52668304710824 488.4933985061757 Oyster-SemiOpen 0
552.0980738373328 588.1199720568349 531.8141136235499 526.9014600938452 635.5623108508007 492.53326085076776 655.8469538877398 553.750395393311 Oyster-SemiOpen 0
420.5631290666497 490.36851380945336 420.566406075377 640.0031922298122 210.21151400003873 640.0000000000346 210.21481534800841 490.3719216142725 Oyster-Closed 0
