159.59544136654586 76.86897239685268 268.2861465635506 87.34709042931429 257.736171816141 196.78188326822695 149.04547067046224 186.3038240247889 Oyster-Closed 0
378.6284074954892 429.7316592017427 313.02140746855 405.62963472040997 358.3193780851434 282.3418803210654 423.924264518937 306.4434716680245 Oyster-Closed 0
336.29630176801584 477.32636636475945 270.32769479490526 550.6491041895097 203.1410014587891 490.21044089733726 269.1087079999852 416.8888890000175 Oyster-SemiOpen 0
318.6515279865125 389.4648919362877 274.3960206966585 359.1732183335064 333.8965260972327 272.25228571532693 378.1512183862651 302.54357249234835 Oyster-SemiOpen 0
436.62279671189026 468.91070918200995 421.36750076373573 468.38560730651005 423.6322352327261 402.605495216416 438.8872048596386 403.13059145675913 Oyster-SemiOpen 0
0 438.518518 22.741851 438.518518 22.741851 478.11413099999993 0 478.11413099999993 Oyster-Closed 0
4.953738713666098 473.6377477344796 30.686611169294338 471.44581780261916 34.17145642153628 512.3500883874716 8.438586075644707 514.542001856923 Oyster-Open 0
409.10250401168014 186.1809755107787 374.3102811698918 187.33173745384843 372.7455177576485 140.02017245259415 407.537546300955 138.86941366613473 Oyster-Open 0
395.1280997451977 37.377598987362695 434.7832736733835 8.390667324028874 490.6420915884519 84.80744450470849 450.98697471708874 113.79431305570465 Oyster-Closed 0
607.2764687909512 172.2836762799144 569.2163891048403 168.99127590069838 578.9556741042907 56.40865330114018 617.0154077929328 59.701039141981354 Oyster-Closed 0
468.97805464002886 322.3129227944006 505.47785455113626 313.86286801310746 519.6782942127174 375.1960506713766 483.1785174909601 383.6460363148669 Oyster-Open 0
579.7235008241114 419.0287100270059 555.2833309776906 414.987254977222 566.0088116177212 350.13518384388317 590.448530397407 354.17660078306625 Oyster-SemiOpen 0
291.6421242229262 414.58250930036087 224.30005762136716 417.8146985964046 216.2014048465062 249.07126711809153 283.5406356686144 245.83914654294028 Oyster-Closed 0
270.27581081965764 153.50654423387488 320.12581216367835 140.03090206623742 346.6641815315961 238.20099831767766 296.81421719214995 251.67654045273497 Oyster-Closed 0
319.44025663986395 149.39783215275222 361.188746963453 135.95544576978554 392.77191718625545 234.04214280589645 351.02347264954005 247.4844311250875 Oyster-Closed 0
253.01038081306615 182.861251725831 279.3194312223932 178.47818787002794 289.0154023024661 236.67585297907937 262.706356776107 241.05889668849926 Oyster-Closed 0
330.0482063864911 309.925926 289.0630653539847 309.92592599999995 289.0633407372661 233.48148200000009 330.0478479864978 233.48148200000009 Oyster-Closed 0
89.96599474288814 482.6441267666723 168.25500259750697 498.04044645809535 137.3024499094754 655.3957990640725 59.0136050000001 639.9999999999981 Oyster-Open 0
206.94109412957914 558.382203993147 230.620667429248 564.6875515917092 211.70610088876856 635.7022479141928 188.02656710606243 629.3970032980222 Oyster-SemiOpen 0
225.9497796143114 567.2624365499539 196.54497544448532 558.2457963997363 219.4194703973335 483.6656445983796 248.82342858676566 492.6821448386133 Oyster-SemiOpen 0
104.45196617169131 257.5608419523202 170.4150582535658 250.76146085423778 182.96140639984515 372.46969829312 116.99832804581092 379.2689817745744 Oyster-Closed 0
172.4599317584216 310.55560626572594 239.08461954357335 317.9601322320191 224.37170070130378 450.3310587114033 157.74703566377866 442.92667328866673 Oyster-Closed 0
67.18579444401257 98.82119215138822 52.281531997650745 109.33788665411717 12.17368380552216 52.497257188559615 27.077904710895382 41.98058339767524 Oyster-SemiOpen 0
58.464450344690704 57.25015538382561 88.07631510215288 56.695145247143834 89.32908409915399 123.53470409323131 59.71721939400595 124.08971297195663 Oyster-Closed 0
25.02165149191569 88.00092009519291 59.351305800373666 84.62289231821815 65.7163677184144 149.30808170620315 31.386714802210918 152.6860997072506 Oyster-Closed 0
97.65979273091943 97.25912616392023 143.82155255276302 86.27777866090709 166.3265556364786 180.8798435716592 120.16481521510286 191.86113527900068 Oyster-Closed 0
20.621730004131678 380.14715836647065 58.717291868888424 376.57746478521017 62.68979068940098 418.9668549586721 24.59423197367869 422.5365259230432 Oyster-Closed 0
25.312312621972524 464.60845152844547 44.17363592350739 457.79174846466856 51.639361535271746 478.44552040954943 32.778051536515704 485.2621972150372 Oyster-Closed 0
184.7548484208528 514.3154738976962 211.25878673177795 520.145731554006 193.0397110501508 602.9496409007922 166.535805515814 597.1194859655733 Oyster-Closed 0
305.39655955966737 639.9999989835137 305.39745291775034 576.5921419650981 346.3814921546873 576.5928636014218 346.38118777605996 640.0001290410283 Oyster-Closed 0
257.0651661568263 552.1297300138274 302.7278487283911 549.0647871007131 308.7529003057716 638.8055721619157 263.09022407382145 641.8704540476729 Oyster-Closed 0
439.4899339588301 107.90237632642886 501.14748535976105 84.5211515733533 545.0765723067161 200.36299017012647 483.41911666007945 223.7440479801668 Oyster-Closed 0
546.3908243030892 100.15918474183056 570.2566973576177 101.98910243814481 566.8808627073304 146.01643927329172 543.0149900933611 144.186525264641 Oyster-Closed 0
567.9169464651932 307.63191393828095 547.1896754854242 298.16298742762217 573.1800750523689 241.27412614129747 593.9071220262122 250.74299357912125 Oyster-Closed 0
613.755471667173 269.12722030380104 593.5953118779435 257.0361795458389 622.3623045720888 209.0734462875426 642.5223080135038 221.16442631342014 Oyster-SemiOpen 0
