188.1770829999732 639.9999999999649 188.18097498849966 562.9599734042265 335.4421553346765 562.9663302580899 335.4407979355892 640.0038166109111 Oyster-Closed 0
123.99988515186124 170.56570468873235 234.845511061867 156.2969310426126 255.69631870785088 318.2684982712305 144.8507345620601 332.5370583039454 Oyster-Closed 0
226.56417226295162 345.07025782303964 167.37473731860518 346.63042188513936 164.9511650136992 254.6667798895085 224.13940917162108 253.10663132641938 Oyster-Closed 0
86.86429242770828 364.7896991519601 119.56191863908316 280.4448024235177 220.2409019647166 319.4715457444217 187.54463864519494 403.8152901642902 Oyster-Closed 0
0 336.06152857185896 27.318677189323353 275.206038516081 113.55160552746383 336.5517399836733 70.25693468618556 397.40641505856775 Oyster-SemiOpen 0
211.8005119999725 343.7037030000152 290.0847905800765 261.3903623930835 393.944627255114 360.15863722502047 315.6618979621999 442.4704430508599 Oyster-Open 0
451.5000634813623 389.6247503116705 508.182870144592 329.87287493859463 604.453405355307 421.1882996748938 547.7717911478976 480.93899308763787 Oyster-Closed 0
204.04735827200057 397.0766949308418 163.10826985296444 496.8195394519094 61.97776962631906 455.31495838473285 102.91748041374376 355.57381954782693 Oyster-Closed 0
581.6759368139901 461.31273385520876 641.6171614020277 583.4605986857241 587.9220012454607 609.8032633872025 527.9824888583244 487.6568611176036 Oyster-Closed 0
192.13620942136913 624.4668055427885 141.7915806450037 562.2020096734345 218.54005572778988 500.16199114204795 268.88398987932305 562.4254952635331 Oyster-Closed 0
