504.7146925950801 555.303868540192 583.2873369129811 569.7149334809346 567.7490602166654 654.4107860660788 489.1764890000195 639.9999999999965 Oyster-Closed 0
233.3945856734499 639.9999881282979 233.396521224131 585.8191050601392 337.3778292217321 585.8223842419281 337.37717997712025 640.0019722986065 Oyster-Closed 0
138.649494 0 220.52366900000004 0 220.52366900000004 242.962963 138.649494 242.962963 Oyster-Closed 0
387.86805094576266 207.8738518008335 373.1746416918759 175.5772642936264 501.14893099285837 117.3559480717868 515.8424073330389 149.65225021645986 Oyster-Closed 0
302.55301630873873 143.73174555375732 324.47579319006763 147.38407795417453 308.793779235275 241.51146888494463 286.87100819544867 237.85916164703502 Oyster-Closed 0
494.8471742039692 132.84149444407615 566.8535503077874 190.05141500214677 475.644857791267 304.8452061898539 403.6391000229196 247.6359700633559 Oyster-Closed 0
223.5634317590302 175.36649836870572 271.2935981706687 167.23399916271998 289.0053196674853 271.1818936575178 241.2751716308412 279.31432201968727 Oyster-SemiOpen 0
339.0516154148645 392.00260112445324 255.8256084232562 376.14662037376047 310.64249572867993 88.45148376492652 393.8634809997893 104.30692575955482 Oyster-Closed 0
153.08356525725685 396.83167320610767 61.9854764201591 342.84272093674247 142.31143947945384 207.31763702597962 233.40708035728312 261.30566024981084 Oyster-Closed 0
517.2184734215261 359.78836 455.88484413470724 359.78836 455.88558947369165 257.354497 517.2177219999867 257.354497 Oyster-Closed 0
132.60330316406908 320.293621116307 283.22903562919237 263.8377015136843 369.6892583902809 494.49265016938307 219.064641706791 550.9464501110414 Oyster-Closed 0
637.2976604126598 455.81415559664936 566.0208781004621 553.533833588766 375.2396766293532 414.3930854610916 446.51527692614764 316.67698510514435 Oyster-SemiOpen 0
484.8738925359794 663.0433736200987 382.89003252226394 639.5237320569055 420.88018273658236 474.8520090446968 522.8571716272563 498.3708361254792 Oyster-Closed 0
