556.157275443984 207.79477001280284 488.8520411052741 208.6548706143822 486.98771256509644 62.72536025735117 554.2919636661827 61.86526591778383 Oyster-SemiOpen 0
428.7132237197511 233.27893902211034 374.3633959221188 247.65987491839297 352.15693938436743 163.7363161840017 406.50609983262257 149.35547354154954 Oyster-Closed 0
337.2396376825054 169.86338320790296 341.22989712574054 259.59747478950123 270.2382744440547 262.75371707648287 266.2485467433726 173.02013382567287 Oyster-Closed 0
362.5725103797595 283.63967966193843 394.9427174649463 286.67300734734886 386.30253268085653 378.8698142778679 353.93233048445836 375.8365211275788 Oyster-Closed 0
603.6840651417151 412.106953815854 558.0665704639978 413.32827173472 555.2529402211076 308.22032732255605 600.8691361790989 306.99902692760566 Oyster-Closed 0
421.12686542081065 435.9732926755867 387.41516788977606 427.7326014681231 414.76491160203295 315.8630244943285 448.4755569131812 324.10358021424855 Oyster-Closed 0
308.0147291893809 331.64758772663777 361.5881843800162 350.8153149681203 330.2216051110008 438.47489144150705 276.6482765056571 419.3074183022095 Oyster-Closed 0
119.48535156872822 347.00797219037446 147.7441992682725 345.33556478830644 153.26650057424558 438.63638938772624 125.00765480472182 440.3087739583378 Oyster-Closed 0
303.2187009358313 481.2924695275612 249.31286303901288 497.104650725835 216.25757053829147 384.4275533651223 270.1614631065604 368.61567866744053 Oyster-SemiOpen 0
320.10201848512224 432.2594164966747 356.1760848600534 430.4157006411188 359.110358940743 487.81880296138297 323.0362939785846 489.6625006305481 Oyster-Open 0
639.9997895033448 398.2216321484734 640.0010882561037 545.7778482413198 552.092503221138 545.7768950077668 552.0934844866133 398.22298007186316 Oyster-Closed 0
456.90920287663175 444.0075526007127 497.9411375149357 446.8910146335281 490.917712083683 546.8175512346805 449.8857830608904 543.9341424580299 Oyster-Closed 0
302.5093342088803 571.9551185741923 258.19119184219744 599.071930695035 174.39733403276477 462.1497889333022 218.71345882267633 435.0337726990478 Oyster-SemiOpen 0
494.26047983819444 546.6923694644612 453.97556887626706 621.0148190178572 334.1323121431924 556.0687282856283 374.4173755072552 481.7483521336043 Oyster-Closed 0
104.68470495150541 595.2544629432016 125.05588076950517 511.27879519695773 160.0054556786199 519.7553705025872 139.6350092139619 603.7304042189513 Oyster-Closed 0
485.68246653339884 526.8952611459259 536.1299939794117 537.152613996913 513.4385099349311 648.7255883755687 462.99105746336863 638.4684913575918 Oyster-Closed 0
203.05796532033128 534.7750947284062 280.1677561147517 537.3249001521214 276.6909347332694 642.442923538043 199.58114571236365 639.8931769270125 Oyster-SemiOpen 0
