578.6907776017324 273.9180814200293 494.8304139472748 280.90441786136887 483.9938576487475 150.82179991048906 567.8524660069525 143.83553790109627 Oyster-Closed 0
516.0517036468809 270.23719528901677 474.19145638101327 283.64764509365267 450.0065298841946 208.15782711096512 491.86621799999557 194.74747500000032 Oyster-Closed 0
463.7374320363597 385.7490794931533 427.31265614282165 364.1562095383302 485.92199811573664 265.2977872437739 522.3459763333085 286.89035298184626 Oyster-Closed 0
640.001508997957 474.54995999999994 595.5259234160621 474.54995999999994 595.5272601702745 251.313132 640 251.313132 Oyster-Closed 0
521.8130241861945 290.8464509687224 576.6009588991437 283.37905443980344 602.6951192672277 474.81186039502376 547.9072237464425 482.279049287347 Oyster-Closed 0
563.9428241777205 513.1025133051377 542.5800162102678 518.1994142060033 500.1654207919637 340.450277806963 521.5269889999763 335.35353499999826 Oyster-Closed 0
288.3318613528536 416.2005891375182 372.72196797646757 350.6751894190852 472.4041766390292 479.03955131567363 388.0156909341895 544.5631626939795 Oyster-Closed 0
510.6992456019361 566.0255236316699 455.533787800523 580.8400898748462 395.4507172651938 357.13899136569455 450.6122785383923 342.32495608038573 Oyster-Closed 0
485.7304773762007 401.66832263486106 541.6666826518485 403.83731417285514 533.0948350809194 624.8575731906967 477.15863304511004 622.6886732764614 Oyster-Closed 0
422.0847272564424 538.9576292570155 363.92092733054596 567.2959825562215 343.78812535403995 525.9817949438124 401.95102429519466 497.6437033106082 Oyster-Closed 0
588.2407898538804 459.7520716342598 664.2002034583857 489.9559696586732 606.0112814413151 636.262316680539 530.0523722867365 606.0593823672095 Oyster-Closed 0
295.78665069915587 582.6509718419378 241.19037587632192 621.0155768249663 201.90665693371557 565.1240163468817 256.501803995925 526.759971318204 Oyster-Closed 0
473.4019969720248 631.7977524895865 443.61919621325796 640.4388602944215 414.8925985363894 541.4527364712822 444.6741320654837 532.8118250289095 Oyster-SemiOpen 0
