520.1812791539123 75.64042627918754 607.9085700027645 100.5396242309201 569.7860365083761 234.85442366336446 482.0588139551546 209.95542417483082 Oyster-Closed 0
190.42102365769097 280.3692612532363 144.08811304754636 254.31467151567173 188.856287388262 174.70724315420554 235.18861229233153 200.76162535346947 Oyster-Closed 0
167.33004459871154 249.11983063187424 246.6487005296949 243.7675137549178 253.14311473244743 340.00585990823936 173.82446428884577 345.35812046727506 Oyster-Closed 0
314.9840467676404 284.52099223862155 352.19979163965036 278.6353502861734 367.25075448259304 373.797583487175 330.0350259944389 379.6831557378342 Oyster-SemiOpen 0
309.46853815687064 378.63172408702377 258.7805099347315 379.68736908344596 257.2944317393558 308.31358226021734 307.98153473762795 307.25794690895356 Oyster-Open 0
12.222804330594954 478.6367953781747 72.07030543147994 460.9917596493152 100.24062690499704 556.5205500793054 40.39327135811618 574.1652470979702 Oyster-SemiOpen 0
360.8882516632002 0 410.55646005333983 1.7168650810017916 398.89659432839835 57.19841520805397 349.22838832018897 46.7602766940798 Oyster-Open 0
270.011696090296 0 351.7679942079849 0.4818074904777411 326.994548181101 134.9748261849196 245.2382685286284 119.91550140378521 Oyster-SemiOpen 0
51.47838551296445 0 134.73403484706068 0.4999546573413568 133.6980933398445 101.82937829888736 50.4424440083676 100.97821671539396 Oyster-SemiOpen 0
0 197.958228 25.946452 197.958228 25.946452 273.333334 0 273.333334 Oyster-Open 0
13.062098700611386 312.6463203575388 15.598261014092714 268.1656551033826 96.35558561341895 272.7698187000842 93.8198377835215 317.2500856502631 Oyster-Open 0
171.50235870692995 276.84545917979244 123.691071918729 304.92289040705685 80.6332792989997 231.60552979620152 128.44394854611892 203.5283315110664 Oyster-SemiOpen 0
184.33802412509976 370.1479855437276 119.63525830753497 384.6995593841373 99.1475586139859 293.6062843270906 163.84888448184938 279.05487860617444 Oyster-SemiOpen 0
0 489.629629 39.691317 489.629629 39.691317 584.444445 0 584.444445 Oyster-Closed 0
325.0986913184897 522.0621761612443 353.16780081215256 528.2611272501019 329.88960025046254 633.64046362023 301.82053719581745 627.4416564888246 Oyster-SemiOpen 0
264.40419100472354 528.7204216775392 297.6065898896195 506.32225313136564 336.35950281204714 563.7562716236089 303.1573637771362 586.1541233700586 Oyster-Closed 0
613.6077256223507 101.90128617291569 501.089540530229 75.63918392250906 524.8197305797657 0 637.3375086843589 0.23209589041471745 Oyster-Open 0
504.06915243809635 0 520.0881789628329 0.7010532239395756 505.0308363212389 54.25824999295796 489.01181071734754 49.754583639150816 Oyster-SemiOpen 0
422.0791381541494 248.53374409540766 452.3907669491018 253.01873923415027 444.11461234660237 308.949637080865 413.8029895571526 304.4646682005514 Oyster-SemiOpen 0
338.0540898174513 410.69677748431525 372.94223002769286 414.19930711866346 364.4310733688326 498.9649831982049 329.54294078066596 495.46250420998143 Oyster-Closed 0
506.35553521773545 365.08693575195366 522.9182178703195 387.15172012167415 473.07499989750795 424.56137828569604 456.5125394680217 402.4967959066056 Oyster-Closed 0
387.8429927328398 100.96532916840306 352.46252803044626 112.33332676239145 329.72676898258214 41.57327940715977 365.1070973368769 30.205306185614592 Oyster-SemiOpen 0
67.5223101224401 125.26092681194066 113.57688615658844 128.9602803967392 103.91930952660914 249.1882095541864 57.86473695203313 245.48888652299607 Oyster-Closed 0
0 65.185185 41.76422600000001 65.185185 41.76422600000001 194.814815 0 194.814815 Oyster-SemiOpen 0
144.0943198590685 32.204545729496004 207.25251999618195 52.38243703313537 177.89277784118894 144.27996691763113 114.73460427187092 124.10213860206001 Oyster-Closed 0
225.34521685622167 193.53348381247696 175.34179354523076 179.99621015217784 199.37666482583154 91.21981268623868 249.37960434508568 104.75701522937526 Oyster-Closed 0
84.9381524266937 258.6731583432282 107.8018282471021 253.08393999540908 122.21316426672274 312.0326733459572 99.3495014882501 317.62185566470345 Oyster-SemiOpen 0
79.76998736645328 420.4478189929807 51.98203379608458 388.08533735300614 105.03453925310168 342.53701442160593 132.82229084121354 374.8991835346786 Oyster-Closed 0
0 406.66666599999996 31.351449 406.66666599999996 31.351449 479.25926 0 479.25926 Oyster-Closed 0
