311.5104170000268 640.0000000000034 311.51565564083285 568.8864138653362 527.9015566018643 568.8989713153425 527.8997647800861 640.0091005248605 Oyster-SemiOpen 0
267.3818512776779 530.0980890338046 331.4703906259092 557.9367152986827 284.06226146413246 667.0483172024382 219.97415824567724 639.2104263840545 Oyster-Open 0
7.918900972654228 2.846134536529506 177.6309954093449 0 222.92598492531397 261.53433334933317 53.214003777247854 288.4490394690101 Oyster-Closed 0
397.7001289371401 96.39500800519605 518.7299758943118 85.26975112790582 531.1134788161144 219.985949568117 410.0836477734265 231.11111690375566 Oyster-Closed 0
314.7874368345947 247.33815190357183 288.9985861887544 244.18586995111664 305.33971819815633 110.50465887085679 331.1281228389271 113.65691369541052 Oyster-Open 0
370.91742797667393 379.33261719312213 272.13119028456276 362.55555129522315 321.71048593991145 70.65641439931603 420.4915334558609 87.43300797084574 Oyster-Closed 0
294.2896255481901 309.55875168526796 196.45215827164066 315.0598180851735 188.17049115416012 167.75207309055946 286.00534482196963 162.2510814046289 Oyster-SemiOpen 0
340.1921023516479 0 340.1921514165588 77.0370525043306 240.39925494747877 77.03699262484463 240.39932164108905 0.00001662791392931645 Oyster-Closed 0
363.2907442688884 370.65207439237156 445.4437428469828 256.780677658079 570.0432690014713 346.6666660000268 487.89283899946895 460.5357622743387 Oyster-Closed 0
166.01487126536085 338.69217862472846 278.3643326207675 280.93642357987363 397.7989592756785 513.2409903105017 285.45107949132216 570.9943720156753 Oyster-Closed 0
186.5069326410594 649.0916633612886 22.403955000045244 631.1111110000021 64.33202178137435 248.61244752263747 228.415156234405 266.5919401149145 Oyster-Closed 0
579.0067056064436 435.1847855347901 674.6386213217193 576.4041888703181 531.4577383510914 673.3371486176245 435.8315154772572 532.1227804562852 Oyster-Open 0
