271.8873280549451 3.7166175909275463 338.869003840955 0 376.91546159403515 132.27352013171057 309.9338118859305 149.72705581559646 Oyster-Closed 0
472.941965 81.26984199999998 502.454749 81.26984199999998 502.454749 142.222222 472.941965 142.222222 Oyster-SemiOpen 0
204.82766688874108 243.051252612195 111.01173523202306 184.09408228705243 216.08817958593136 16.894245308462853 309.90300584329816 75.85097457975449 Oyster-Closed 0
44.838564351885 32.130653720412084 104.46717092578183 28.404844423805365 117.70326356454461 240.23585008702224 58.07466012673103 243.96162184927093 Oyster-Closed 0
110.93141375626146 82.37689788088394 169.1547985260695 85.10506582159998 163.96141694567632 195.93861045346884 105.73803283194138 193.21045825474584 Oyster-SemiOpen 0
639.9999999986176 0 640.0012182689534 312.29227200806343 522.3454365226644 312.291239527285 522.3463836761948 0.00009807792733585394 Oyster-Closed 0
249.05660638156405 49.10736625338082 223.61850725967088 22.54356766045513 258.5711943390197 0 284.0092849848588 15.635884677055426 Oyster-SemiOpen 0
163.96051391820947 223.12036372567107 189.0777425977285 257.64152303859953 110.10660648804333 315.0965560002335 84.98975192582293 280.5757339836938 Oyster-Open 0
187.4470780246338 182.88353690052205 315.34632350842 151.00644733052886 367.0002741017379 358.2471828590591 239.10127338691382 390.1236009586072 Oyster-Closed 0
164.7646332653676 503.15530421652653 67.20627631359093 463.9773940303379 142.99634499970125 275.28111143710424 240.54952929611318 314.45784463636403 Oyster-Closed 0
78.8210502203583 5.233567017305365 104.66345638647908 0 137.3222202254692 82.89779276968216 111.47982102163951 92.5621923525043 Oyster-SemiOpen 0
406.95861781205167 566.7604841231932 316.0840812193055 587.9175087653053 266.3901611246547 374.49390675207354 357.2580002489849 353.3376934952204 Oyster-SemiOpen 0
640.0015998212621 640 458.95618712267606 639.9999999999999 458.96313143537554 476.0493830000002 639.995946851559 476.04938300000015 Oyster-Closed 0
228.31194953876548 639.664562676843 104.13550868652237 643.5426511522255 99.09927558765048 482.18763045288534 223.26736348986742 478.3096724669033 Oyster-Open 0
381.0294837609399 94.36108215681672 438.82505433219194 105.63381395732436 413.0909237546439 237.57092956091978 355.29537706861447 226.29829066674205 Oyster-SemiOpen 0
