131.0550069963938 594.0415278476192 151.15431823272957 566.2659683362236 178.23238396376837 585.8556276002678 158.13329893797345 613.6309832807519 Oyster-Closed 0
269.41352928559354 553.773593107146 309.6999098301603 552.6216890114504 312.1927677907661 639.7838824057944 271.90638814448903 640.9357641525235 Oyster-Closed 0
531.8526455111714 639.9999453684633 531.8534565846494 593.9598916129355 589.8292832920561 593.9609054721715 589.8290849985642 640.0003430430233 Oyster-Closed 0
140.27651800002786 640.000000000025 140.27674144010234 612.1936531825393 163.4148016142717 612.1938570499688 163.4147279998433 640.0000539065803 Oyster-SemiOpen 0
164.59742936844123 42.93270300483328 199.15738230702118 40.94030739068026 204.3722280041402 131.3962528947083 169.81227582633437 133.3886427431179 Oyster-SemiOpen 0
7.331654157023877 102.55796016791871 15.097417655269965 71.6282338221428 62.20699779558345 83.45632165789488 54.44129473369685 114.38599569629997 Oyster-Closed 0
56.543563268496655 67.79872462190451 87.62240717798704 64.15805416946216 94.21605351992184 120.44487380959629 63.13721083337441 124.08553705297004 Oyster-Closed 0
248.13244471748476 123.6474505117465 224.5118139241822 119.49696475693054 232.42090371415543 74.48650995151074 256.04146294477687 78.63698961137852 Oyster-Open 0
265.70616496625007 130.99594368857515 240.63837603236607 122.39041275659615 257.5624975599203 73.09126647821034 282.6301955139934 81.69678035862756 Oyster-SemiOpen 0
19.041717603467987 121.86950904411248 0 117.73640157504273 0.3596140645095147 93.90332839473925 23.330051317534526 98.03643180440699 Oyster-Closed 0
267.0461857384362 142.94784467283412 272.6762901604525 82.80000429979836 305.0717381123832 85.83235579405768 299.4417234424327 145.98011310867352 Oyster-Closed 0
77.41106503432093 123.28025069642135 69.35990091486019 137.3800994283443 43.94274787548056 122.86677397441554 51.99391253554495 108.76694370152154 Oyster-Closed 0
274.336010583429 132.93694921827236 288.5883591383754 136.94386470025515 281.41766807653767 162.4491685469621 267.16532189057034 158.44225882637966 Oyster-SemiOpen 0
263.2587224407325 164.4339607214997 291.6352213227947 141.6404515619633 309.79235526552657 164.24454509198546 281.41589309321716 187.03801356597683 Oyster-SemiOpen 0
91.04811548771977 149.78539695962786 119.05345159961144 149.26050773587664 120.13371845067013 206.89660744539145 92.12838237712276 207.4214946488445 Oyster-SemiOpen 0
153.4314656369679 171.9571671203318 180.45690426137298 185.46447942010244 158.5838412567682 229.2268159579743 131.55843492786516 215.7195525751001 Oyster-SemiOpen 0
317.096271406117 130.66296997801038 370.72804796436685 115.27567746966717 414.2832506567356 267.0820796909252 360.6515526602743 282.4691962078161 Oyster-SemiOpen 0
239.5810960703966 172.23603188304466 283.75307614012854 173.16450438767606 282.0597214355803 253.72318307744376 237.88774146487413 252.79471649859775 Oyster-Closed 0
568.4760078582622 194.5633615495202 591.6987221260933 185.85840323302534 612.2589285725553 240.70624912618715 589.0362362881569 249.41116593722043 Oyster-Closed 0
625.3060630187974 247.59815992872117 600.8178042492364 237.17839789261922 621.7871119757183 187.89889501926638 646.2751853741793 198.3186122230342 Oyster-Closed 0
273.0330543337186 13.347003057586386 286.2077400882845 0 325.83026829473965 28.11612017155285 312.6555898508377 44.74292703296214 Oyster-Closed 0
360.9780861256877 270.4130533833936 332.94810806233727 277.1675012205625 313.2297385012498 195.34161934228538 341.25933492083277 188.58721868981752 Oyster-Closed 0
151.07467426758376 208.09289993029154 185.1028416416375 204.69835082345435 190.7521972819086 261.32736370737615 156.72403235148522 264.7218961165212 Oyster-Closed 0
79.09572809796373 203.56612631092463 141.26079836314602 196.68927384871407 153.38270800217288 306.26366397661866 91.21765108277032 313.14044416662296 Oyster-Open 0
506.21357591262495 311.3180698916624 470.76496927933476 290.9387465999254 515.5688882980758 213.00979879762048 551.0170207850024 233.3889506118146 Oyster-SemiOpen 0
54.67894209665246 248.92200153521173 82.9882415937027 245.05025754500252 87.86555100421538 280.7102364803884 59.5562543853157 284.58196673184415 Oyster-Closed 0
273.89533239205775 225.65892953034484 329.896920462852 208.06299179203378 367.9483192497719 329.16109572442764 311.94684056310507 346.75680407235853 Oyster-Closed 0
199.746738260219 350.7672062034144 150.4049428142025 344.16100573387666 165.382045414226 232.30942584266887 214.72268377554428 238.91554924814625 Oyster-Open 0
542.8115443122806 328.67059258486023 527.9346110487677 269.7088638666529 582.3544400429819 255.97879669368538 597.2316077726282 314.94016471034126 Oyster-Open 0
79.2308957073692 365.1214216626404 37.32486995802901 358.17382167248064 48.749826477942406 289.26967170010425 90.65515523398062 296.2172127372321 Oyster-SemiOpen 0
487.284545478542 374.03091046025133 471.68918203693465 370.4586391452526 480.3881806769641 332.48569358177747 495.98339065116306 336.0579466180439 Oyster-SemiOpen 0
131.89818650964298 301.42278078263496 185.3910455834557 303.5116091452192 181.168332771922 411.641669291543 127.67547541232489 409.552870804064 Oyster-Closed 0
551.0846328847401 310.9211714745695 597.2727399264841 322.213192822455 576.7482644074335 406.1572959451727 530.5602036714845 394.8654050713923 Oyster-Open 0
398.6821498360223 444.3783087383784 356.7962354757765 446.1985738886211 349.59494100286975 280.48916118953866 391.4789331342763 278.6689386266258 Oyster-Closed 0
640.0003346391168 421.1240030000002 590.0363152656791 421.1240030000002 590.0368090718985 346.43874600000004 639.9997688879375 346.43874600000004 Oyster-Closed 0
186.45364097603306 341.8182992762548 235.93371065100655 366.9877309674678 197.44672158143658 442.6397894451832 147.9668571602815 417.47066841200757 Oyster-Closed 0
210.98357893599314 343.3777339542624 266.50841930175375 323.6592118411241 310.17432729415304 446.60391208129613 254.64967362604511 466.32205673177174 Oyster-Closed 0
313.80835464340635 319.4434734282956 363.3041449864686 326.9801254766225 337.92275313702703 493.6496250304708 288.42700751185475 486.11316465705045 Oyster-Closed 0
51.556370954349404 410.7425919146774 44.669117450903286 451.7598684834457 0 443.10375462459916 0 402.086818000035 Oyster-Closed 0
398.32154836498376 389.5773107302352 433.1589886290021 392.8032697731952 426.69857672051876 462.5608252567918 391.8611412977043 459.33490189419524 Oyster-SemiOpen 0
500.2873415331851 439.31917312612063 522.0605417645129 389.3383703178597 569.393649745034 409.9555883475482 547.6209311791172 459.93598207995177 Oyster-Closed 0
163.2898849247431 454.67382186445656 137.35119990444218 444.77819777487076 149.1076807299396 413.9665395526643 175.04611884789483 423.86211140061414 Oyster-Closed 0
471.57669531792635 429.90089214049385 449.2685223222361 476.3064084906702 409.0294230507425 456.9651753718366 431.33766722698056 410.56000359393005 Oyster-Closed 0
640.0000694281334 504.61538500000006 627.1938236064307 504.61538500000006 627.1938862220122 476.48254899999995 640 476.48254899999995 Oyster-Open 0
237.65662206336856 453.8359077610098 302.1384777197818 442.9594631506599 321.9781176702236 560.5593587296883 257.49632156708685 571.4355591557717 Oyster-Closed 0
85.04226434095472 547.984470156161 36.00787096962449 557.6944186289692 24.52189802650537 499.70040951649133 73.55517778960348 489.9905755803943 Oyster-Closed 0
419.29828899461427 510.83274823756904 433.4723821422813 511.02246879865095 432.8790112905699 555.3442649798674 418.7049181803013 555.1545460833227 Oyster-Closed 0
63.2691758612782 469.329712858916 116.62227647837426 456.68811272540955 158.03332958392275 631.4253844821017 104.68039096478606 644.0665243051409 Oyster-Closed 0
450.5398615999002 552.8997033232405 484.16369331927854 591.8147338746994 450.60970507875027 620.7986207942979 416.98627076293633 581.8839668667634 Oyster-SemiOpen 0
544.0788578692445 475.13765899328314 588.0954501636734 450.3922873501676 625.1375247587566 516.2705955752111 581.1211802865728 541.0156217124979 Oyster-Closed 0
551.3713980252214 467.1919683265881 552.2247781336046 445.661595463058 600.5340895370318 447.5760165844276 599.680893359473 469.10621121924623 Oyster-Closed 0
579.4764541080076 433.23657223018347 618.6440497500007 410.5725762256853 645.4419002060604 456.87775432166006 606.2744517960527 479.541549474479 Oyster-Closed 0
581.3235602703935 454.6336196860185 560.8037125242845 434.6637475700516 602.6662969781319 391.65410209790036 623.1859469919436 411.62378863920253 Oyster-SemiOpen 0
