274.4183427419921 232.71525610404328 154.10833389840263 257.9363551288884 100.71568450017367 3.240560518050976 221.02322603233915 0 Oyster-Closed 0
219.8606695586932 226.55178549362284 252.31943224949646 218.12763820534025 280.02389366854914 324.8692198166551 247.56516745168483 333.29327176049736 Oyster-Open 0
258.99179931635445 304.4862723680046 318.64973040879704 325.9183126023356 276.83264114421036 442.3079747775765 217.1748891993775 420.8763021110835 Oyster-Open 0
480.89508205135644 11.746284532137334 519.643227088527 7.025065651332366 535.9615456304164 140.9528979736294 497.2134055670176 145.67409914894753 Oyster-SemiOpen 0
270.6740328868909 224.19753099999997 193.48026517531252 224.19753099999994 193.48078483897552 90.864197 270.6733132545196 90.86419699999999 Oyster-Closed 0
399.1184713630355 177.12819176762133 445.7724280608818 94.80004650821314 634.9968731479021 202.02777300496615 588.3443795948551 284.3546536576306 Oyster-Open 0
445.979783934672 188.61275184584488 455.55724713580275 131.685372383983 527.9038934036362 143.8567553123534 518.3267240568239 200.78386900094614 Oyster-Open 0
496.1191738339403 379.4228512614786 566.1273076519865 405.39964569545106 520.8271670420072 527.4666378879875 450.81932135493844 501.4904066714487 Oyster-SemiOpen 0
354.9365724022937 273.9043157176551 472.2125472818152 176.16261124287223 590.9231902455213 318.5914282233534 473.64909961019293 416.3310982763256 Oyster-Closed 0
327.5218927516107 452.44782108786814 296.92712319920247 306.7299234695026 421.41420881758677 280.59602050121805 452.01082485808 426.31123165671954 Oyster-Closed 0
607.2276169547695 136.2127330297527 580.7177539887925 132.32419062250887 585.8142854776816 97.57961555738491 612.3240679471928 101.46815192319167 Oyster-SemiOpen 0
452.20003636590263 5.968091249694641 471.20178551202116 1.8218890055657075 496.49864574937965 117.75534439547286 477.49689992117055 121.90153565196024 Oyster-SemiOpen 0
592.0772865590698 351.0673790624221 556.1942538261064 360.378957351244 532.6011146185192 269.465696975145 568.4834040702117 260.1542201362604 Oyster-Open 0
585.4570795685868 298.30444832920466 641.2936089722643 299.3869779004465 639.4212462332507 395.9547276408821 583.5847171581554 394.87221158361274 Oyster-Closed 0
614.9650873601058 459.12477935721853 618.0802422645502 418.84531014831646 641.3112004856521 420.6417407574843 638.1962096721691 460.9210562819628 Oyster-Closed 0
489.32107744854875 596.5041182798957 472.6851646920113 593.6985526493484 479.25970380951185 554.7247822072771 495.89534162034397 557.5303241879262 Oyster-SemiOpen 0
456.26100935129216 543.4656985117504 523.9509206757793 580.5386640158474 471.066098368392 677.0720502601291 403.37683199999447 640.0000000000014 Oyster-SemiOpen 0
231.12697293487145 542.7736484111477 193.6584069651144 552.3482475570187 170.66911215610162 462.39821308738897 208.13643971989222 452.8237798464415 Oyster-SemiOpen 0
57.18485920871899 505.527646599138 14.204867677690345 490.1928753350086 62.57965064331074 354.63162283425964 105.55787415149098 369.9660511927898 Oyster-SemiOpen 0
47.8657499129622 319.65253086813516 27.588785825573723 307.53913054320753 69.6435775012651 237.14691077153594 89.92027821448573 249.26021008632904 Oyster-SemiOpen 0
96.05006835714448 127.99278982069566 131.11157229330274 135.7070903995004 111.84943904911052 223.25164981600506 76.78794917694177 215.53739428211915 Oyster-SemiOpen 0
63.64966148066742 110.40451443531607 11.802595667613787 38.84711232895506 60.14280853996752 3.8222607636407915 111.98984125287097 75.37956483315932 Oyster-Closed 0
126.30439758548164 550.319345696274 25.153208712945343 568.0516750734683 4.087914398769499 447.8981872128864 105.234486909103 430.1662795901269 Oyster-Closed 0
103.96625404013321 478.0116683911035 111.90459244360682 467.173285855994 130.53064376930706 480.81322947385 122.59235476369213 491.6515673701721 Oyster-Open 0
68.72430562412774 555.9501962780545 128.48120079841465 560.7490610726952 121.82747421313252 643.5817419357882 62.070589605136774 638.7829660130272 Oyster-Closed 0
0 149.743589 69.332745 149.743589 69.332745 269.401709 0 269.401709 Oyster-Closed 0
295.1355664701259 453.7318864242666 381.32070946398017 420.6426486887267 447.9169893122162 594.0697139157796 361.7325157945015 627.157747407703 Oyster-Closed 0
390.05444556292787 612.2431827641153 350.06635660058237 616.239531960415 341.1066172285791 526.6017444261182 381.0931866464671 522.6054719038534 Oyster-Closed 0
499.7894774919405 558.9147267757476 454.2677733134042 554.2618136431612 459.61508717155084 501.9622967211102 505.1358599233936 506.61516205572127 Oyster-Closed 0
301.6402711658884 163.41878024630475 301.6403009703208 187.35043074697072 275.8806797676516 187.35042366791717 275.8806902742799 163.41881373210663 Oyster-Open 0
583.7767293436627 0 613.2066443290387 15.632287924265293 558.5723734179919 80.40817825112956 529.1424859193648 55.58601144529757 Oyster-Closed 0
552.8937351941568 132.78390464718967 548.0964734817098 106.4838252418953 581.6256193909794 100.36799590821244 586.4229110722226 126.66803746157996 Oyster-SemiOpen 0
