118.05287199999998 529.382715 196.912302 529.382715 196.912302 640 118.05287199999998 640 Oyster-Closed 0
5.5640309999580495 8.038851957399039e-12 119.85151312706876 0 209.68359571605106 137.31423654716352 95.39632930216612 191.05156773732534 Oyster-SemiOpen 0
361.7330839407805 294.1942408832005 279.50448356801644 294.5029689695686 278.6674731268431 71.28789690537312 360.89376097384957 70.97917293272312 Oyster-SemiOpen 0
450.77963472875126 284.0527299086869 394.9687966804049 276.1459728351065 420.58892327222566 95.31429887527024 476.3983433595422 103.22095394945248 Oyster-SemiOpen 0
45.51237606341601 219.60373714778856 195.14028429446626 82.30130143958496 339.8378231818788 239.98462412785216 190.21220391638053 377.2846466256002 Oyster-Closed 0
115.96449523494812 510.18561456525157 16.87520641127776 517.4086124416156 0 13.55557067812126 79.228371395875 6.33290168892777 Oyster-SemiOpen 0
371.3668031355337 341.6959602698346 336.05668000585865 286.0998820864064 382.62311633217905 256.526773412295 417.9331974323577 312.1225102782854 Oyster-Closed 0
457.6656363232905 109.28009448870884 585.4797707732359 110.7080170779775 580.670247388116 541.1846522669613 452.85610993589216 539.756802816326 Oyster-SemiOpen 0
410.0838401407964 388.14820724463425 367.10037256227224 368.27517254116606 392.67769741891243 312.9597689227275 435.66058844779036 332.83264898686537 Oyster-SemiOpen 0
623.1528783818067 179.05608443491886 715.1971251399664 205.4365799102842 593.6391570766864 629.51964052728 501.59549450385384 603.1408631149242 Oyster-Closed 0
417.8597683771659 430.6172591097403 378.0794565407268 434.84905262576257 370.84267825273855 366.8255631087968 410.6221899975935 362.5938125120775 Oyster-Closed 0
399.1063537192531 639.9998308049471 210.5579634271271 647.0847512310349 197.40944760786078 296.942245753743 385.93784150492866 289.85766382328217 Oyster-Closed 0
187.91766299997107 639.0123459999666 183.6144445140235 422.99498777055254 381.3342154042766 419.05656133307076 385.6455302858376 635.0658509797422 Oyster-SemiOpen 0
