533.6191787204007 107.04000707747065 603.8941444291413 109.67426079262012 598.6537012428016 249.47261005980658 528.3787372879306 246.8383812443557 Oyster-Closed 0
460.441767240045 182.31699152091466 449.02932581193454 245.57244749593377 353.09235893713776 228.26363672834486 364.5051619310834 165.00864454748412 Oyster-Closed 0
447.86990757871536 149.945959299832 503.2469576573203 137.49121629141825 532.7061080873682 268.47065695005665 477.3290998113953 280.9252683229431 Oyster-Closed 0
367.05265409400454 207.9903204949181 418.90817032654013 263.88052284974384 382.2277216504881 297.91114807386765 330.3724810960557 242.0212121721719 Oyster-SemiOpen 0
525.5649812245974 340.93271094886904 546.9342926618265 237.6098946895927 612.2634474520601 251.1206998832763 590.8950072684092 354.44275178310886 Oyster-Closed 0
520.943914741656 417.7080947563226 450.84817025708617 413.4057246221971 459.5132830267539 272.2659614339275 529.6065626376367 276.5682571388552 Oyster-Closed 0
383.539624287514 286.4093426140871 424.9436860597052 271.699826217208 490.38856228136865 455.8961620153467 448.98470636057027 470.6052793005369 Oyster-Closed 0
577.0830877203844 501.3339957291328 577.084159593287 332.9018656244392 640 332.90288499996984 640.0005862333637 501.3333339934968 Oyster-SemiOpen 0
386.776817500795 345.7126457230097 422.767666155778 344.0264458000417 431.0637172705174 521.0778670528102 395.07287196560355 522.7640188792747 Oyster-SemiOpen 0
583.3911369779526 606.0887000464903 530.4878335873218 609.2193814154872 519.4061331338889 421.96320687466397 572.3056657669076 418.83263710457777 Oyster-Closed 0
