258.0385716354067 446.90616959417554 217.19931457912026 458.7893391926747 181.54058238433208 336.25246968052585 222.37839545035968 324.36952529628053 Oyster-SemiOpen 0
494.73395227003493 425.4546972642671 460.7759643949976 433.4620372938472 445.0584624730982 366.8129388442353 479.0158119843545 358.80567585548215 Oyster-SemiOpen 0
495.21905947440246 488.8421097828011 469.45054162970337 484.6596413123233 488.77912161107815 365.5953922591254 514.54665199999 369.7777779999945 Oyster-SemiOpen 0
439.98795232946577 281.163626141506 477.23647971171886 302.96140055855994 451.5744795170758 346.809920312624 414.3260472498514 325.0122748788432 Oyster-Open 0
548.5353304156888 84.97995218940203 586.9501748209586 87.4252269410168 579.2924952752219 207.72436561499927 540.8776522754488 205.27910718739352 Oyster-Open 0
184.83958850003546 501.9084501074031 197.3885807744955 511.8373231200806 172.04656693167635 543.8602660377695 159.49764517317817 533.9314718474932 Oyster-SemiOpen 0
361.8595536896464 493.5652652922871 399.3551047728397 494.481738993883 397.2753339340852 579.5535729255103 359.77978350259946 578.6371147701778 Oyster-Closed 0
379.66860666863795 582.4706691609497 405.84532532018784 580.8940757886901 408.71746366494335 628.5684171561109 382.54074661570485 630.1449935481218 Oyster-SemiOpen 0
392.08804783265805 218.76587604081973 434.18233059710474 214.32810072417155 443.75294105688226 305.10542219791785 401.6586643062328 309.5431582308215 Oyster-Closed 0
299.90186500341224 76.03617201293136 259.6166357713082 73.5192873146674 264.3571122169669 0 304.6422472158156 0.1611170629104381 Oyster-SemiOpen 0
325.9515475203807 0 325.95155081915436 37.12418436908811 301.2548886924924 37.124181285250714 301.25489165664476 0.0000010303938281774468 Oyster-Open 0
452.25198477040976 79.23295865475312 399.94651438282744 91.26464405895221 379.44923044211464 2.1564527795103245 431.7545466466254 0 Oyster-Closed 0
337.9319783257233 178.346717248141 320.4352434784232 175.4905009279885 330.5139282646269 113.7515406762493 348.0105471346178 116.6077473655941 Oyster-Closed 0
177.5558917579474 172.54592767153474 285.9784716853028 209.2704392962887 248.4816223989037 319.9683087996075 140.05925113910052 283.24419099979184 Oyster-SemiOpen 0
193.93387460091617 406.0363387713552 205.99919546461024 437.7570218447898 132.62440743586922 465.6612686013897 120.55956023272302 433.9409858052238 Oyster-SemiOpen 0
515.8132616920193 174.46316165936747 483.7530587722722 139.25425521115758 548.430225969787 80.36191831847947 580.4903170286707 115.57068135750713 Oyster-Open 0
402.34207390058145 295.77357847639706 359.92955406589317 296.71043780643663 357.67067716522433 194.43586824048796 400.0824370249029 193.49901708144486 Oyster-Closed 0
436.5448711097997 331.3189120962502 396.83558203541907 364.89720436251037 321.8213953763916 276.1921993607625 361.53000799997244 242.61437800002233 Oyster-Closed 0
416.67850135010667 297.5738723301812 398.31399605362094 320.9567564951292 344.9765762693278 279.06898142127085 363.3409920000122 255.6862750000244 Oyster-SemiOpen 0
274.6002430000226 0 274.6002882904577 77.38563764896153 209.45984906145895 77.38560605253387 209.45987710329064 0.000006508168622025542 Oyster-Closed 0
219.10222760561737 102.37142729974734 174.36700576014118 109.55831341865144 156.7660849999811 0 201.50108266003372 0 Oyster-Closed 0
107.63346480533073 61.60408725548358 177.46679686715652 64.25719451203089 171.0407037362893 233.39824911259083 101.20737311779521 230.7451670604545 Oyster-Closed 0
198.29265670399764 116.5419284516669 234.17263068680768 104.77342030700765 260.8358554746519 186.0634219010492 224.95590711187106 197.8318737191617 Oyster-Closed 0
146.2021927103342 83.36360976367826 95.49872165509441 90.96627802040976 84.95025851290848 20.61655702197134 135.65359356623958 13.01389908772686 Oyster-SemiOpen 0
122.11856765767152 299.60784299999995 71.54878041779739 299.607843 71.54914106875367 225.35947700000003 122.11819420277607 225.35947700000003 Oyster-Closed 0
127.11923800990917 456.7100553091752 167.19502864616516 456.2502559051541 168.1487321734312 539.3597065338645 128.0729416650138 539.8194988719307 Oyster-Closed 0
205.81721520378778 463.497726281254 220.29850587117835 458.8770668161871 241.1936051120574 524.3514932600503 226.71234077024565 528.9720944321335 Oyster-SemiOpen 0
273.9046964023146 639.9999685680762 273.9054079219204 599.215542245414 328.5580086331174 599.2164704280656 328.55781099824526 640.0003802736846 Oyster-Closed 0
300.42693954084825 414.08510639983217 352.6497318362817 409.28079205523596 362.8506675908284 520.147834624225 310.6278879583988 524.9520559819734 Oyster-Closed 0
