346.8096044252161 261.4782357255314 273.5703313277918 150.03323204158386 417.3103063788585 55.57273364463036 490.5492883028637 167.01648285937762 Oyster-Closed 0
453.9936860455782 158.48052646785604 527.7270408572804 147.66541863361735 546.0227955437585 272.3954099075338 472.28946507399087 283.2104088612465 Oyster-Closed 0
547.2158566321741 201.0663631835722 612.1320107492647 234.95890637796458 563.0290700772457 329.0033028923193 498.1131490000553 295.1111110000145 Oyster-Closed 0
640.0005484473513 337.11187199999995 591.0777651389799 337.11187199999995 591.0785372189275 184.888889 639.9999090855272 184.888889 Oyster-Closed 0
456.9628013006877 375.506292602195 359.1720255938708 363.92944278850575 379.9163381099788 188.72818998473986 477.7035951332073 200.30483166120317 Oyster-Closed 0
237.37721066550876 258.4983469261813 310.3769831120735 289.76952316224117 251.17823321692413 427.95172434320926 178.1788178064744 396.6811531746617 Oyster-Closed 0
364.42496326737455 421.3277266137512 291.5384367619117 417.764322079638 296.5276468634693 315.74631733516134 369.41212426543643 319.3096714883888 Oyster-Closed 0
442.6761695789173 341.5081187576113 524.3468382974243 287.5811490034286 617.4785292359593 428.6132174100534 535.8089296856633 482.53889094979314 Oyster-Closed 0
461.72286219822126 40.79093880877772 526.871981664226 0 585.7459028315498 39.44364889017267 520.5968674030009 102.05297531740003 Oyster-Closed 0
652.6446804503212 537.0718497280266 602.3687168881588 560.6263757532174 534.6602177886234 416.12924150039487 584.9337561218999 392.57538159086914 Oyster-Closed 0
389.9240318671218 375.90280100191353 494.6441533329198 357.1388872658853 534.9566873517324 582.0870100974696 430.23677517237957 600.8501619039819 Oyster-Open 0
275.1956096619688 410.6663628819521 352.4796946270362 439.39811308812784 286.955404878172 615.6152998368569 209.67185287881875 586.884577797705 Oyster-Closed 0
338.31520272564376 434.2629667893116 384.2271300631546 433.14076534166804 389.0419330351142 630.0876856405217 343.1300077614287 631.2098432709927 Oyster-Closed 0
555.091865 520.888889 637.061243 520.888889 637.061243 640 555.091865 640 Oyster-Closed 0
